150
18 1659 9
21 160 5
11 971 1
23 170 4
53 1064 4
31 917 5
18 1430 3
13 1374 5
65 356 1
112 1401 3
18 225 1
71 515 3
17 418 8
11 682 1
9 122 5
93 1234 1
86 463 2
115 1235 4
21 1938 5
87 252 6
26 106 6
46 662 5
35 390 4
35 326 2
17 1548 4
65 377 5
9 1865 2
11 177 3
47 266 7
17 29 3
37 152 1
27 918 7
107 480 4
10 438 5
110 1357 3
10 1609 5
14 353 2
10 1848 5
36 387 5
17 430 3
22 1134 6
91 59 6
7 387 6
7 925 1
8 68 4
90 1403 6
24 288 5
17 680 4
22 586 6
36 214 5
96 3 5
86 318 4
15 112 5
20 141 4
21 771 3
18 105 7
90 389 5
9 1954 2
24 409 5
47 1332 8
12 229 5
34 806 4
37 333 1
8 363 4
20 173 4
26 54 7
33 1186 8
115 254 4
7 904 6
40 296 3
101 0 2
75 1159 6
100 384 3
96 1541 4
8 384 5
13 359 4
30 279 3
10 4 3
21 1532 4
39 736 4
40 401 1
42 1764 4
14 1932 5
49 166 5
35 1495 3
39 242 5
45 655 3
9 315 6
91 658 1
119 1815 4
7 390 4
96 98 7
53 178 4
17 1689 3
106 186 5
23 1052 2
84 405 4
41 1194 3
105 1088 5
10 1102 5
9 1510 5
22 1447 4
29 1435 3
11 1957 7
10 88 5
29 1814 5
26 898 1
101 24 2
39 166 5
26 244 4
36 623 4
81 108 1
109 408 3
64 1881 3
13 390 5
10 254 5
57 1915 5
114 1606 4
49 1434 3
16 1785 3
39 139 9
87 636 7
82 423 3
40 331 6
38 415 3
36 355 4
83 368 3
59 1936 3
35 981 7
22 209 6
19 361 5
115 337 2
17 434 5
38 486 4
36 95 3
24 1054 5
21 234 1
120 1753 3
70 180 5
20 742 8
98 72 6
100 1174 7
8 130 2
16 860 2
82 884 7
46 196 5
29 1437 7
30 473 3
65 790 4
81 443 4
