350
19 255 6
28 113 4
27 1 4
13 217 6
90 2356 4
35 244 3
107 1256 2
21 431 4
5 3783 6
16 3437 3
18 3635 5
8 661 6
36 1276 6
39 3230 4
21 3685 2
24 26 2
22 55 3
99 245 7
23 586 1
32 296 6
32 351 5
15 523 5
120 749 1
77 1869 2
38 1252 4
38 1529 7
31 451 4
102 129 6
33 865 4
50 1302 6
32 407 7
30 994 9
46 3160 4
95 1549 4
88 3406 4
13 1839 7
32 201 3
20 3787 5
21 3296 3
68 3563 8
30 603 4
39 3691 3
8 2434 3
38 1503 1
9 3811 3
30 3664 6
108 326 4
21 3176 8
51 1961 8
38 3767 3
13 292 3
19 931 6
115 273 4
36 311 5
108 575 8
17 438 5
107 333 4
84 619 2
15 461 5
29 55 1
30 1277 7
12 26 7
87 683 3
15 315 5
8 463 5
47 71 4
8 3627 4
18 1296 6
59 1896 3
23 1132 4
109 2824 7
22 169 7
60 3691 3
31 331 6
10 1180 6
63 2044 4
36 1509 6
12 312 2
36 1614 3
12 1140 1
19 771 1
52 613 3
12 3235 5
34 378 5
54 121 6
95 2456 5
87 524 8
36 429 4
39 3265 4
15 191 4
18 358 3
12 2581 4
110 688 5
15 311 5
115 30 3
7 1953 5
8 946 1
63 1827 7
17 779 5
10 774 3
17 350 3
25 125 5
28 917 7
44 174 6
24 1952 5
8 342 5
9 1456 9
84 2357 6
21 615 3
17 97 5
34 3351 7
80 815 3
50 1686 7
25 3227 3
21 645 5
51 811 2
14 1929 4
77 1581 3
12 690 9
58 882 8
85 511 4
29 351 5
73 3347 5
22 3538 1
23 182 4
103 715 3
9 2292 6
37 495 5
5 3115 5
12 3525 8
19 193 6
19 2696 6
7 345 3
25 82 4
9 1219 6
20 22 5
29 2525 6
38 763 5
20 1036 5
32 593 4
22 1941 1
26 2793 3
40 369 6
8 663 1
77 666 6
70 680 5
6 692 8
12 899 4
31 935 4
21 108 4
13 1964 4
92 2187 1
20 3503 5
32 39 5
32 677 9
5 120 4
12 530 4
24 441 6
103 3714 6
36 682 3
76 1586 7
12 445 8
36 1892 1
33 811 2
25 591 3
120 1925 3
92 1506 9
22 705 1
110 871 2
14 618 5
28 1 5
59 2395 5
14 8 7
33 837 3
75 113 2
66 1114 5
26 205 6
24 2848 4
69 1524 8
7 1249 6
71 959 7
23 1638 2
37 846 5
5 1119 5
93 660 6
8 3705 4
9 802 5
5 2774 6
86 2260 1
18 3371 1
30 63 7
15 91 6
23 172 2
27 353 3
18 595 2
29 183 3
7 532 4
53 925 6
50 181 5
15 2489 5
38 234 4
40 1089 4
44 909 6
21 2934 2
5 1938 4
12 3833 3
14 3169 6
22 2346 9
33 152 2
35 2928 4
30 945 2
29 1410 4
7 195 2
6 378 4
116 2525 2
39 3527 4
27 268 4
10 2170 7
44 883 6
5 152 6
50 1982 7
61 327 1
20 669 7
6 1029 6
21 188 7
34 1394 4
49 1243 8
82 541 5
26 65 5
65 367 6
12 3225 2
12 627 4
22 821 7
36 859 7
12 98 2
52 398 4
7 1604 6
118 1879 7
28 3344 6
32 146 9
26 39 3
23 810 7
25 2519 6
15 248 5
43 1710 4
36 137 5
5 47 4
18 2644 3
17 599 3
13 2986 2
12 355 7
17 75 5
31 770 4
31 92 7
106 3642 5
17 816 5
15 373 2
79 1254 2
21 310 2
34 12 3
67 3134 5
32 89 5
37 197 5
21 643 6
118 3754 4
63 2392 5
10 755 2
7 800 3
19 488 6
19 1704 7
5 781 9
8 819 8
23 635 6
15 1649 3
8 257 2
13 287 2
106 717 4
16 234 7
15 572 5
37 812 2
107 2282 7
26 44 6
40 2279 3
43 659 5
20 84 8
95 2317 4
40 582 4
65 563 4
17 422 3
5 2962 2
27 922 9
77 3767 6
51 1857 1
43 163 6
17 458 3
100 2274 5
40 2334 6
12 170 6
53 2125 5
18 2157 4
16 101 6
105 110 2
9 182 1
7 177 5
19 488 2
35 53 6
88 2225 5
36 731 5
26 1942 7
73 2171 3
8 876 6
58 2578 1
79 1895 6
42 938 6
77 716 5
28 431 6
17 2902 8
23 802 5
36 2805 1
106 3673 1
31 3121 5
35 719 4
27 760 2
6 3770 7
23 293 3
23 1433 4
27 1925 9
89 890 3
11 3158 7
28 1449 5
6 2320 6
20 677 5
5 635 6
18 2401 3
31 3755 10
10 537 6
10 95 3
43 112 5
31 766 1
21 425 4
27 2244 4
43 240 4
13 716 5
19 1602 5
57 2216 3
52 627 2
5 2736 4
36 2300 7
68 2873 5
23 226 5
