400
9 1096 7
23 660 4
32 2354 2
32 3586 5
91 3551 6
29 1035 5
104 319 4
33 191 7
37 231 6
97 250 4
37 1351 8
22 1314 5
12 1538 5
57 2636 5
97 3570 3
108 833 8
20 980 6
57 3342 3
8 1027 4
24 3501 3
110 462 4
6 3028 3
7 3767 6
40 361 4
18 1947 9
27 1053 7
13 129 6
19 3063 4
92 799 2
7 2886 5
108 2100 4
8 798 3
22 1460 5
5 505 3
24 759 2
6 332 5
18 840 7
40 2745 2
24 553 2
26 4470 4
15 230 2
39 909 6
22 169 3
19 1634 6
28 1030 3
95 2939 4
6 335 6
8 466 10
30 3479 4
9 752 5
80 694 4
28 381 5
72 244 4
21 979 5
25 2819 3
11 3198 7
22 277 6
20 4009 6
13 520 2
15 1012 6
31 742 8
33 709 2
6 2881 4
104 1773 5
31 1627 2
43 4293 4
19 654 3
53 460 3
13 2349 7
15 4338 6
19 380 6
12 912 5
5 1920 4
108 2286 2
16 4035 3
33 913 8
13 963 2
31 4242 6
21 4492 3
89 318 4
12 4667 4
11 616 8
27 925 5
5 1156 6
19 258 6
21 3885 8
25 949 2
29 2637 6
22 2295 6
30 485 6
9 938 3
29 3675 7
39 1490 4
35 4273 9
18 3245 3
18 459 2
59 1520 3
11 835 3
86 1922 8
28 1301 3
35 492 3
39 513 2
105 1161 7
44 2589 8
11 82 6
34 49 7
9 415 6
9 74 2
29 789 4
5 4350 3
114 247 5
38 4275 5
28 104 4
29 202 9
12 466 6
5 1606 9
29 3723 8
76 3615 4
108 184 7
34 510 6
11 410 4
30 636 5
19 4682 2
23 497 8
107 2890 7
73 943 2
41 1336 1
46 782 6
19 790 7
8 4312 5
39 773 5
14 13 7
20 1048 4
22 4119 4
105 199 6
37 3003 3
45 676 4
40 1653 1
112 2819 4
9 4635 9
34 4513 5
11 196 3
68 1521 4
112 263 5
32 515 6
118 25 2
17 4112 7
17 862 3
35 1252 4
24 145 7
59 2778 4
17 1351 4
25 2253 4
15 3754 8
40 652 6
6 135 5
13 580 5
19 64 3
24 870 8
17 566 2
27 3314 3
60 2652 3
62 526 2
18 393 4
94 1254 7
74 4525 3
109 391 5
111 529 3
72 3586 4
39 317 3
16 2371 4
31 1955 1
112 2150 4
40 702 3
12 1166 5
23 3518 1
39 3388 2
96 746 5
24 827 4
49 867 2
105 794 3
26 3487 5
5 351 5
41 529 4
27 396 5
40 567 6
37 2149 3
36 823 5
27 2431 3
23 256 1
9 2204 6
9 3569 4
26 151 1
40 3558 5
117 1598 4
9 2830 7
22 1923 7
31 1749 4
17 3610 5
22 3372 7
19 3161 3
109 315 1
30 479 4
20 4219 3
10 1944 6
16 76 1
16 766 3
120 3979 1
13 3080 1
16 593 1
31 1586 6
28 2850 2
14 342 2
9 4462 2
80 1143 6
31 9 1
23 1110 6
6 1910 6
86 1079 4
34 3840 4
32 2377 4
10 53 8
12 946 4
28 3 3
31 1733 3
51 970 8
25 1177 5
41 4563 5
98 110 3
77 73 4
9 2371 2
25 3123 5
21 785 4
112 602 5
32 3271 3
26 2238 4
102 416 4
31 1207 4
32 4066 3
24 553 5
30 2432 5
13 2276 7
83 1325 1
21 907 9
40 731 2
23 345 7
41 500 4
49 2516 5
17 4547 5
40 1008 4
26 2572 5
38 4356 4
37 3869 6
6 2582 7
5 3776 6
55 2499 9
37 3689 3
117 2121 4
7 1087 1
34 216 1
26 2065 2
54 3856 2
24 2440 4
10 1243 7
20 1525 6
32 4041 8
15 154 1
107 267 2
19 1055 4
10 46 7
21 4249 2
75 644 2
35 1160 8
6 813 5
11 380 7
14 2536 8
30 2820 6
31 52 5
20 857 4
12 886 5
18 3599 1
76 3006 6
10 1145 4
12 349 2
23 781 2
71 490 4
38 3379 6
26 1005 2
18 3001 3
23 146 3
9 3 7
37 375 6
78 716 4
95 1233 5
7 3451 1
23 1619 5
11 122 6
6 1712 5
26 2803 9
33 2930 4
14 673 4
17 925 3
23 2123 6
8 1741 8
50 93 2
26 4418 3
6 889 8
49 254 5
31 4700 3
79 439 2
15 4602 7
82 2495 8
120 908 4
14 2977 4
18 2657 9
11 1999 5
76 3360 5
15 1151 9
79 765 5
67 583 5
114 3328 8
31 316 4
53 4556 2
18 363 1
86 2469 4
13 4373 4
120 801 8
37 2253 3
97 709 5
22 489 1
6 832 6
109 1894 4
20 562 1
49 536 6
39 1052 5
6 4453 4
65 3056 5
110 1973 3
24 476 5
58 407 8
6 136 3
82 865 6
28 1698 1
33 1510 3
110 4354 4
27 392 5
108 2133 5
12 1960 6
28 4665 4
48 1019 7
5 2871 7
28 120 2
114 3933 6
8 1298 4
20 114 4
61 2571 4
22 2693 3
39 4176 3
40 2928 3
56 443 4
93 448 6
32 806 5
96 454 1
104 358 2
118 3950 7
119 273 5
115 2977 6
38 4218 1
86 1147 4
31 422 4
16 644 6
33 946 5
59 382 2
40 1947 5
26 1099 5
19 942 4
26 2733 4
24 166 2
45 3106 8
65 726 7
9 264 5
76 3055 7
32 49 3
47 3331 4
11 821 4
114 3846 3
17 3935 6
5 144 10
15 3378 6
33 467 5
23 2341 1
40 969 6
39 192 5
10 24 3
47 18 3
92 4081 6
89 902 5
13 2053 6
30 2092 9
112 1364 3
