450
29 426 4
8 3699 2
9 1165 9
6 698 5
9 1174 5
106 3093 5
31 1034 1
54 2280 6
39 826 5
39 602 7
27 223 3
10 1726 3
37 3238 5
33 4734 3
36 1268 4
61 682 4
91 505 6
97 2516 4
36 1270 5
31 293 3
32 4271 4
19 758 5
44 922 7
27 4823 4
15 253 6
59 857 1
44 632 9
9 438 2
25 322 9
13 4078 3
48 649 5
85 1835 4
62 4 5
33 933 3
6 3928 6
40 4259 4
30 107 4
28 903 1
65 1266 7
20 695 5
6 4317 2
7 2803 5
35 4701 6
8 4654 4
18 3888 2
92 2591 1
29 1188 7
93 488 2
15 2903 5
16 3311 7
31 1087 4
30 784 2
69 3162 6
105 1155 2
98 2456 5
27 310 5
16 5048 1
37 3884 3
5 67 6
97 212 6
34 172 6
26 887 7
46 5030 1
21 707 4
25 844 2
97 701 4
23 751 3
101 6 1
35 967 8
28 5004 5
119 1007 3
86 100 5
107 2619 4
60 3973 2
32 3966 8
113 538 4
6 889 5
37 3839 5
9 4773 4
12 471 3
110 4427 2
27 981 3
27 4495 6
17 415 7
34 882 4
83 1074 7
27 684 4
63 238 3
7 1195 4
120 585 5
35 483 4
34 1027 5
75 947 4
10 3047 4
34 4075 7
6 5027 10
35 457 6
35 927 3
52 1989 6
65 2509 1
44 2624 7
17 716 3
36 339 6
45 1786 4
42 973 4
21 4160 1
7 4159 5
81 933 2
5 800 7
97 4540 3
5 2730 3
61 987 4
27 1005 6
8 3322 5
24 2114 8
8 373 1
10 448 5
117 4708 7
16 3315 9
64 3087 4
55 5 4
49 1296 5
24 4694 7
20 1853 6
10 2626 1
28 944 5
116 1772 5
117 657 4
39 581 6
38 397 5
21 1205 2
25 4756 5
8 2241 4
16 235 1
77 336 3
24 4872 3
18 313 6
19 3603 4
5 513 6
47 4250 1
10 519 3
29 4741 5
40 4960 7
35 679 5
35 1204 6
32 1916 4
22 465 6
57 2303 4
96 96 6
21 4351 4
50 4590 2
104 365 6
66 799 1
105 1056 10
6 1529 4
7 2801 8
28 5 2
33 369 4
18 3539 5
120 2910 4
23 1241 1
48 858 4
17 1325 6
10 3280 4
15 5111 2
82 926 3
34 1919 6
40 708 3
5 622 6
16 2515 7
35 5065 4
16 2920 2
12 1236 5
27 4288 4
17 1051 3
16 4106 6
23 394 1
38 122 5
83 1136 4
65 4086 6
66 67 4
70 4295 1
34 142 3
11 578 3
91 750 4
114 2904 6
36 1271 2
17 748 9
40 455 6
84 547 5
18 4946 2
9 2100 4
17 1201 5
22 576 5
71 2375 4
13 3142 10
49 173 4
24 677 4
71 369 2
13 3938 2
19 925 6
39 10 9
24 302 2
31 5029 8
29 1203 4
17 4875 3
10 604 6
10 1000 1
24 523 2
6 3150 6
33 214 5
29 1262 4
87 5108 3
15 3620 3
32 2036 5
6 2019 7
29 2077 4
6 1960 6
61 3342 5
17 1039 8
46 133 1
41 1329 2
10 571 3
31 1149 7
9 2877 5
108 999 4
33 3993 4
13 588 2
35 145 4
32 2979 8
20 309 7
27 1386 7
19 1152 3
29 409 3
23 906 3
37 81 3
23 686 2
9 1030 4
12 1990 4
26 1241 4
37 886 7
16 2362 3
25 779 5
110 351 2
86 3391 4
104 3993 5
21 1190 5
25 2906 8
40 1774 8
38 712 6
21 1009 2
108 545 3
21 734 3
11 3469 3
13 944 6
73 1206 3
13 281 1
20 5053 8
26 611 7
7 2647 1
78 967 5
10 25 4
17 3958 3
35 3816 5
32 3097 9
97 432 5
28 4067 4
107 4052 3
113 434 8
24 2619 3
13 4067 4
39 1617 5
6 2250 3
10 1887 4
36 243 4
18 732 4
13 5095 4
5 927 3
8 651 9
37 4633 4
31 612 5
25 3843 4
74 1706 5
45 3136 3
9 1156 1
28 1024 4
78 637 3
12 2606 6
31 4250 6
5 5008 5
37 483 3
25 571 4
8 112 2
79 4988 2
94 3083 5
18 241 7
19 1134 3
5 2028 6
37 3739 2
38 2678 3
16 2183 4
17 678 6
11 767 4
16 4990 3
15 29 6
30 1891 7
26 300 3
11 3406 5
31 3559 5
19 60 2
88 155 3
24 1138 6
81 2165 5
11 1153 2
35 1055 9
19 829 3
24 1269 5
35 1207 5
12 2728 6
29 3471 8
18 916 4
7 3413 3
27 1098 2
18 0 6
101 4059 3
41 804 6
100 338 5
107 1011 5
61 1 5
111 575 5
15 3116 9
45 162 5
20 1392 1
19 3276 5
40 871 6
84 3034 4
36 1026 7
8 2589 5
18 2495 4
24 962 6
101 3276 5
94 1251 2
7 543 7
9 712 3
83 4048 2
115 1434 5
29 1390 5
15 3812 2
19 390 4
45 95 4
56 4212 3
28 1777 3
14 783 3
20 1015 1
58 853 7
33 2748 1
10 1184 3
26 521 8
46 753 5
104 4972 5
8 957 7
11 1132 5
71 635 4
15 1780 4
11 65 9
21 4577 5
18 4889 6
13 3237 5
25 20 6
46 3326 4
63 2262 3
37 674 5
26 3731 6
23 835 3
35 1757 7
14 4736 3
28 2071 1
112 1836 5
36 2168 1
8 1023 9
18 2979 5
14 3958 4
41 3548 7
29 2367 4
23 3293 7
31 2306 2
17 231 5
10 2275 1
37 154 5
29 4217 7
111 4911 5
32 653 7
15 2883 2
19 596 2
13 2349 6
21 3069 2
120 2973 7
24 1983 8
63 2364 6
18 1104 5
18 93 7
99 2087 7
16 1197 5
100 1139 3
12 4541 4
24 681 5
27 958 6
13 2832 3
32 3728 4
29 964 4
20 396 3
39 621 3
19 154 4
28 3295 5
105 1555 4
109 3805 5
24 311 4
92 1092 2
22 4215 5
29 717 4
14 1218 1
27 1456 6
55 2740 5
6 1106 6
96 2043 2
10 367 5
24 233 4
15 40 5
7 749 2
19 808 6
99 698 6
36 789 3
40 273 4
24 356 3
25 3433 3
12 73 6
77 3939 5
100 969 9
28 448 4
90 3638 4
34 5072 3
17 4549 4
5 1081 4
24 334 6
101 3923 3
37 3533 5
24 737 6
7 780 1
30 858 3
34 2206 6
