100
22 345 4
40 607 4
107 1143 5
10 221 9
30 11 5
72 125 3
40 476 3
31 138 6
22 44 4
18 756 3
80 111 4
12 75 3
65 152 2
15 102 4
31 118 7
28 7 2
83 66 5
15 63 5
92 114 6
6 912 6
19 66 4
65 1004 4
9 814 5
38 175 4
11 68 3
10 152 6
32 113 7
26 992 5
82 738 3
5 120 6
33 12 4
24 297 6
76 7 5
30 89 6
14 1141 1
6 963 5
106 139 4
21 288 4
14 333 2
40 388 4
97 45 6
52 906 2
57 388 5
76 807 5
21 285 3
112 71 5
22 222 3
13 838 4
83 424 6
5 480 5
32 1096 3
25 617 4
71 19 1
34 93 5
25 302 4
19 29 3
105 28 3
37 225 6
10 51 4
62 244 5
21 342 4
37 54 5
28 747 5
30 64 1
28 1229 3
45 918 6
17 216 2
15 58 7
14 253 6
28 442 3
111 636 8
85 3 8
102 247 4
9 304 6
9 187 9
117 253 1
6 90 2
31 575 5
29 60 6
69 3 1
115 311 4
20 1033 2
58 102 7
56 1177 5
28 41 4
86 140 1
36 2 7
16 143 5
106 571 6
65 236 2
31 546 2
65 1012 5
49 1057 4
66 485 2
27 762 4
26 38 8
10 150 6
6 1137 7
16 857 1
21 587 6
