500
35 305 1
40 840 5
43 2283 6
5 3508 2
7 2888 7
34 4 4
29 3671 5
106 540 7
16 184 4
105 3291 5
8 1454 2
33 508 4
38 1873 2
14 818 5
80 738 4
13 5794 6
26 3674 8
40 468 5
113 3054 5
28 343 6
34 1231 6
17 1369 5
35 1484 6
63 5102 4
12 3589 7
25 5788 5
109 4203 4
15 5261 4
15 873 5
26 4000 6
86 404 5
104 1345 4
11 138 5
29 719 6
24 1009 5
39 5197 8
113 1688 4
107 3643 6
65 715 6
88 94 3
20 4092 4
9 4886 5
23 72 1
27 3932 1
63 2698 5
24 1263 3
78 3879 1
61 652 1
14 2771 3
12 1342 1
22 311 1
104 557 4
75 2791 8
26 4151 4
92 1813 7
66 564 3
16 874 4
60 407 6
34 674 6
17 2247 4
19 5215 6
88 1888 7
34 3542 5
9 142 8
12 2574 9
19 1300 7
25 1458 1
28 229 7
79 1383 2
10 3449 6
39 4425 5
21 957 4
24 1381 3
31 2625 5
53 4225 3
34 968 5
88 268 1
36 4791 4
27 985 3
113 1013 1
81 549 4
61 2204 4
20 205 4
9 522 5
33 370 2
16 1494 7
34 2772 5
14 4431 6
38 4462 3
56 800 2
35 333 3
30 1446 4
35 4604 1
45 4496 5
110 5584 4
27 243 4
16 4258 5
11 1000 5
42 1410 1
104 5504 8
30 5236 4
56 128 5
35 517 4
6 1305 4
106 1057 4
78 2736 2
76 3341 2
24 234 7
12 221 6
10 619 5
26 2617 4
58 414 2
29 4321 4
11 935 6
13 631 4
31 846 2
15 576 3
31 82 4
13 1850 5
16 5885 3
10 3626 4
17 3701 3
34 4066 10
41 4944 4
18 79 1
108 272 8
25 2985 4
27 1163 4
35 5172 3
29 619 5
71 921 1
20 3072 6
23 2740 2
7 4142 9
39 2365 6
23 3519 5
9 3733 6
5 3010 7
119 670 8
26 5825 2
12 5720 1
31 855 1
10 21 3
7 3331 4
36 1290 4
33 472 3
5 5902 3
60 278 2
83 1657 6
30 815 6
15 12 3
11 320 1
13 856 8
6 7 4
120 384 3
20 1713 6
5 2125 4
104 613 4
44 340 5
11 3317 6
19 3480 5
27 2172 2
28 641 7
91 1121 2
77 2727 4
13 5121 6
57 498 9
73 5126 1
29 3781 6
9 775 5
51 3452 3
59 502 5
24 1509 4
7 65 2
92 3294 3
47 3422 6
37 4656 5
6 1471 4
6 726 4
22 188 4
19 688 7
28 1552 3
40 3872 7
10 5165 4
117 2018 5
5 936 2
84 1026 6
14 5151 6
97 85 3
21 5338 6
54 218 6
7 374 1
30 3443 1
71 3429 5
37 819 5
9 237 3
101 408 1
92 504 8
32 756 6
106 4723 5
9 2215 4
114 1011 8
24 601 6
41 1089 1
27 3745 6
28 4780 2
10 1227 4
28 30 5
20 415 5
116 1140 5
86 1192 3
25 2223 7
27 236 6
43 4302 2
109 1462 2
26 1558 6
15 931 6
18 2472 7
9 151 5
36 72 4
15 696 3
67 5231 8
32 3298 6
45 5225 1
7 1135 4
20 4661 6
36 922 3
30 3964 5
96 1525 9
39 274 1
16 426 4
62 208 4
5 2415 2
14 1831 4
18 817 6
18 5479 5
14 5726 7
35 4945 6
32 1460 4
16 2507 2
25 2482 8
7 271 7
26 414 6
26 5366 5
44 21 4
34 1407 6
11 436 3
119 1239 2
33 320 2
39 3729 3
19 3048 1
24 656 8
15 3985 2
5 5221 6
66 1102 7
15 1533 4
32 2258 6
61 1041 3
57 4 1
35 5158 2
5 4018 9
8 5199 7
101 2125 6
13 664 6
25 1925 4
13 4239 6
25 497 8
8 354 3
9 2796 3
31 940 4
19 4786 5
68 117 5
31 3913 2
30 1305 3
101 4574 3
24 1083 4
79 3318 3
13 94 4
25 801 8
14 1980 5
37 288 5
67 388 4
28 1155 4
13 1100 4
5 3880 4
32 999 4
26 180 5
24 3834 3
18 432 5
28 3178 4
34 766 6
61 3659 3
29 3750 6
21 4582 6
19 1437 4
10 100 3
98 22 3
80 1413 2
17 2048 6
115 3043 3
64 1322 3
17 536 2
114 1043 5
91 3472 6
8 4847 3
45 1222 9
34 830 7
28 1267 7
7 43 6
47 1162 2
28 2521 3
65 573 9
40 955 6
15 5340 6
32 1725 3
26 1601 4
44 851 3
30 2855 3
13 49 5
18 1254 2
32 3189 8
98 5 1
111 1241 3
29 2006 5
76 4311 9
78 891 3
15 3217 3
15 3694 5
23 1385 1
98 1102 10
26 2601 3
24 3681 6
34 5128 4
10 51 7
26 854 8
6 646 6
26 3452 2
99 1739 2
9 1895 6
102 643 4
15 560 6
21 414 4
76 2896 3
86 142 1
23 953 4
28 2410 8
12 918 1
23 1414 7
23 166 3
6 249 4
113 3590 6
45 1402 3
17 3175 3
35 477 1
111 5402 1
25 1159 7
19 4576 3
69 1346 8
31 5405 9
9 4259 4
58 811 2
10 1406 8
111 4848 4
5 3229 4
48 1414 3
23 5499 7
30 976 7
14 5724 6
114 921 7
112 484 4
110 511 6
16 150 6
110 4115 5
54 343 9
31 421 2
62 3219 4
28 5484 1
19 5434 4
48 1758 4
34 340 4
96 3431 5
82 1127 7
29 3982 6
6 3227 3
55 658 1
40 1364 1
107 479 3
38 349 2
118 2839 5
13 5874 4
96 1303 3
37 3063 7
38 2864 7
20 519 5
107 792 8
105 5634 6
22 4080 3
32 1107 3
24 1 7
17 568 3
8 5180 4
28 788 6
120 237 5
82 1010 5
11 5228 5
10 2748 8
24 14 6
30 652 5
6 1007 4
27 149 5
9 5374 9
52 1486 5
53 4017 2
28 134 4
11 5760 6
22 2232 2
98 1005 3
7 1190 5
65 5842 4
27 1270 4
22 4686 4
28 1110 5
39 2063 1
9 620 6
19 822 4
20 125 3
28 4406 4
62 1122 8
26 4278 6
96 5585 4
33 5473 5
31 1249 4
67 1299 5
27 363 4
21 4825 3
11 303 7
18 2632 7
21 130 4
32 5483 5
33 1151 1
31 3313 4
12 3562 1
6 148 1
74 273 1
9 5022 2
5 1359 2
61 1521 7
35 4616 6
41 3553 7
7 992 6
26 2601 4
14 4151 4
28 5683 3
10 4747 3
13 2601 8
7 1236 8
27 460 5
36 2663 4
25 2033 5
12 650 4
17 4844 4
17 1200 1
85 1698 6
67 1783 8
9 1241 3
30 1346 4
19 5821 8
60 5364 2
9 4323 6
98 1614 3
25 744 5
101 2568 6
117 1204 4
33 1825 2
63 1289 4
10 1856 6
38 4871 6
114 2250 5
12 875 3
46 168 4
18 5314 5
110 635 5
35 676 7
60 1453 1
23 735 4
10 1474 6
27 157 3
16 4757 3
17 778 3
29 1647 4
49 5302 4
14 2403 2
72 1199 4
23 4604 6
16 5601 9
50 330 6
36 290 9
8 3615 3
31 47 4
111 5470 3
