250
7 2943 5
39 1827 5
34 1744 3
56 2311 4
21 202 2
109 707 2
11 1673 3
79 998 6
66 918 4
22 2194 2
22 309 3
28 2757 10
38 780 8
105 3002 5
15 358 4
44 131 2
12 1992 1
63 1630 3
40 678 9
5 514 9
76 736 7
49 1251 3
12 436 6
33 29 3
107 3030 1
112 444 4
13 736 4
86 1872 6
78 726 3
20 1187 7
96 18 5
17 1348 3
34 3135 5
20 473 7
8 2257 6
15 2013 6
32 2835 5
28 77 7
34 108 6
41 68 9
25 2870 5
17 2574 7
99 256 6
90 2742 5
37 2521 4
27 1473 4
28 102 6
17 1639 2
10 14 3
57 354 4
27 339 3
30 1076 4
38 2350 8
97 2058 6
35 704 4
8 66 4
48 1470 5
49 604 6
27 144 6
14 1471 3
55 7 2
79 1530 5
26 1870 3
104 2955 5
39 110 6
36 266 6
23 2087 5
110 537 7
41 454 3
14 1142 3
5 2658 3
25 442 2
57 221 5
17 190 8
74 755 5
36 75 9
6 2152 5
88 2318 7
27 593 6
76 267 8
42 565 7
49 753 4
29 58 7
22 248 5
36 2995 5
111 3064 7
62 139 3
6 20 7
20 553 4
23 771 7
10 425 5
25 897 1
36 600 6
26 3014 6
15 54 10
98 64 8
35 1990 6
46 1519 6
107 981 3
109 596 7
103 406 5
29 345 5
32 14 5
98 259 5
58 148 5
70 273 2
26 316 4
35 140 6
52 107 6
102 1957 6
27 2142 6
79 1531 7
70 2271 7
18 21 5
7 423 5
8 2958 5
36 483 5
49 40 4
61 310 1
43 2776 4
35 677 5
27 179 4
48 1129 3
28 250 3
11 663 2
25 2317 5
31 141 4
75 211 4
85 534 5
7 292 3
25 124 6
22 676 3
35 215 2
22 1734 6
40 2984 3
98 45 5
46 2410 3
109 507 2
32 2763 7
17 2757 4
12 545 5
14 1076 9
23 398 5
8 46 7
19 59 4
23 279 4
75 622 3
35 134 6
32 2806 3
17 2551 5
35 287 3
107 327 5
34 158 3
11 574 3
29 605 4
37 1214 3
54 348 2
106 60 7
36 3104 1
11 1122 2
75 159 5
38 319 5
9 789 5
100 116 2
22 204 2
39 2377 5
65 2699 6
46 1704 2
22 523 2
94 1157 5
26 783 3
7 1106 4
54 1285 6
98 137 7
7 701 7
22 2089 2
24 2850 4
32 64 5
24 301 10
58 2465 10
34 597 6
69 2863 4
12 2141 6
56 356 4
59 1537 5
27 3083 3
97 2891 5
30 2926 3
46 1348 3
41 231 6
17 145 2
118 114 6
33 1205 8
39 302 4
23 133 3
18 1235 1
31 710 8
57 557 4
7 2869 7
21 2012 3
18 237 5
57 1293 3
65 2592 5
18 503 7
99 649 8
29 73 4
34 1196 5
13 482 8
97 46 3
18 36 4
40 267 1
100 240 8
6 395 4
25 589 1
88 1431 2
40 181 3
31 1161 5
22 693 4
63 1941 7
6 383 1
11 490 5
90 636 1
20 1946 6
27 580 9
20 680 6
40 754 1
38 2635 6
32 2290 2
23 655 1
34 677 2
33 228 3
105 510 2
60 2245 5
21 235 4
23 1689 6
55 615 9
24 102 6
40 2169 4
35 551 5
15 221 6
39 1004 5
28 2642 7
11 1226 3
49 444 2
22 171 7
36 1409 6
29 760 6
7 743 7
24 727 1
110 44 5
