200
22 1893 4
118 453 6
91 490 2
15 1486 3
26 1827 4
10 465 7
13 274 7
91 521 1
20 384 2
76 355 6
98 2223 4
45 527 1
20 510 5
41 1501 6
85 99 4
6 550 5
17 1017 2
33 309 7
22 547 3
34 47 6
15 9 6
13 111 3
25 98 4
104 1517 4
13 235 2
29 695 3
49 815 3
16 163 3
17 1023 6
7 1688 2
23 400 7
20 323 9
36 1641 7
72 523 4
37 1035 5
18 1842 5
22 360 4
30 807 5
10 381 6
20 544 7
27 438 6
82 528 1
17 1818 4
31 76 3
35 1254 5
28 2354 5
22 826 5
31 157 4
25 227 5
8 2010 5
40 394 3
24 2342 5
31 905 5
31 7 7
30 1585 3
32 2258 6
56 301 3
26 1786 1
9 366 7
69 2207 7
26 930 1
35 2321 5
22 1160 4
32 496 5
23 1029 6
26 485 7
18 1525 3
37 564 8
29 241 4
8 2248 6
39 440 4
64 43 3
38 42 5
32 497 6
88 85 3
14 1895 4
7 1332 1
12 804 2
23 1935 5
16 451 2
72 1906 3
39 1500 9
73 813 6
34 295 1
81 747 1
88 585 1
31 1539 3
18 253 1
16 469 6
32 885 6
20 436 1
29 54 2
35 139 5
35 666 5
32 573 7
34 125 3
7 420 1
98 21 1
33 201 5
6 1511 2
29 924 6
78 145 4
40 1106 2
82 539 6
69 334 5
38 1073 1
26 556 2
55 866 6
87 1974 4
16 2156 3
36 896 5
39 1270 4
39 877 6
33 171 4
23 1792 5
59 795 4
5 856 3
23 2272 5
10 374 4
23 1930 3
96 520 6
22 765 4
14 1930 7
68 539 5
25 1205 9
10 328 3
38 402 4
107 71 2
29 1656 6
25 406 9
106 898 4
115 1005 3
52 1130 6
12 513 7
32 336 2
42 1193 4
109 543 7
78 808 7
79 51 1
27 277 6
21 543 1
85 265 5
9 446 7
24 94 4
98 168 3
28 196 5
11 480 3
9 222 4
62 855 2
40 1704 5
108 205 5
89 188 3
96 583 3
21 96 4
33 524 3
84 1420 6
27 156 3
29 1347 6
32 1118 3
67 178 7
10 1442 2
22 1332 2
33 228 3
20 171 5
63 1247 5
24 584 3
26 2272 3
64 1718 2
16 656 7
39 300 5
88 835 3
55 336 5
26 1899 5
7 339 4
11 546 4
33 434 2
31 1907 6
106 486 6
13 2230 2
32 1926 3
27 1759 7
51 1218 5
37 179 2
56 1976 3
32 375 1
15 456 4
36 68 5
30 62 5
5 1641 5
29 322 4
31 314 7
33 930 3
29 914 5
18 184 2
113 1635 4
21 202 5
33 374 3
18 395 3
21 1939 5
115 216 4
