300
9 3445 4
17 3048 1
15 3238 5
16 1988 1
61 1731 9
17 2130 6
8 58 6
35 1123 5
31 784 5
21 585 4
109 848 2
20 619 2
79 2385 6
28 27 4
80 542 5
9 499 1
21 355 5
24 2808 3
115 334 5
26 2048 6
6 654 6
75 3173 4
24 3328 4
37 454 5
19 260 4
18 3108 6
11 461 3
10 362 5
110 718 5
10 884 1
85 1640 5
20 2369 5
39 1790 3
12 1875 7
24 1078 2
27 2092 7
27 432 3
18 479 5
9 3367 6
29 448 4
13 212 5
36 3012 1
37 1219 6
34 839 4
21 2688 2
6 2441 6
35 754 5
14 1071 8
90 849 4
31 197 3
105 387 5
12 554 3
8 502 5
69 1147 4
73 354 8
25 1466 8
73 847 8
89 67 4
11 2727 1
15 1352 3
11 373 5
68 402 3
54 1563 7
22 208 5
32 844 5
120 2398 6
34 268 3
12 1119 3
10 1602 3
79 331 3
38 3522 2
107 564 1
112 638 6
40 739 5
74 988 4
113 127 4
13 2164 5
78 150 7
17 1889 4
6 2015 4
75 154 3
15 563 2
17 30 4
71 749 5
105 2940 4
8 835 5
9 592 4
19 938 9
5 175 3
94 256 5
8 2882 4
37 331 1
78 1797 4
22 729 3
95 2667 2
26 1418 6
35 2647 7
67 1693 5
24 437 6
6 854 6
74 1080 4
25 100 3
64 1857 5
107 806 3
83 2669 2
22 552 9
67 722 3
74 1583 3
29 1383 4
39 711 6
30 2946 4
54 475 1
30 1449 3
80 693 8
20 2153 5
23 709 2
33 1588 2
114 93 1
34 341 3
35 289 4
35 2886 6
32 846 5
114 562 6
9 640 8
24 3439 6
28 594 6
95 1525 5
74 378 2
20 1694 3
106 2621 7
32 2769 7
58 2400 5
109 1270 6
92 654 8
26 3198 5
25 618 6
10 499 5
23 395 8
12 3438 6
24 497 6
18 859 6
14 407 5
91 18 5
26 267 4
12 3338 5
7 135 8
17 667 7
12 425 7
8 3513 4
16 2155 2
20 554 5
15 56 4
21 2175 6
6 185 7
54 2859 2
11 470 5
11 619 6
46 497 4
19 838 4
31 3472 5
116 2342 4
19 1605 5
60 833 2
113 114 5
24 2801 6
37 33 4
17 378 4
62 2943 2
97 1511 4
38 2132 7
24 1338 4
14 607 2
40 1844 1
20 298 4
16 2400 8
20 1101 2
20 401 7
64 869 6
66 1611 5
57 513 4
39 865 4
59 566 2
27 63 4
57 381 3
9 1966 1
16 2420 3
93 112 5
53 151 3
37 1560 2
75 217 4
10 1119 7
17 1594 9
30 207 7
27 3002 3
16 2982 4
61 287 7
7 965 3
11 792 7
25 2475 7
6 3358 1
36 193 7
21 866 7
50 168 4
8 619 2
20 3105 4
11 660 4
33 1798 7
117 1233 9
32 2113 8
33 677 5
27 413 3
21 422 5
29 16 5
28 326 3
36 222 3
30 857 5
17 2307 3
96 2668 4
60 1394 3
80 603 1
38 53 4
48 366 4
57 526 3
87 139 5
23 844 4
11 2938 5
18 3203 6
68 1201 7
30 1749 5
105 2688 3
33 1862 4
12 2097 6
30 399 5
22 1907 4
9 239 4
47 2517 5
93 698 6
87 308 5
11 464 4
57 524 5
56 726 3
87 836 1
11 3108 1
37 2381 5
6 664 6
117 647 3
40 2846 4
40 537 6
5 2053 3
53 85 1
32 721 2
26 2598 4
40 56 8
20 1261 5
36 454 3
19 115 2
22 29 6
21 411 8
64 962 6
40 1194 8
16 676 6
32 834 7
11 1766 8
13 507 5
47 1714 8
37 2487 7
105 233 3
36 792 5
35 589 8
40 2090 1
17 3251 5
77 2165 5
92 884 3
20 720 5
24 318 5
23 588 3
34 1002 6
53 2814 1
31 881 4
26 719 3
19 849 2
25 3446 3
13 857 5
11 626 8
37 234 3
38 77 3
37 839 5
65 167 6
34 709 4
5 701 3
10 300 8
32 67 3
31 1619 8
6 879 7
38 47 1
19 698 4
13 1307 7
21 537 7
38 2443 5
49 28 8
