151476
67
57 200 127
99 98 49
143 123 156
131 70 168
50 12 83
180 148 103
72 134 136
175 119 185
194 189 64
102 88 113
77 149 152
163 76 184
147 8 66
61 183 95
157 22 10
4 129 125
18 192 174
3 29 137
31 124 128
122 78 87
80 84 160
24 5 195
172 107 17
32 58 169
112 105 43
94 188 69
65 26 130
56 167 48
20 138 120
116 74 35
106 146 161
33 42 186
28 164 82
75 166 53
7 54 25
139 39 60
176 173 153
179 150 34
93 154 86
117 81 140
199 41 37
68 55 1
158 89 46
142 97 101
170 52 71
90 45 162
47 121 118
91 62 23
132 187 144
111 159 191
51 44 165
27 110 190
108 2 145
67 197 92
114 178 109
73 171 21
198 13 19
15 6 181
11 126 104
59 155 38
151 141 196
193 79 100
133 182 14
63 9 177
30 115 135
85 16 36
96 40
