337073
117
329 3 116
35 6 189
303 117 220
152 302 27
104 86 159
125 78 102
121 77 224
7 343 169
239 216 336
61 175 48
317 248 120
94 134 136
99 52 68
14 50 304
272 185 145
195 263 164
237 56 177
162 341 200
140 16 23
89 100 4
158 297 1
106 138 135
313 196 74
350 243 337
273 277 332
262 342 322
236 191 249
258 276 173
251 186 174
153 91 146
266 154 269
181 316 188
167 307 247
63 39 95
141 215 291
204 122 292
217 163 81
300 132 109
2 178 335
5 301 296
279 344 115
233 31 105
209 166 234
76 330 309
110 79 112
280 59 289
37 278 318
199 87 282
47 15 260
42 201 345
11 113 325
334 123 142
73 130 32
284 66 214
338 290 295
182 286 107
327 275 305
203 226 324
242 180 238
108 150 235
22 26 210
328 92 41
36 13 308
111 254 128
197 198 194
58 244 306
28 190 223
18 98 265
57 144 267
208 245 148
319 46 85
205 126 231
45 156 212
143 62 310
347 53 240
165 72 211
294 219 256
60 183 349
228 9 340
326 193 315
299 155 65
160 348 103
331 51 88
222 270 29
80 38 21
149 71 281
287 19 293
221 253 268
30 119 246
259 54 114
274 184 271
147 320 213
133 49 230
283 285 127
171 264 70
40 20 101
202 10 96
17 129 151
44 339 252
8 90 261
241 124 206
312 314 250
93 229 298
33 161 24
118 168 346
43 69 311
176 321 137
67 218 172
227 25 139
34 64 225
333 82 187
97 157 288
207 55 83
75 323 170
257 131 179
192 232 84
12 255
