350 10
19 489
5 987
14 14
7 453
1 1041
7 60
18 213
20 2503
4 1956
4 2432
17 1269
6 2823
5 1514
10 322
1 1218
13 407
8 2464
3 1654
1 2101
2 2400
11 2078
1 1461
8 417
8 2628
3 2700
15 1463
15 116
15 1618
5 2053
9 2168
3 1079
1 1330
10 2604
3 2706
14 42
6 1494
12 1163
1 2066
5 852
19 2390
5 1481
8 1231
14 2636
12 2480
19 1762
15 1752
11 1213
15 256
16 2301
1 328
3 2037
11 320
2 1837
20 2209
8 2764
9 367
4 1700
5 1585
8 1143
10 1916
8 252
10 1814
15 841
7 2709
9 2006
20 1336
14 2663
2 321
11 2639
1 2377
5 2097
17 1847
3 1315
3 572
7 2774
6 1097
11 163
8 138
10 1116
4 2057
14 957
15 2720
5 2770
13 2821
11 1753
6 121
19 1196
18 2038
20 433
17 2505
16 707
18 1479
1 2595
3 298
14 855
20 2449
20 2736
5 1654
16 314
14 441
5 2412
11 152
12 2022
15 117
5 1082
4 520
7 1360
8 1435
15 985
4 1111
1 1528
9 1127
18 1284
13 2212
5 1056
6 40
20 96
8 2628
12 2173
11 288
12 152
20 902
7 1301
7 2577
4 130
3 1761
1 2349
10 1538
1 2476
11 1321
11 2788
6 982
17 2285
2 305
1 543
5 306
10 2658
17 522
14 2700
5 403
20 868
14 1301
4 1787
19 1700
20 348
17 707
7 2257
15 1718
9 2079
14 1448
8 2477
15 113
18 702
14 752
7 1991
19 1772
3 2742
14 463
9 129
17 2006
17 2627
9 382
1 947
13 362
3 1845
11 1096
8 827
10 2632
7 241
11 2777
13 2363
2 2683
1 687
9 700
20 252
4 2649
14 369
3 1004
16 2788
16 1416
13 779
8 1346
6 1928
6 2254
10 347
17 693
13 2724
18 806
19 73
10 1628
7 677
19 2801
1 1970
2 1564
11 358
20 563
3 1539
19 1548
15 1178
4 400
7 1259
2 2429
5 1395
15 886
9 1760
16 2580
6 2760
9 1702
17 1084
19 1463
4 1862
16 1786
5 2280
20 1339
11 869
11 249
16 924
5 2674
3 1887
3 106
7 2155
13 2040
18 1638
13 212
4 2710
10 1399
11 2697
11 1953
14 2595
17 2315
12 1761
13 2808
2 1057
14 1096
6 1459
3 674
16 363
6 1423
18 241
10 1843
4 2559
12 1404
11 581
10 1606
20 1708
14 2203
13 840
19 267
7 677
16 2588
15 688
16 2493
6 2158
9 1531
3 2827
17 1904
10 2783
4 684
11 2207
8 1218
9 2532
2 635
11 360
6 2375
12 1698
18 750
15 1701
14 2162
13 775
19 2043
13 2255
7 339
9 624
4 2215
17 1369
2 686
3 629
6 1166
17 1044
13 1128
13 2098
2 1209
7 2339
12 1332
8 2345
19 1356
11 2099
13 2743
3 1151
9 1342
10 874
19 921
14 2116
6 1878
13 1345
5 1043
5 488
16 2599
1 1987
9 957
4 1041
8 113
16 76
1 333
11 1376
11 1613
14 835
8 1527
3 1109
15 1822
6 2641
8 2580
6 546
6 2587
12 1978
14 784
7 263
5 1173
12 1743
11 2271
5 2650
20 655
2 2775
5 1401
13 1288
8 1962
2 1364
11 1478
9 12
1 1103
9 2031
7 634
12 2717
18 1294
14 1021
8 251
12 617
7 1341
16 2481
18 1957
8 395
12 636
16 228
11 1046
16 1259
13 2632
12 1826
1 2016
19 1950
20 578
