100 19
7 69
7 755
2 178
18 631
13 722
15 509
20 188
4 168
20 25
7 788
6 274
13 267
13 217
9 88
13 390
17 472
10 645
11 661
15 604
9 823
5 586
6 348
20 618
9 262
11 82
14 334
8 612
14 342
11 304
4 195
14 561
11 391
7 492
20 659
17 743
13 57
18 102
6 765
7 194
9 379
4 655
9 717
19 726
20 710
14 192
10 166
3 214
10 808
2 499
13 481
11 582
16 564
7 580
15 500
3 178
19 66
12 791
8 304
8 189
10 762
3 41
14 607
5 177
8 409
3 183
10 326
16 493
18 799
5 786
19 190
1 353
8 432
14 565
7 28
4 522
3 321
9 34
12 598
11 692
7 694
3 274
9 266
13 665
17 230
10 483
6 641
11 84
6 588
16 760
14 751
8 445
18 445
17 629
6 430
9 62
14 231
3 708
10 496
3 677
1 233
