250 23
10 316
14 1148
12 381
16 454
6 598
9 1380
5 694
19 257
7 1979
14 761
12 427
4 125
19 1088
16 395
7 339
5 2103
14 347
10 446
20 1109
9 386
15 1657
15 2151
13 1307
1 861
3 1801
8 711
11 1383
19 1774
10 710
3 784
18 2000
20 78
16 1996
20 307
19 123
10 1947
13 193
12 319
17 1342
1 1569
13 1533
12 1335
11 2033
11 769
11 1215
9 1784
14 1563
9 1754
8 1581
13 405
6 1827
7 289
13 543
19 1291
4 103
7 293
2 1862
1 2129
7 946
13 538
2 1213
2 872
14 821
6 1522
2 1257
1 1077
8 815
6 595
4 1460
18 1982
10 201
6 1260
16 1544
1 271
9 80
16 979
5 2145
1 1241
3 119
12 1554
16 1974
15 1104
18 1423
17 1624
13 1933
7 845
8 468
20 61
5 1322
17 2069
19 1590
4 1978
1 708
11 1532
12 471
13 1224
14 1211
10 1600
17 707
17 1952
9 1439
14 1357
1 861
15 1571
2 1393
3 722
20 621
12 1943
19 670
10 1853
7 767
10 1547
19 2080
14 111
15 56
11 55
11 1373
2 1057
6 495
16 1543
10 267
17 1710
17 953
20 1129
9 1556
12 106
11 1037
2 362
11 541
13 1530
1 1260
9 1210
19 941
15 975
6 2079
4 424
17 701
8 690
17 706
12 724
10 1023
3 1239
17 785
16 1274
5 1576
2 928
2 1074
10 1591
20 1177
19 1010
8 81
6 923
2 1172
1 670
15 297
1 154
11 858
9 172
10 246
5 236
15 514
7 2102
10 821
1 627
16 2050
17 818
13 1294
13 490
8 56
1 989
15 1502
11 1542
3 1920
1 1353
7 1889
1 418
12 1053
18 245
10 215
9 1764
16 805
17 260
5 557
15 151
4 237
20 910
17 22
19 1742
15 749
1 17
10 1471
13 58
19 1104
9 661
13 679
12 1998
9 440
15 215
15 1142
10 1236
1 1730
17 574
16 208
3 1861
1 2031
14 1971
15 1541
4 442
9 635
1 1860
1 97
17 264
12 1582
20 1203
16 1996
8 1867
20 310
2 1838
19 616
19 2049
17 1823
4 551
7 1860
12 662
17 750
14 1796
6 2064
17 399
6 1328
19 1788
16 966
14 1635
14 1458
15 2148
1 1548
7 1952
11 1843
15 1722
16 1468
18 430
4 172
14 1399
19 424
2 401
13 362
16 1421
12 476
18 622
4 1129
10 1192
