400 5
2 1115
8 943
15 3282
8 2888
9 741
5 1785
9 1667
13 1725
10 3273
20 1931
13 1169
7 2077
16 2508
12 873
9 2439
11 1334
9 540
12 701
19 647
15 3088
12 924
19 2359
13 117
4 2407
14 432
4 2895
3 3140
7 908
15 2421
8 2375
15 3021
12 2628
12 3077
16 2705
7 1168
7 691
5 2102
1 2582
4 2606
15 2760
19 488
20 531
11 336
9 2892
8 665
3 2725
20 1588
6 2589
6 406
2 1827
17 1327
16 2454
4 2932
6 934
17 118
1 1854
11 2657
7 2307
7 1651
12 3019
8 1873
14 1870
14 2314
17 2189
16 241
3 3004
4 1135
10 1534
5 1067
9 748
10 1821
4 1909
20 2716
12 742
13 1818
6 1400
14 2423
6 2503
8 487
13 1190
5 2836
16 376
18 3280
11 1363
2 1339
7 2968
11 493
2 1388
20 3155
11 1763
13 2310
18 202
2 2887
13 482
3 977
1 2209
3 1425
8 1886
16 596
16 999
9 125
12 2808
7 2364
2 160
11 3265
16 2068
2 1859
18 3216
19 2914
15 778
6 2478
15 2089
20 1272
15 270
6 3074
4 1579
17 1110
14 1245
13 161
3 2304
8 2295
3 3128
19 2007
10 2760
20 2104
5 1767
17 2491
4 2655
7 242
18 2505
11 179
20 261
15 619
3 1350
1 1410
10 2729
2 622
12 721
19 1644
20 2749
17 2974
16 2340
7 988
15 2992
6 1753
5 1711
12 203
5 2865
1 588
1 923
6 877
5 3244
16 871
16 3091
11 1590
14 1413
10 2527
20 1337
19 1450
2 1047
2 2891
5 820
8 3227
1 1851
17 2290
7 719
4 2380
10 2197
15 595
12 561
9 383
20 1875
11 1171
12 1792
8 2246
18 1469
8 1299
13 1088
4 1318
19 593
17 786
11 2273
18 2669
9 1261
3 1289
5 1828
3 239
8 455
15 1643
9 530
16 365
1 961
1 749
12 1829
5 2065
19 1746
15 1471
11 902
15 2394
15 1657
5 2033
11 1596
20 1650
14 2666
17 429
17 2662
18 1530
11 191
20 1702
12 582
1 920
13 2781
19 2920
10 166
2 3135
9 2790
14 1595
20 2778
15 974
17 2740
6 2342
11 135
20 2344
2 3241
4 2823
13 1820
11 885
6 1699
2 2305
17 1712
17 2403
19 2913
12 1294
12 333
7 2187
1 3140
13 2617
19 2247
15 3298
9 922
5 56
1 2894
4 1959
16 315
4 80
13 2097
7 917
19 133
12 1685
8 144
11 1126
16 836
6 442
9 529
12 853
13 1030
6 1704
9 2841
1 3215
9 2146
1 1875
1 787
7 2066
3 3006
19 1039
10 1071
1 911
7 1023
14 1920
20 1821
17 463
15 2843
17 1590
13 1968
15 1095
10 1192
9 2347
14 1944
3 1723
10 2556
19 187
7 1489
19 3253
6 952
10 1732
14 1520
2 3302
17 2849
18 2371
16 713
11 1908
3 2676
7 2389
2 1465
7 823
11 470
6 1796
17 2301
13 549
1 2280
13 1596
8 1043
16 594
1 468
9 2665
18 748
8 3074
7 712
10 2499
6 1866
7 539
8 2133
13 2923
6 913
15 1152
13 790
13 2800
16 2010
16 2135
1 39
8 1407
6 2310
6 1052
2 2859
19 103
1 2309
8 2843
13 2470
13 784
8 2229
14 1339
11 2057
13 2839
10 3134
16 319
5 684
9 2245
16 1001
5 1238
8 800
16 2058
3 3264
17 29
20 3171
13 1497
6 1377
13 546
4 1281
2 54
16 3171
10 655
2 462
17 537
3 2372
18 1390
7 1231
10 760
7 3102
12 2331
4 1085
18 2810
6 938
1 2953
12 2165
6 1988
16 967
6 87
5 2640
9 1243
15 2395
17 2092
17 1581
9 449
8 1216
4 668
3 1334
13 2600
10 312
6 2933
17 2572
17 2306
10 3159
11 569
7 2585
11 800
2 1643
4 1130
15 3258
2 1458
2 2084
5 1265
17 1642
12 534
2 2263
4 3203
16 2760
10 2566
10 2770
14 1077
10 1584
