500 19
13 3178
10 2975
10 3546
16 310
7 3729
18 3204
5 2409
14 1102
9 1461
1 1853
10 3302
2 534
18 997
5 2811
7 1326
9 1166
19 2725
14 151
1 2815
19 1286
6 846
18 3985
9 1633
1 321
9 1808
9 2449
9 2186
10 2102
16 2102
18 1973
17 585
13 2809
11 3363
10 280
17 1049
16 1793
10 3245
11 676
4 757
17 2722
19 4183
19 1341
18 3118
13 608
19 4157
12 2500
9 1313
12 3336
8 3939
18 2013
15 2503
16 2848
17 3052
14 2866
2 3109
18 1334
5 1723
17 2620
5 3634
16 1086
6 1214
11 2296
16 1605
20 2972
2 1463
6 1683
3 1629
4 3850
2 3582
16 508
16 3024
14 1890
16 3183
8 1637
12 2052
8 2578
7 1076
20 3320
8 817
7 238
9 3142
4 1398
2 975
3 3702
14 1086
7 3255
10 736
2 156
9 1305
15 3898
12 2699
19 3328
12 3518
15 2100
8 232
2 2209
14 1198
11 911
7 3690
1 3841
15 3893
18 581
15 3684
7 2208
10 984
5 2117
7 2383
13 3419
18 743
11 3175
14 2021
15 2540
8 2791
3 493
3 2687
8 1723
12 3570
11 3071
1 2669
4 1821
13 2956
5 1720
7 3444
18 3097
6 2871
18 845
13 755
3 971
13 2825
20 3760
8 2306
16 2073
17 20
1 3463
17 1727
10 3151
15 1754
11 3796
15 3459
2 2880
20 4052
14 3775
6 3617
1 23
19 2637
11 2906
4 2697
19 3319
17 2164
19 3828
17 209
7 285
3 2878
14 3557
11 1645
15 3866
8 2928
15 606
6 2352
8 3526
6 4147
12 3840
15 3794
14 1552
13 3778
5 2530
16 2822
18 3534
8 1804
2 2639
13 3716
1 2959
3 379
6 1636
15 3402
16 3044
10 2435
17 432
3 2198
1 3018
2 4004
10 2722
2 1088
15 3126
6 3550
3 3271
14 258
9 463
14 1847
6 3963
1 151
10 747
11 548
9 1755
9 4015
16 2597
1 2430
3 699
16 3878
14 2424
4 1877
15 3915
1 94
7 1254
16 2951
11 508
7 1516
19 2771
5 4072
8 979
20 1984
8 1348
6 3002
2 2836
13 1153
4 770
16 3812
18 3044
20 3217
11 495
19 3490
13 947
15 3743
9 4114
2 3405
19 721
18 3495
8 3934
9 3973
4 3669
8 3981
3 956
13 3769
2 64
12 833
8 81
17 3881
18 2745
11 2755
20 872
2 1857
18 819
12 1155
9 1893
17 314
5 3235
7 2228
9 357
20 1828
16 1339
2 2553
8 356
11 1064
7 2882
1 2287
9 2127
14 746
18 474
15 274
8 3228
5 3128
20 1929
13 2854
18 1287
14 3197
1 2401
19 1756
10 2135
16 648
17 2640
13 3091
4 2993
11 250
12 760
11 739
11 1406
14 1328
3 3855
3 1772
3 2703
5 3252
18 776
2 2020
11 1179
3 3344
10 1673
12 1365
18 2819
12 498
14 4193
14 473
15 4054
8 1776
15 3412
1 2476
7 202
16 755
2 293
13 603
1 419
18 1024
18 1932
20 3801
19 3144
4 991
10 2985
3 368
19 2655
17 4111
14 980
10 2622
3 2275
19 1427
16 106
15 4054
15 307
8 977
19 3000
13 940
10 3344
14 1663
8 845
18 3179
14 535
14 321
9 39
13 2740
11 486
4 916
5 606
10 806
10 3115
1 1543
4 1269
10 2763
2 3514
1 1154
7 2887
13 3401
19 3246
16 95
1 2220
15 1775
1 4109
6 3492
19 2960
10 1666
5 704
9 3053
6 1446
8 2275
4 255
16 329
6 3795
14 514
19 3135
7 1021
2 1770
17 1682
3 2693
1 2917
15 3666
12 1838
19 2784
14 341
5 377
19 2894
7 3166
2 1498
12 1287
8 2171
4 2388
15 1363
11 1943
5 4133
7 1013
9 3456
18 1508
3 2308
6 2035
18 627
15 3697
4 1360
11 1178
10 2037
5 3262
5 2109
18 1916
10 163
11 1315
2 673
9 2578
5 2063
11 2168
13 2740
17 1283
9 1287
11 1092
11 3541
8 2684
6 419
8 2826
11 2192
10 2849
11 2927
8 4195
17 4084
19 747
16 902
5 4150
15 2887
14 1047
1 2515
5 566
1 3525
19 3803
12 2923
19 3708
20 3345
15 1376
6 2956
16 1084
6 3914
1 4112
11 3180
10 407
15 987
16 3193
16 3219
4 3609
15 3172
17 3269
3 3623
2 1567
18 3815
5 745
12 2199
16 2644
12 1157
13 3153
13 3752
15 1467
8 2809
2 4194
11 1988
8 3795
9 3155
14 2463
10 3620
7 700
7 2354
1 3601
5 2379
15 1096
11 1997
12 1804
14 4018
2 1489
8 402
14 1571
20 2584
17 2956
19 3658
11 3108
1 4138
2 2983
18 3277
19 402
19 2156
10 747
6 3468
9 3886
9 1885
6 844
15 3932
18 2426
11 992
4 2392
5 733
18 1986
7 100
12 2627
11 2663
2 1988
11 2824
7 355
2 138
5 1252
14 2912
12 2671
8 1086
3 3529
16 3930
16 3124
2 3321
5 1602
16 2863
2 2151
11 3843
15 1725
