300 9
16 1735
5 396
19 2080
8 780
19 792
20 2388
20 2117
13 2205
18 61
18 2406
8 980
11 1382
11 1573
18 1210
19 1765
13 1068
5 1861
5 1116
16 2099
15 1583
12 84
5 1694
19 746
10 1141
7 1769
14 1267
9 1892
10 1792
16 1702
12 2350
18 1306
3 1694
3 64
13 254
13 587
18 538
1 2395
14 2070
15 1453
16 1169
19 2067
3 200
5 1934
13 420
14 482
12 1267
5 1893
2 601
7 247
3 338
6 1729
10 129
17 2262
5 225
16 2003
16 56
13 1358
8 826
5 732
1 1005
10 492
1 577
19 2054
1 2171
9 2323
20 326
20 2071
7 2352
20 875
5 1835
11 1695
8 1683
19 1054
20 1261
13 2180
9 2040
3 2327
12 1500
16 2034
5 506
13 1333
11 657
9 319
14 1673
14 1703
10 1241
13 2118
14 1022
11 1630
19 2294
6 2391
16 1272
6 1095
11 1197
17 2369
12 1177
15 2022
11 1147
3 1105
13 1251
13 1915
7 271
15 447
13 2343
13 465
7 373
8 144
18 1667
20 677
17 852
16 1535
12 2312
3 1126
6 2250
14 928
1 1549
6 2356
17 2348
4 2317
16 1744
18 1417
4 617
15 1978
15 2277
2 1314
20 354
9 1472
16 2261
9 378
7 2095
11 589
7 1816
7 161
10 911
4 1595
10 273
3 936
20 1764
8 841
5 1873
16 1162
2 1849
2 1989
1 1959
10 892
19 2057
15 870
15 1339
5 2371
8 1785
7 932
7 1346
10 1354
3 909
9 737
17 1915
2 2302
9 2132
13 1166
14 2059
17 996
5 955
9 2268
7 97
16 2118
2 1338
9 1037
6 1974
5 2339
7 101
2 1674
3 2383
4 1981
20 159
3 98
9 906
15 320
4 126
14 1468
2 874
4 47
2 1745
14 1253
8 2287
4 1680
7 1821
8 2259
3 879
3 1477
5 1686
14 1704
16 1466
14 1503
18 2006
20 1810
2 2043
3 2308
18 1700
7 644
4 1799
19 1795
4 705
2 594
15 1933
19 1497
20 656
2 291
1 1924
7 321
9 354
10 743
9 1908
18 1728
3 329
15 1188
19 1533
17 334
14 2223
5 2060
12 374
4 2247
14 398
12 1048
18 1491
12 1051
14 1075
5 1361
12 2372
11 782
3 1572
4 193
3 1609
3 1727
8 167
6 513
11 882
15 2185
4 1834
5 1266
3 917
2 977
7 2151
4 479
12 751
10 173
14 2300
19 1296
7 996
9 1865
10 2275
6 1685
9 948
11 2345
18 1798
19 881
1 2003
9 1324
1 151
16 1105
12 732
4 1685
1 331
13 524
10 992
1 114
18 265
4 718
3 2167
8 1857
4 665
3 526
4 1811
9 1014
18 1186
13 1752
4 1419
3 294
2 1035
14 2256
16 1921
20 246
11 2082
8 778
7 2317
15 1405
2 1904
20 875
13 976
6 1183
14 1830
2 684
4 2126
18 24
3 1699
17 1832
1 1959
19 1649
10 2357
3 521
10 595
