200 18
1 1134
11 1436
15 615
13 524
12 686
6 1532
12 991
7 434
3 1673
9 503
13 1563
6 126
13 1513
6 1671
4 1528
3 1713
11 711
16 542
12 1516
4 864
6 1498
13 495
14 1278
1 685
17 1012
20 828
19 1367
10 952
11 615
19 1675
5 630
17 726
5 924
6 1087
14 889
3 1716
16 1118
10 1609
5 1047
16 1731
17 1116
15 942
9 770
15 1354
13 1190
19 1143
20 1241
15 862
8 46
13 112
15 1351
8 1176
18 987
19 995
1 1126
9 851
19 20
2 730
14 1586
7 1048
3 453
17 1277
1 1672
19 292
19 827
19 443
16 1446
6 1118
18 823
12 111
16 1178
16 160
20 1487
8 884
11 975
2 403
5 352
13 641
12 1635
4 661
11 1103
1 970
4 134
2 667
19 1712
7 1094
8 659
7 334
3 1136
8 1178
2 1270
20 1463
19 1089
4 774
3 464
7 1724
3 1154
4 45
9 44
19 1643
19 1155
16 325
20 156
15 1577
16 766
16 889
6 695
1 1435
6 1472
17 1374
5 1330
7 765
16 345
3 1470
9 1688
14 877
16 1098
6 1265
5 260
1 865
3 1243
8 637
6 67
12 632
13 537
12 1576
3 37
11 636
8 528
14 842
10 109
16 1289
12 1652
6 244
11 1710
5 244
11 616
2 864
20 1031
7 1105
9 1624
15 1149
6 46
9 1329
17 1436
12 891
11 431
17 150
19 368
3 1073
19 1610
2 378
18 1070
12 1089
18 1592
10 70
15 469
19 1134
1 1335
9 669
19 902
5 1193
18 391
20 959
3 1354
17 981
7 855
7 111
19 742
17 1173
8 1494
10 693
7 1065
20 605
2 256
10 1056
14 1674
4 1470
13 1072
18 149
2 1547
12 1670
13 461
11 409
12 274
20 942
16 1298
6 794
20 276
3 1394
15 1336
6 556
19 1631
10 274
10 687
17 1629
8 1450
9 1511
17 1113
10 26
