450 25
10 2597
9 1182
19 2662
18 844
9 3548
1 736
9 3725
3 1395
12 2511
8 3324
8 1295
8 3029
2 1185
14 2019
3 2227
16 1314
17 871
14 2802
7 1006
20 1223
10 3083
9 418
13 1759
5 2699
5 3655
3 1292
16 2449
5 2529
13 156
15 3243
19 486
17 506
6 2456
8 3461
10 1547
4 3381
16 928
7 1799
13 529
15 2486
9 1866
11 61
19 3024
15 1450
13 1122
13 1288
15 839
6 3085
20 2770
14 3289
14 978
14 481
12 214
4 3400
9 2032
7 1189
19 499
1 1851
11 2874
1 1424
12 2688
9 2480
2 1923
19 1122
20 2143
2 2562
16 2024
14 595
12 1831
2 2521
17 3408
15 2036
17 999
12 3536
15 3235
8 3564
4 3123
7 1672
12 3131
6 3346
8 3376
14 1028
3 185
10 1612
14 2096
15 2745
3 605
5 245
4 3670
2 1942
10 3498
9 1150
13 2757
16 358
5 1595
7 1224
8 1835
19 448
6 990
2 2688
13 3191
5 2656
9 45
6 1913
14 1462
7 2948
2 3247
11 1560
7 1173
10 2014
13 1075
8 3519
1 2858
3 3181
5 634
3 38
17 2727
14 2442
10 2117
5 974
15 2416
9 2034
16 1949
8 1761
10 2607
19 1263
18 1582
17 1341
3 2124
17 63
20 314
17 3660
5 2949
7 3008
3 1595
10 2201
8 1652
1 1648
9 2156
19 667
1 1074
10 728
14 3149
18 1974
5 96
11 3627
4 2321
16 2812
20 1620
4 3341
10 1331
18 2693
7 57
5 1484
15 549
20 875
10 3524
2 2151
9 1640
11 2061
13 2479
16 379
10 946
20 3720
6 2957
7 2919
20 2739
4 3142
13 3242
10 2712
4 2125
12 3261
6 3057
4 2796
8 2624
4 2732
2 2153
3 1978
16 1093
14 691
5 3398
12 1185
11 634
16 3178
4 390
2 1886
12 1077
12 3249
3 1602
15 2797
12 1045
3 158
17 142
15 3306
3 1116
8 1764
10 1471
7 2626
20 1188
13 2683
20 2564
4 2954
2 1014
20 2750
4 3491
2 2737
16 2055
15 65
5 1362
6 1784
18 1474
2 2664
10 3728
14 2365
9 503
11 1213
2 1322
6 53
5 2502
5 842
11 911
6 296
16 2105
5 1965
1 3363
12 1632
2 2859
20 2661
17 1406
13 3241
11 3199
9 373
16 3584
15 2295
14 620
7 2753
14 2290
13 2249
14 2312
9 1519
4 1988
13 1424
18 1943
17 245
15 1800
14 1472
13 2903
13 3068
8 1871
20 1280
11 3192
18 183
14 2685
8 3678
9 3615
19 1764
15 2087
18 2317
3 2957
3 279
12 207
1 1145
1 1092
19 3376
20 488
9 2823
11 1518
2 3444
20 732
4 171
18 801
12 3676
14 3404
11 215
11 507
15 1654
16 2966
18 1061
19 1473
16 953
4 3179
10 2167
4 3157
13 3077
1 2851
13 3509
20 1844
9 1503
6 750
11 1703
10 2138
11 951
15 1859
12 1024
8 3425
8 975
5 1524
5 2461
15 1549
11 3003
9 2017
8 3637
13 2076
9 2041
2 907
19 1179
19 2869
15 3200
9 1856
17 1095
10 1580
17 3091
4 3156
3 2841
2 1750
8 3509
12 497
1 1521
15 619
3 2059
8 362
19 2850
12 275
4 2909
2 269
16 3430
1 12
14 1025
5 3188
17 3461
19 1631
9 2055
9 3122
9 2197
15 2142
8 2118
20 134
4 1176
18 1733
16 2895
9 2870
6 2615
2 2375
11 1930
5 3586
13 961
3 3671
20 3013
7 592
11 3628
15 1557
20 3086
6 1707
2 3746
7 3074
9 3416
7 3339
12 1088
18 1755
12 2479
9 3337
10 393
8 277
19 2419
8 2125
15 1266
9 1562
4 1055
14 538
7 1452
4 1875
10 1932
7 1196
18 1622
16 1113
2 1160
13 1387
8 3283
2 858
2 3121
9 3184
18 1927
19 2198
5 3290
15 1060
12 3683
12 953
7 2966
16 3587
16 1682
2 2519
6 2439
18 1768
12 2235
18 979
17 3235
14 454
4 902
9 851
16 2614
3 3366
6 200
10 2327
14 1160
6 3350
13 555
5 50
4 1454
10 1684
18 3463
13 1700
11 3222
8 130
2 614
16 2457
20 2904
4 1178
11 449
16 3079
12 2685
19 2589
7 2897
10 2411
17 131
12 3420
12 1930
7 1293
11 2138
19 3670
3 160
9 1554
17 1594
6 3395
10 3698
9 2115
16 2404
4 1639
17 1508
1 3688
19 3685
17 2903
4 3523
15 1937
11 1853
18 3762
14 820
11 2934
10 3668
5 121
5 3626
