150 19
6 1028
15 593
10 885
13 753
6 965
3 562
16 753
14 274
8 723
15 1140
16 254
6 784
10 33
8 443
14 872
14 114
4 476
2 79
11 1157
8 896
3 1074
16 1207
11 877
15 549
5 948
15 474
6 491
19 479
4 320
4 848
17 319
6 541
12 166
6 408
5 374
13 56
2 366
12 43
8 635
12 941
3 1190
13 135
3 444
5 67
10 333
7 39
8 288
12 493
4 857
10 1197
5 138
18 685
15 221
12 828
7 410
3 794
11 733
4 1169
2 56
1 387
12 1109
17 420
13 988
13 451
15 99
17 273
4 615
7 1191
7 564
1 89
3 221
2 617
9 118
19 280
13 738
17 459
5 641
6 477
12 1115
16 103
8 515
14 175
20 858
15 703
4 466
12 323
13 847
17 985
20 201
20 748
4 852
6 98
3 270
19 931
16 150
15 215
10 788
17 325
10 769
12 1190
15 398
6 950
9 673
6 393
1 683
7 916
12 160
8 601
11 247
10 324
7 340
14 271
20 1134
8 165
7 730
1 820
17 288
20 912
4 798
6 772
16 105
13 366
14 639
1 920
9 438
19 888
14 805
1 47
20 459
15 771
3 677
12 135
1 67
17 67
3 821
4 988
16 851
14 805
7 565
11 420
5 360
4 188
10 224
10 438
10 382
19 426
16 984
20 421
15 139
12 876
