138503
67
1 24 55
63 82 108
120 159 58
76 84 91
138 152 175
181 9 16
36 61 89
95 97 114
121 127 150
165 190 15
20 80 83
94 98 178
31 33 39
77 111 119
136 162 6
12 14 21
34 68 107
109 118 123
134 143 188
192 8 60
86 88 96
112 140 167
168 173 49
52 74 87
90 122 129
171 197 10
43 56 99
115 141 144
160 198 28
38 131 156
172 176 194
195 200 2
17 29 75
81 128 135
137 147 184
5 7 19
70 79 124
126 133 146
154 182 185
4 11 13
22 45 50
78 125 179
183 23 35
59 116 130
177 3 42
44 48 51
104 142 157
191 18 37
40 67 71
72 102 105
106 113 117
132 187 25
32 41 62
110 145 148
166 170 196
199 53 69
153 155 163
180 27 30
46 54 57
64 65 66
85 93 100
101 149 151
158 161 169
193 26 47
73 92 103
139 164 174
186 189
