90127
50
60 70 105
116 124 128
133 18 37
59 72 6
21 41 43
56 71 93
131 135 17
29 30 49
58 67 85
91 119 136
142 25 35
44 51 77
141 1 5
12 27 32
34 78 92
102 104 120
46 55 68
69 106 111
115 139 9
14 20 39
47 81 108
114 73 103
125 3 13
45 50 97
99 110 143
144 145 19
23 57 109
140 33 38
40 48 54
61 79 86
100 107 132
150 4 36
42 63 64
75 87 122
8 15 16
82 112 123
127 138 2
10 24 26
53 65 84
96 101 130
149 7 11
22 80 95
121 137 147
31 62 66
76 88 98
117 134 52
28 74 94
126 146 83
89 90 113
118 129 148
