280422
84
24 40 58
66 74 78
93 103 131
154 156 164
170 174 176
190 201 205
210 211 235
57 61 62
65 105 118
128 146 147
153 218 244
25 30 79
106 142 173
204 12 55
69 92 136
185 208 222
241 249 7
16 77 89
145 160 183
5 51 64
68 72 119
135 152 227
229 9 15
52 56 59
86 111 162
175 223 236
26 49 67
87 138 151
169 216 6
20 46 48
75 101 125
132 158 180
194 197 209
1 18 29
36 71 98
110 112 121
141 148 159
163 179 191
200 250 27
43 44 45
94 116 117
127 129 157
172 237 3
11 38 42
80 95 108
126 140 177
196 213 224
247 23 37
41 50 53
60 85 96
130 167 168
192 195 245
2 10 17
47 63 97
102 114 206
226 232 233
242 21 22
82 104 115
134 155 161
171 184 189
198 199 207
234 238 4
14 33 73
76 81 120
144 165 181
203 215 231
239 246 39
84 90 99
100 122 123
137 139 143
166 182 187
202 212 221
225 228 31
70 83 178
240 248 8
13 28 35
54 91 109
113 133 150
188 193 219
220 230 243
19 32 34
88 107 124
149 186 214
217
