304998
117
5 15 19
22 32 38
50 70 93
111 127 129
135 163 173
193 299 304
330 348 20
53 68 134
172 194 202
233 262 276
282 323 327
18 25 31
34 51 73
74 94 126
157 165 178
197 219 220
236 255 277
289 309 9
10 57 80
106 110 125
143 176 200
211 225 241
258 274 301
2 13 29
39 41 58
71 83 98
101 105 115
136 140 203
213 218 296
297 318 321
324 12 36
76 86 116
132 183 184
207 235 238
253 264 278
294 311 313
314 4 6
64 75 107
123 124 147
155 169 191
201 221 249
272 283 317
332 338 17
23 24 42
55 59 61
78 108 118
151 167 182
260 285 302
308 312 326
336 341 30
56 65 112
149 159 162
174 205 208
254 261 273
290 300 329
331 14 33
60 62 79
128 137 168
185 190 226
240 244 257
291 21 47
52 69 77
85 102 120
130 131 166
170 195 215
216 227 228
243 259 263
287 305 306
320 328 344
37 44 103
119 121 231
242 265 284
315 319 333
337 342 347
16 84 114
164 171 181
187 222 224
232 247 269
271 280 281
288 295 325
346 3 35
43 67 81
95 100 139
142 150 154
158 177 229
234 246 268
293 307 316
335 26 27
28 46 48
63 82 104
109 148 152
199 204 251
267 310 49
91 99 179
180 206 212
217 237 250
252 298 303
339 343 345
11 72 90
133 138 146
160 161 186
209 230 256
275 279 7
88 92 113
153 188 223
239 266 334
340 1 40
45 87 144
156 189 192
198 210 248
270 286 292
349 8 54
66 89 96
97 117 122
141 145 175
196 214 245
322 350
