183489
100
37 60 62
64 116 144
208 256 258
262 265 296
48 125 142
143 157 166
171 180 182
196 203 207
241 278 286
291 32 33
42 50 77
99 113 137
154 172 175
188 189 197
214 230 232
233 240 268
271 277 294
299 119 122
135 173 178
181 185 200
202 221 231
238 243 261
267 270 272
276 292 2
17 18 22
43 47 54
59 70 80
140 149 162
169 190 219
227 239 51
91 93 114
117 168 235
251 289 25
49 68 102
106 130 132
133 151 152
164 170 186
199 209 242
248 284 4
11 58 72
107 139 150
184 187 234
269 283 27
65 76 83
127 129 155
158 163 167
176 210 212
249 252 257
273 24 28
52 61 86
134 136 145
153 211 245
250 264 298
300 12 13
71 82 89
94 98 131
229 236 253
282 21 30
46 78 96
112 220 223
225 228 244
260 8 16
34 35 44
57 75 81
87 100 101
104 105 159
263 275 288
26 38 45
84 85 88
115 160 179
183 191 193
218 222 226
246 279 290
20 39 97
103 123 124
147 148 177
204 215 237
285 1 19
29 40 55
56 79 92
111 120 128
141 165 192
259 280 53
95 110 118
156 161 217
295 9 10
14 31 36
108 121 194
198 213 224
254 266 274
293 3 5
15 23 41
63 73 90
146 201 205
216 247 255
297 6 7
66 67 69
74 109 126
138 174 195
206 281 287
