295630
134
38 56 96
135 149 150
164 192 193
211 236 242
259 261 262
267 300 304
320 326 363
1 50 85
88 93 104
107 137 160
161 215 224
229 287 294
324 349 352
386 389 390
394 27 46
66 95 97
120 122 134
185 187 264
279 292 342
354 376 24
26 39 53
67 72 116
128 167 179
225 243 245
348 360 375
387 395 6
37 69 81
126 146 148
152 162 186
195 201 241
336 339 368
391 48 49
54 76 78
111 115 145
151 221 228
253 257 284
297 310 314
322 323 346
362 365 367
379 12 28
35 36 58
59 86 103
129 143 166
235 247 263
268 282 293
295 308 311
356 358 384
2 4 30
45 61 79
98 121 163
175 177 188
250 302 307
312 321 327
330 340 374
5 7 15
17 44 70
101 171 184
190 216 240
254 258 260
277 305 337
369 373 9
68 71 124
136 157 168
214 266 276
280 285 309
334 351 357
378 382 397
398 400 16
43 57 84
87 90 105
131 155 173
182 198 202
208 222 227
251 291 296
332 383 385
14 18 21
32 33 60
74 102 138
147 170 174
194 210 233
234 249 255
359 364 393
8 11 23
75 80 91
94 119 178
212 226 237
246 256 274
299 301 313
316 317 328
329 333 345
347 377 25
62 63 77
118 156 204
217 269 278
286 331 399
3 20 29
31 40 110
112 114 133
144 169 189
197 199 200
219 239 272
275 315 370
388 13 34
52 65 82
99 100 106
142 153 154
191 244 252
290 303 318
319 335 338
341 350 366
396 51 55
64 117 127
141 165 181
205 206 220
230 231 271
273 288 298
343 353 371
372 380 381
392 83 92
108 130 176
183 207 289
306 355 361
19 22 41
109 123 139
159 180 196
213 232 238
248 265 281
283 325 10
42 47 73
89 113 125
132 140 158
172 203 209
218 223 270
344
