914269
150
6 58 60
113 138 141
225 262 263
285 318 327
439 13 63
66 70 90
100 107 158
177 186 203
206 212 217
227 268 305
315 325 343
354 376 379
380 391 414
8 15 26
83 87 114
116 129 135
178 189 192
195 259 260
314 320 347
401 430 36
54 77 89
147 150 168
171 174 176
185 202 205
241 270 281
283 313 324
338 368 371
398 408 417
437 442 24
25 28 88
95 102 115
120 133 145
154 181 209
219 220 224
297 298 329
345 384 407
449 450 33
48 80 99
104 165 173
210 218 222
289 342 353
392 402 405
433 19 38
56 78 96
106 109 134
153 166 198
236 349 355
357 370 373
388 422 427
10 11 12
34 76 81
97 112 124
137 175 196
249 254 295
296 302 316
321 336 363
365 378 413
2 5 7
22 41 55
62 92 103
122 139 159
215 232 240
255 266 288
301 304 309
332 333 334
341 356 361
367 381 399
431 435 1
21 35 84
91 110 119
125 136 142
151 157 163
170 197 213
282 291 311
362 372 403
409 423 434
448 42 59
108 146 160
183 216 221
231 251 267
274 275 290
292 300 344
350 412 418
428 444 447
9 53 61
69 74 79
172 182 187
188 191 226
261 272 294
317 323 358
360 386 387
394 420 425
426 23 29
39 45 46
93 101 111
161 169 200
230 238 242
247 248 284
286 303 346
377 406 411
14 18 50
51 52 68
82 85 105
118 143 180
214 235 237
239 246 253
273 328 369
397 404 446
30 40 44
47 72 75
86 121 155
190 194 208
234 245 257
276 293 299
308 319 335
351 366 385
443 16 27
37 67 94
123 148 162
179 184 207
223 233 277
280 326 340
375 389 390
400 415 419
436 17 32
71 73 117
128 130 132
193 229 244
310 312 330
396 424 432
438 441 4
127 144 152
211 243 252
258 271 278
339 359 374
382 393 395
410 445 3
31 43 57
64 98 126
140 256 264
279 306 307
322 331 364
383 421 429
440 20 49
65 131 149
156 164 167
199 201 204
228 250 265
269 287 337
348 352 416
