898199
167
10 19 24
100 119 134
144 172 180
191 197 203
255 266 295
300 333 337
342 344 361
413 415 424
452 465 12
55 65 69
83 88 96
140 170 181
183 214 225
234 241 251
283 298 336
358 369 391
434 444 458
466 484 487
495 498 67
84 114 115
128 153 173
179 186 198
232 278 279
280 285 307
312 360 379
433 492 39
68 82 120
147 201 216
230 272 305
329 334 352
372 383 430
478 7 14
57 59 106
122 166 209
246 261 281
330 348 366
375 386 387
393 410 414
436 453 479
488 496 21
61 66 125
143 159 161
174 185 190
213 345 350
354 380 401
421 423 471
474 5 15
77 80 86
99 104 107
123 152 204
207 247 254
296 338 357
368 376 450
451 481 486
49 74 76
79 95 113
116 131 157
160 169 210
212 228 231
236 252 260
293 317 322
351 371 400
402 406 443
446 459 491
9 16 23
25 26 27
47 81 89
188 194 195
224 229 244
248 256 326
349 377 392
397 447 472
473 2 3
11 28 34
37 87 105
136 177 182
192 268 286
306 311 320
331 332 335
347 385 389
404 426 449
470 33 38
62 98 110
118 138 146
155 193 206
220 239 253
273 275 276
284 328 374
384 390 394
398 399 403
405 425 445
455 464 477
483 485 499
46 48 75
91 93 117
162 235 243
274 287 289
363 370 417
437 439 456
482 490 1
32 44 108
121 127 129
165 171 215
222 233 263
271 299 319
327 339 395
440 441 8
18 54 72
85 97 111
142 154 164
187 189 200
257 265 277
290 291 310
321 324 325
355 365 412
448 457 460
489 51 90
94 101 103
112 137 139
156 158 163
175 184 202
223 259 292
294 315 316
343 362 373
382 411 420
427 431 442
454 475 500
4 29 36
52 60 63
70 71 73
132 167 176
196 199 205
217 250 269
297 314 341
353 409 422
428 429 438
493 494 497
31 35 40
53 58 133
135 149 151
178 237 245
270 309 359
396 407 432
462 6 13
22 30 43
50 56 102
109 124 126
168 218 227
238 242 258
264 282 288
301 302 323
378 381 388
435 467 476
480 17 20
41 42 45
92 145 148
150 208 221
226 267 304
308 313 318
340 346 356
364 367 408
416 418 463
468 469 64
78 130 141
211 219 240
249 262 303
419 461
