400
10 696 50
12 16 45
27 421 138
12 45 30
22 1276 87
19 552 100
10 456 98
25 177 74
17 728 82
48 414 148
7 1671 42
46 0 158
10 159 50
27 462 93
29 382 99
34 22 160
12 941 40
6 432 45
15 775 33
19 217 98
25 656 83
30 20 82
6 0 47
22 0 71
31 430 137
27 0 92
11 1096 42
23 518 71
13 0 71
36 784 127
28 249 71
33 6 165
5 553 43
13 486 75
24 65 73
8 67 30
6 176 36
9 557 43
23 0 76
26 207 91
22 160 80
13 666 45
41 0 148
16 8 91
5 891 45
11 812 80
50 170 171
11 678 38
46 521 120
6 0 46
32 0 146
10 438 78
7 637 47
44 584 158
25 868 175
15 663 42
36 851 171
11 750 70
8 821 30
27 507 140
50 909 133
14 86 47
28 697 88
28 418 147
30 249 92
25 660 86
10 256 81
27 953 74
15 615 42
35 187 180
15 647 50
23 269 76
11 352 85
11 1182 47
39 837 169
11 959 78
16 1026 97
14 20 40
26 0 83
25 310 86
27 1029 98
33 431 153
14 864 84
13 614 33
34 938 130
23 422 85
26 432 81
11 636 31
10 0 40
32 1106 175
12 340 50
7 652 30
8 595 33
12 377 32
5 345 43
20 858 71
25 932 91
14 869 30
7 447 47
5 0 50
17 249 82
26 167 162
12 442 42
11 275 84
6 422 46
11 587 74
13 1009 30
14 499 48
21 893 87
10 0 34
15 266 31
12 19 35
17 241 72
14 681 42
13 45 77
35 1071 144
30 589 72
14 1151 39
24 362 76
17 1274 77
5 551 49
20 0 98
6 480 50
8 344 30
11 529 93
8 188 41
14 647 80
6 238 30
44 1094 168
30 538 89
15 787 43
16 1029 79
6 206 45
9 176 48
11 635 37
25 376 129
11 642 38
13 923 30
13 312 48
24 647 176
8 1 40
15 1240 34
20 546 81
11 0 49
29 378 90
34 396 164
22 635 170
19 424 89
8 212 41
9 662 44
23 0 78
28 535 140
21 1021 92
12 825 37
9 1189 43
25 0 70
30 422 94
29 0 86
18 143 74
24 974 166
6 0 33
5 770 50
29 386 90
12 0 92
14 1169 71
5 671 32
25 1182 135
10 987 99
49 972 166
20 773 85
44 542 124
15 682 36
22 574 93
14 325 46
15 442 38
11 649 50
7 205 40
13 449 86
27 448 76
25 815 180
12 518 94
23 78 170
5 343 36
22 453 99
10 644 83
30 753 159
6 932 40
15 425 98
12 1059 95
10 216 40
23 760 82
12 195 72
11 100 87
8 166 48
14 536 44
14 911 35
22 586 148
22 1118 120
32 900 151
15 282 35
20 666 150
14 589 35
18 0 75
33 0 134
15 848 80
14 435 50
8 572 48
10 1065 71
39 437 159
16 574 84
28 378 73
25 324 173
9 524 45
9 978 37
49 123 143
7 260 34
35 676 156
17 313 89
30 210 97
9 194 35
15 218 45
25 0 136
13 110 37
43 0 139
13 0 91
33 520 130
15 567 84
14 832 42
29 727 89
7 618 38
46 0 135
25 1296 100
5 0 50
7 823 45
12 210 42
8 775 48
15 722 40
13 223 30
12 675 31
26 105 93
30 409 87
14 397 41
12 1054 85
7 684 45
13 451 32
26 408 98
6 655 35
18 408 76
15 982 85
26 417 81
12 737 38
40 720 147
6 641 36
12 773 48
21 212 96
18 582 73
13 383 89
13 907 91
7 0 32
45 37 171
42 1063 123
10 0 96
30 0 92
13 0 73
20 74 145
17 521 83
27 443 86
12 812 48
34 1003 128
47 917 143
14 918 50
27 182 71
45 1215 157
10 47 40
10 43 91
9 295 34
12 247 97
19 757 93
43 644 175
17 0 84
48 379 161
46 449 177
14 156 44
23 1196 176
10 751 35
28 456 140
45 416 144
17 0 96
10 541 46
22 115 156
7 577 39
8 760 45
18 385 95
32 30 162
41 110 170
7 211 35
6 210 34
12 440 37
23 818 87
7 87 36
48 393 166
14 221 32
26 365 151
37 461 167
19 715 95
19 0 73
6 593 33
19 1091 84
12 865 96
20 82 72
12 1266 95
5 797 39
10 911 89
11 742 82
47 563 133
6 0 34
18 938 95
19 690 95
20 1276 91
9 634 45
13 1020 45
14 278 41
6 229 40
23 796 78
31 0 172
14 536 79
25 323 88
14 562 40
28 722 80
27 578 75
14 303 45
19 378 82
38 899 121
10 68 48
15 500 90
20 1500 72
10 1695 49
10 848 78
5 5 48
27 533 95
8 1300 43
24 410 97
10 964 82
7 695 45
44 222 140
20 479 87
25 632 76
13 663 44
10 593 45
17 128 82
31 532 140
26 746 148
15 1588 75
19 733 76
11 128 36
47 453 134
7 695 34
8 599 37
5 101 31
30 879 83
26 580 80
11 228 44
35 0 144
7 382 32
21 1237 160
15 382 34
11 765 35
11 63 77
50 335 134
14 86 48
19 954 88
28 159 171
5 233 39
36 0 134
7 1089 39
12 727 50
15 142 45
12 120 93
45 529 134
25 5 127
14 0 47
15 301 98
16 640 75
14 314 92
35 159 144
6 241 50
13 272 33
12 71 45
30 885 81
10 705 45
7 0 45
16 0 84
30 912 73
24 230 171
13 613 47
42 615 120
10 896 30
10 486 49
32 602 129
22 517 89
