250
8 0 35
13 639 37
46 462 159
24 652 153
12 330 87
5 194 32
29 579 76
18 642 87
33 297 147
15 698 48
19 236 89
13 64 40
21 645 121
27 0 138
5 343 47
25 317 96
11 340 49
11 481 46
18 104 92
19 2 79
8 26 43
5 0 42
12 195 35
13 0 38
45 0 137
15 64 47
12 427 41
9 374 30
13 292 46
7 645 36
42 0 148
23 125 88
20 410 75
8 294 39
27 386 71
13 0 94
25 0 97
20 77 70
29 697 99
35 401 126
11 492 39
23 323 80
25 0 76
14 524 49
13 0 74
9 349 32
29 353 81
12 219 44
13 0 34
5 254 41
12 676 93
11 382 79
17 0 93
11 557 40
6 194 33
8 254 50
36 546 142
29 169 91
13 565 70
19 356 82
25 419 88
12 500 87
28 821 83
8 417 50
27 209 96
12 419 31
46 411 150
23 482 163
39 266 162
39 0 175
25 397 73
33 69 167
48 191 138
6 51 38
8 13 43
47 536 154
25 329 88
10 96 42
28 440 145
17 495 73
15 0 39
34 550 163
21 511 82
9 725 45
9 209 38
7 298 47
11 250 79
9 0 45
29 159 80
5 197 36
7 144 30
28 219 73
27 370 160
7 389 35
20 382 84
5 569 46
26 602 92
7 420 46
22 370 162
12 799 37
21 0 80
22 667 98
11 159 78
24 457 76
7 0 49
7 582 40
13 78 94
49 229 135
20 399 87
29 0 137
6 604 44
7 494 38
5 453 43
27 633 89
9 268 46
12 220 86
23 521 136
12 269 50
15 475 30
14 327 42
27 117 100
34 0 139
14 292 34
23 889 96
16 0 77
46 171 152
9 574 42
12 251 34
41 341 135
26 390 93
14 0 86
15 512 45
13 249 47
20 448 97
14 0 45
22 0 88
11 492 77
18 242 74
28 227 85
22 556 97
6 0 45
23 180 166
49 246 167
11 259 32
20 663 80
5 398 42
13 193 31
34 680 149
24 145 70
10 278 86
42 73 156
34 151 148
50 118 167
29 168 77
14 115 45
9 325 39
26 502 97
25 264 88
14 417 75
16 406 98
48 188 171
5 94 42
8 119 36
25 376 131
11 999 41
25 510 91
21 169 77
31 403 136
49 0 155
21 439 89
16 391 87
39 250 146
38 219 127
25 0 97
20 148 125
14 447 47
30 408 78
14 746 41
13 218 85
5 42 47
27 275 73
25 214 79
9 338 43
19 274 94
41 535 128
15 389 38
29 272 95
39 0 158
25 509 131
29 582 83
6 289 50
23 628 156
28 716 159
41 4 142
24 358 84
25 0 78
34 410 137
12 33 30
24 295 160
8 253 32
16 0 96
47 64 124
24 370 124
24 424 99
5 242 44
14 78 75
14 0 48
25 549 170
14 281 43
11 0 93
17 421 70
15 0 100
28 440 87
16 248 75
42 350 162
20 265 88
15 84 37
40 0 126
11 497 33
37 248 148
33 453 141
26 24 176
37 0 177
14 643 79
41 531 172
7 366 33
14 788 45
6 435 45
23 353 92
29 291 93
16 0 78
9 90 50
6 294 47
7 78 41
17 643 81
29 170 91
15 567 38
17 624 78
6 195 40
15 363 48
28 0 152
7 420 43
15 232 72
37 384 128
25 356 79
43 82 133
30 84 75
13 166 50
12 476 72
10 792 87
