500
24 343 76
26 147 77
12 866 44
13 1235 75
13 921 32
11 1382 75
24 0 99
39 1494 129
44 1230 150
13 1140 41
14 1582 40
19 1282 89
26 392 88
8 579 37
12 1303 85
11 1697 88
5 509 48
30 512 88
22 517 96
11 99 74
38 0 178
14 870 48
11 592 41
15 1683 46
7 1384 33
15 542 88
10 532 80
13 1728 36
10 727 31
23 800 84
5 836 41
23 572 176
8 218 32
8 425 39
23 694 84
13 391 40
10 388 95
41 1228 145
9 593 46
27 646 89
6 367 32
11 1031 36
15 1133 48
28 391 137
17 0 97
25 508 82
12 635 38
33 877 152
23 1229 82
5 971 30
24 1002 94
18 1179 85
12 1069 42
16 491 91
11 839 92
19 655 84
16 0 80
10 0 37
30 621 80
20 1198 139
22 698 88
20 173 85
9 618 37
14 357 87
31 563 141
11 763 33
19 355 85
8 1256 37
8 1252 37
16 977 99
30 1393 88
12 1206 75
13 0 73
12 381 45
30 779 91
20 423 94
27 876 139
28 777 95
21 825 80
26 149 132
6 1115 36
11 229 77
10 773 83
14 1069 37
11 122 70
10 88 45
25 564 87
8 759 39
9 707 30
13 365 42
28 101 96
43 47 129
16 833 90
27 708 71
33 418 128
5 810 43
15 1330 85
16 439 75
26 871 166
11 510 89
11 1669 50
9 811 40
21 1325 177
50 341 143
28 94 82
15 363 48
8 1056 50
14 527 36
10 440 91
21 643 74
19 0 81
7 360 32
25 214 91
20 787 137
29 852 94
38 0 140
6 748 32
5 140 37
5 961 39
10 854 75
10 1086 35
11 333 97
43 1660 135
19 1233 94
20 550 93
13 834 47
5 0 38
12 39 87
22 401 78
23 859 130
9 1584 33
46 754 141
39 278 120
15 1107 50
8 911 43
13 930 33
30 596 73
27 647 71
13 292 35
7 934 43
10 1159 36
7 1214 44
23 854 70
6 755 39
12 0 78
33 997 133
10 486 83
37 260 132
29 594 92
36 770 162
16 1140 100
18 73 82
14 434 34
13 445 36
15 608 78
19 882 88
7 476 33
10 1179 32
42 569 125
9 875 40
13 764 47
30 575 72
13 757 71
23 444 174
16 233 83
40 623 158
7 1299 49
20 724 94
17 263 82
34 365 122
14 538 98
38 1128 137
40 0 133
12 75 88
9 759 37
37 527 165
6 688 46
22 1515 80
46 1145 171
5 469 31
40 1609 138
8 376 36
13 134 30
23 303 96
7 932 39
9 875 33
13 1161 42
15 129 49
30 715 93
13 114 44
16 696 100
9 105 47
8 420 39
33 723 129
32 1068 162
9 1023 41
25 949 81
13 1251 96
24 824 84
49 1104 126
26 752 87
6 840 48
34 239 165
25 831 91
10 1728 93
16 647 79
40 0 144
25 277 73
22 394 71
29 325 99
30 1184 88
30 1168 79
13 205 50
32 832 174
10 604 33
22 927 141
23 928 83
10 0 86
22 901 93
22 591 134
7 916 30
7 686 31
30 1269 81
7 295 43
29 0 74
29 636 124
7 1042 39
37 921 144
13 926 99
10 592 44
27 0 130
31 1403 142
12 1228 41
30 703 75
13 0 50
34 553 144
10 0 31
45 687 139
7 853 38
19 136 91
8 560 44
11 472 31
10 394 33
16 357 100
12 0 31
12 759 90
5 427 35
9 0 32
20 0 98
10 0 44
11 1021 30
10 460 88
9 303 43
18 101 79
27 622 83
23 136 88
24 549 154
7 195 32
28 1023 99
7 557 38
30 0 99
21 115 89
34 929 175
5 555 35
16 0 84
23 496 133
13 745 93
25 796 95
9 1194 31
12 0 82
44 418 133
14 460 99
13 100 43
30 664 84
25 196 81
28 394 83
29 799 86
44 557 147
23 1211 93
26 1321 81
18 553 89
14 800 100
24 387 82
27 55 81
21 762 74
10 895 43
10 1129 73
20 263 79
9 252 45
27 1231 91
12 533 88
25 98 81
11 237 35
5 130 33
14 326 47
6 624 37
13 909 50
6 893 39
6 489 33
12 970 46
12 617 50
11 422 88
21 769 75
15 310 73
6 319 47
31 1218 175
5 315 33
10 874 86
14 1288 48
15 755 31
20 1170 75
36 706 148
17 571 80
18 0 100
45 689 175
28 0 100
12 600 41
19 1257 72
9 1066 40
6 410 46
15 873 41
36 87 132
35 1553 161
17 1410 74
12 22 43
15 895 41
10 230 86
15 1129 32
27 194 162
9 419 35
27 1141 80
21 693 95
10 764 34
13 0 50
7 745 31
17 1415 87
28 751 159
12 264 33
18 789 87
24 191 91
10 138 33
19 491 73
16 678 80
12 703 98
13 2 41
10 488 34
30 430 81
25 675 71
14 222 38
16 788 93
6 637 43
30 50 90
14 1532 96
15 648 82
9 514 34
30 0 80
13 691 80
15 558 90
18 0 88
11 479 99
11 538 97
18 17 87
46 873 133
29 490 80
12 0 88
5 743 35
20 694 170
14 137 50
14 332 99
42 674 178
30 1069 80
7 0 38
27 1931 100
44 106 154
13 247 31
49 398 150
33 159 178
8 1046 32
42 1123 136
6 369 38
11 593 74
27 108 70
12 6 41
11 636 40
14 826 40
48 716 137
43 70 168
10 280 46
14 251 34
11 1008 30
17 826 84
12 1404 38
18 919 86
26 512 99
20 398 100
16 279 82
19 0 87
15 965 77
18 1002 90
13 848 84
22 413 82
35 864 175
17 0 87
29 135 84
21 673 157
25 514 125
8 198 48
30 1824 83
28 759 71
28 877 72
15 203 93
6 481 48
20 788 144
16 1714 77
16 538 72
5 591 35
7 551 45
12 1099 30
15 0 41
48 128 162
26 0 72
10 215 42
46 313 124
30 1317 76
21 890 90
10 676 37
13 865 77
19 741 97
12 97 33
23 855 71
7 498 34
29 747 153
50 496 147
5 572 39
16 577 92
30 895 143
20 120 148
28 244 83
6 1696 43
5 215 39
8 656 35
5 301 50
12 220 98
13 486 70
21 548 152
15 1141 33
23 655 134
23 983 145
10 286 93
7 319 33
16 942 77
12 194 96
25 627 94
6 0 33
5 1047 44
5 1127 50
40 601 136
12 409 35
23 832 138
16 380 99
25 389 97
11 384 41
6 694 46
21 969 166
15 0 81
14 600 79
6 546 38
15 574 36
15 556 49
6 995 42
16 333 86
15 249 89
28 269 86
15 490 48
8 732 40
13 1391 82
26 721 75
9 0 48
25 657 76
8 93 46
11 1057 31
5 626 39
20 490 99
40 41 149
7 0 45
13 879 42
6 1289 39
10 897 88
15 1072 70
27 966 86
10 832 78
13 829 37
15 174 32
15 838 76
44 469 155
23 139 135
43 690 173
12 1424 50
14 687 89
17 817 80
