450
13 0 84
48 478 155
12 818 89
15 805 38
6 949 33
30 0 79
12 937 96
28 793 82
38 0 158
29 237 88
29 0 85
20 537 122
9 786 37
36 73 160
10 643 92
14 117 34
21 763 86
6 868 37
15 1186 32
20 766 80
27 432 73
5 635 43
27 246 76
7 231 38
10 686 46
25 1062 100
32 686 161
28 1029 95
6 334 49
11 0 86
14 0 96
5 800 36
9 501 32
27 351 167
9 776 48
7 136 40
22 969 82
29 1253 76
22 950 88
10 469 36
25 714 84
11 497 36
22 1027 97
27 1307 89
31 140 139
6 911 43
11 1011 33
11 36 80
45 866 137
13 1159 40
20 1510 100
7 909 42
15 317 41
29 799 76
15 713 39
6 1214 49
24 275 171
16 422 94
35 1059 162
24 1016 91
34 240 122
30 619 157
5 522 46
15 444 40
26 475 162
36 724 125
35 586 165
28 0 72
15 441 82
40 754 125
29 346 97
38 0 138
37 729 153
40 860 156
23 938 75
15 292 48
15 1055 38
10 0 93
49 744 151
23 670 153
14 314 48
13 412 40
8 1048 32
19 930 94
27 205 87
21 257 80
5 619 33
26 27 162
7 737 42
10 0 30
8 1690 34
26 781 129
48 538 157
10 488 91
12 149 40
6 1055 35
40 442 149
8 17 34
9 936 50
15 492 37
14 814 40
36 98 144
22 900 162
12 372 39
7 209 41
23 825 153
24 227 93
14 231 33
24 555 92
24 245 84
38 226 128
8 1116 38
28 198 70
10 417 47
7 0 38
20 246 78
20 0 79
16 28 91
15 0 33
27 1511 94
36 34 171
8 490 50
28 0 153
29 280 80
18 706 72
15 465 37
5 759 44
10 663 34
8 1389 33
22 413 73
46 1198 163
13 1130 50
6 251 32
28 519 161
28 0 75
14 913 46
11 602 49
13 783 80
28 641 74
22 891 83
28 736 180
12 0 89
10 596 94
13 643 45
25 0 83
9 199 48
26 2 160
7 217 34
18 312 99
9 524 42
50 0 179
14 451 89
21 925 126
5 923 42
7 1053 31
12 157 94
22 662 81
9 0 46
30 41 89
14 39 45
10 0 32
28 253 88
36 169 140
20 700 73
30 1072 85
23 0 81
10 0 34
39 538 147
44 436 158
24 100 71
27 417 84
7 471 50
7 322 48
16 1248 90
15 18 42
21 1213 91
14 1181 100
45 612 134
10 274 41
27 0 82
38 0 171
12 831 73
16 590 85
9 423 41
32 863 171
14 670 40
5 687 49
15 858 46
33 0 179
25 0 179
24 1172 139
25 389 84
11 641 37
11 678 75
25 333 70
13 125 49
30 531 162
20 330 94
10 350 39
16 862 93
11 601 31
24 0 82
20 0 98
13 983 89
15 553 47
5 245 43
27 709 74
20 410 95
8 909 41
26 922 169
13 874 32
10 401 37
16 548 84
10 12 83
15 1009 84
27 23 81
30 513 71
17 388 84
45 441 170
11 581 85
14 0 33
24 423 94
14 671 38
33 285 165
10 355 99
12 163 45
5 350 40
19 0 88
13 427 30
23 270 94
33 200 145
48 431 144
12 100 31
38 77 145
20 186 89
7 231 31
47 207 159
23 388 84
13 1147 98
23 1145 86
31 444 133
38 549 136
15 308 83
15 269 31
30 624 94
27 0 98
5 212 50
9 102 37
28 184 94
20 0 91
26 909 78
6 1092 48
28 874 96
41 711 173
17 616 92
29 355 97
36 904 156
38 647 161
20 140 97
11 0 49
13 980 33
12 712 86
28 393 99
16 494 70
18 557 70
12 280 31
20 373 137
14 51 30
37 562 140
43 1009 170
17 1685 95
24 1182 87
6 132 44
11 222 74
5 1191 41
20 1297 87
9 1023 36
14 552 48
13 536 47
20 0 76
7 472 46
15 983 99
14 601 35
10 748 70
8 728 33
10 456 38
25 908 71
8 966 40
9 999 49
20 1196 93
14 1147 34
25 429 76
22 1211 142
47 350 156
30 795 87
47 107 138
10 749 99
15 838 45
25 568 72
23 431 88
9 361 34
11 0 75
25 1083 83
10 0 41
30 891 96
30 0 79
23 291 90
22 362 94
15 208 71
6 959 39
22 1046 72
7 1165 39
12 60 36
28 425 164
22 0 177
28 462 87
15 772 39
30 267 98
16 869 74
7 174 32
11 747 40
35 1318 141
22 597 73
49 188 168
6 0 34
16 397 86
9 0 33
26 395 177
14 1291 37
14 1345 71
33 818 163
15 975 36
30 103 140
6 910 40
12 0 43
14 383 96
11 715 49
41 86 146
20 488 97
10 705 42
6 765 49
20 1100 94
12 270 39
13 341 47
50 736 165
20 716 71
33 1277 165
14 862 31
20 284 149
48 1187 142
5 772 39
49 1485 179
14 709 97
20 22 128
7 750 35
6 455 36
20 507 97
14 369 92
42 1051 137
17 294 100
15 116 77
29 515 162
18 191 98
9 0 33
26 1179 175
10 1235 70
42 238 160
9 278 37
15 785 91
14 516 45
28 139 77
17 57 100
10 602 77
5 215 39
22 1192 73
10 83 41
34 567 176
8 879 43
29 190 85
15 1151 47
12 491 33
23 237 123
6 910 41
31 343 147
8 640 45
25 1098 77
48 193 171
29 1386 137
7 262 41
13 98 74
31 663 167
11 29 100
21 942 138
6 595 46
25 1379 88
7 503 30
38 211 163
6 792 30
7 1043 36
12 357 31
26 862 121
14 993 44
26 365 174
5 827 32
18 797 98
19 614 85
7 408 33
12 0 35
16 1094 81
17 1263 83
11 440 42
17 489 82
11 1064 44
28 533 77
11 599 50
9 816 44
7 1280 30
13 1150 30
12 1017 48
9 755 32
42 284 141
15 892 47
7 1112 37
13 69 95
34 946 134
11 0 50
12 1272 37
15 512 32
28 1676 85
22 133 121
13 382 36
26 448 164
14 0 79
38 301 168
10 1168 45
9 305 38
6 418 43
27 521 82
42 86 177
10 718 71
19 55 95
15 204 38
24 1101 94
25 437 151
10 511 43
19 1105 97
27 491 142
22 553 83
25 594 87
10 105 40
