150
37 56 175
10 0 47
12 83 42
6 0 38
47 342 151
24 249 73
29 133 71
19 195 90
26 87 100
5 148 43
7 284 33
10 93 82
23 172 74
28 203 176
27 113 91
8 322 39
23 91 84
30 91 85
25 0 71
23 154 96
23 167 76
10 162 33
20 26 76
14 378 50
7 271 43
21 292 90
16 224 75
11 231 99
6 378 34
42 91 162
17 49 90
26 42 86
13 8 48
28 111 93
24 0 86
31 238 156
5 239 47
50 196 129
8 366 36
12 0 39
13 392 43
21 218 84
8 313 50
22 186 79
27 0 75
14 0 79
23 318 85
15 21 37
15 2 47
26 173 84
30 372 97
14 311 91
9 396 36
12 0 32
27 162 143
8 192 50
8 294 33
12 202 100
21 161 97
27 0 98
23 106 165
22 216 77
13 120 47
14 118 86
15 104 81
43 110 134
8 0 39
38 124 136
26 48 167
11 95 37
29 324 98
14 86 39
15 138 38
23 0 80
22 298 98
10 154 46
43 0 127
27 0 86
15 0 96
19 325 94
21 288 139
36 0 128
11 344 35
50 247 169
14 168 88
24 199 89
49 232 172
7 261 34
46 266 132
22 211 77
13 122 34
6 85 48
40 288 140
26 231 86
26 155 87
11 3 48
11 238 38
24 134 87
27 117 91
11 157 39
15 319 34
12 108 41
16 84 94
11 226 79
5 229 40
13 191 41
12 26 39
10 183 79
50 221 127
12 0 34
14 364 41
8 28 35
5 259 32
37 151 148
30 355 163
14 0 47
18 37 91
14 157 71
27 107 81
25 108 86
13 0 99
23 88 130
10 151 92
30 245 91
20 68 70
26 365 82
29 157 82
44 1 157
24 335 82
12 96 34
40 67 123
26 437 120
25 0 86
30 7 98
14 202 44
23 203 86
10 105 32
25 134 158
18 251 73
26 237 70
25 148 126
10 141 99
10 115 32
12 190 71
10 219 40
22 160 84
11 0 37
23 79 78
14 8 50
14 218 50
