300
39 525 179
5 0 33
8 1076 37
32 416 137
13 898 90
26 173 94
14 816 75
44 116 154
12 776 36
15 503 44
14 0 83
6 211 49
12 710 71
12 104 86
27 792 75
39 841 121
14 279 96
22 305 172
13 206 73
12 372 32
5 353 37
49 219 176
26 0 93
30 107 73
27 143 71
13 308 32
8 588 35
10 0 32
12 587 81
8 813 33
30 1015 85
5 426 47
11 173 39
26 202 172
7 0 40
12 155 48
13 351 32
9 671 43
21 625 98
10 489 47
30 0 94
47 436 122
11 208 89
12 428 93
20 0 87
14 745 72
25 523 159
9 105 44
5 715 36
18 267 82
23 648 162
27 321 70
26 240 94
5 296 48
11 403 84
11 679 42
12 422 33
23 380 100
19 70 73
25 722 82
12 354 45
34 468 156
8 156 39
29 338 78
27 689 96
20 396 72
19 424 100
9 508 40
34 258 156
13 0 92
6 271 40
6 0 42
12 4 38
9 719 47
6 321 40
21 934 93
9 203 31
30 394 97
10 647 71
19 328 98
28 644 90
8 340 49
8 0 32
5 731 48
9 339 33
15 218 37
49 21 158
6 0 37
11 511 75
14 295 38
20 320 75
25 325 88
28 498 151
12 351 48
30 398 75
35 93 164
49 309 120
15 559 42
20 525 168
14 267 31
12 762 45
22 0 88
5 283 46
25 187 87
27 662 82
28 276 74
12 540 39
31 604 167
20 295 97
22 422 131
13 1121 92
15 482 37
9 0 44
6 586 30
14 400 41
44 56 143
9 21 41
12 780 98
15 643 70
22 345 168
14 172 82
14 475 50
14 0 33
24 89 74
7 607 46
22 243 88
14 499 34
12 709 46
29 385 97
24 402 99
25 485 98
11 174 36
7 465 33
25 297 76
12 138 92
14 0 33
37 258 160
11 581 91
12 183 31
7 121 45
7 301 31
41 176 173
44 0 141
13 464 96
6 467 31
13 0 86
28 166 84
20 356 88
15 988 73
24 617 89
26 628 83
13 200 89
5 51 40
40 433 177
13 822 38
12 8 99
5 269 49
8 0 35
7 222 50
25 482 164
13 458 46
31 361 164
20 871 95
12 173 95
26 368 156
12 205 39
10 218 100
10 95 80
9 988 49
14 605 72
20 0 70
21 167 71
5 264 30
12 366 43
28 0 95
7 203 42
7 0 47
30 501 154
11 887 30
45 323 175
13 181 40
10 1001 42
39 347 129
22 179 83
28 228 177
25 263 131
24 154 176
10 0 83
12 579 72
11 270 74
28 282 84
15 595 87
30 342 171
10 734 97
22 332 86
9 0 45
22 320 86
26 447 97
5 691 30
42 119 169
23 926 88
11 835 77
12 672 44
10 174 38
49 0 163
25 215 99
19 74 79
27 421 79
37 372 120
19 9 98
10 170 47
11 378 41
6 375 47
28 378 124
9 311 47
13 370 31
8 582 50
19 0 84
13 256 41
6 377 42
6 379 32
20 629 91
12 523 93
18 418 100
26 551 95
11 33 34
19 148 86
7 359 38
14 469 97
7 138 45
15 131 48
10 512 88
7 527 46
8 427 41
31 750 155
22 684 149
45 995 127
21 39 100
7 169 33
5 0 31
12 506 43
12 0 32
16 458 85
11 459 97
43 0 133
13 339 83
10 0 87
6 393 40
10 725 49
11 469 37
6 0 45
35 210 136
15 243 41
5 204 32
12 0 88
28 355 78
12 540 71
15 85 42
46 0 125
13 382 37
32 0 177
48 457 128
16 437 94
13 0 45
43 0 131
21 466 87
6 639 42
26 733 95
7 481 49
14 671 33
18 606 95
19 115 89
22 894 82
9 488 50
20 396 76
11 422 43
38 288 173
6 381 34
19 0 75
22 68 139
22 50 97
9 394 48
16 483 80
25 414 74
37 436 173
10 228 30
15 658 41
26 252 88
49 462 147
50 1005 152
5 163 40
13 652 35
21 229 81
14 613 94
18 889 70
30 420 124
6 953 38
15 0 38
14 671 44
17 524 85
