100
44 194 175
5 354 42
14 65 75
17 80 90
9 76 30
14 157 100
29 97 88
11 36 45
13 97 42
23 154 85
15 118 31
18 188 88
41 0 150
22 0 97
12 181 43
23 140 79
11 155 32
14 28 38
49 144 164
40 293 131
30 67 138
25 21 80
32 33 145
14 170 40
19 53 83
6 37 45
10 0 85
18 243 85
28 62 93
6 186 44
10 0 85
23 226 100
27 98 171
10 233 39
15 194 49
18 119 71
15 0 32
43 25 121
35 245 169
12 0 36
15 159 47
12 23 42
21 0 91
23 170 79
12 90 46
21 149 169
26 0 88
10 15 49
12 116 39
28 20 88
7 108 30
15 0 86
30 171 137
6 227 37
6 32 39
8 322 44
45 182 144
27 301 71
13 171 37
30 278 78
13 114 74
15 147 32
12 7 31
38 0 138
18 123 99
11 0 33
14 177 34
11 52 42
6 148 43
12 225 39
7 148 40
12 59 33
29 50 84
24 116 87
10 107 40
50 267 137
9 0 46
25 255 83
13 122 77
6 141 35
7 137 34
13 0 40
15 19 30
7 174 49
44 160 144
22 148 100
10 111 40
5 126 30
29 97 97
17 138 85
23 107 77
42 118 164
20 0 142
25 102 74
12 275 87
43 67 176
40 110 151
5 27 38
17 242 86
14 75 50
