350
22 469 92
7 388 49
12 638 75
11 362 91
8 956 44
23 414 78
34 944 175
6 341 46
47 576 169
18 533 98
20 523 87
27 0 96
11 256 75
28 219 74
12 31 80
20 119 180
40 542 148
50 395 180
13 391 43
28 405 96
9 350 33
28 189 79
15 0 36
48 0 137
31 619 129
12 218 48
5 862 46
8 1145 41
25 725 177
22 653 77
7 447 47
15 908 36
25 669 147
11 267 76
5 912 38
50 0 163
20 452 130
28 717 70
42 0 137
5 209 42
11 329 38
27 0 74
15 638 50
12 680 42
32 699 152
10 226 89
20 299 92
5 0 47
15 51 44
19 438 88
42 793 162
29 860 81
19 1028 83
49 425 123
35 874 123
50 242 164
14 116 32
35 927 162
17 473 85
36 0 139
11 652 72
5 476 47
44 884 179
42 843 143
50 515 157
38 26 125
8 334 36
16 775 91
21 1272 74
9 0 38
10 489 30
13 513 37
23 721 100
11 330 47
16 654 75
6 609 36
15 669 30
41 883 163
15 488 71
12 653 43
22 435 131
7 0 50
15 0 50
9 603 43
10 92 88
8 269 42
38 636 153
13 691 38
45 149 146
7 0 37
9 107 31
15 174 77
28 946 73
9 1320 47
12 524 41
8 716 44
32 585 174
20 273 127
26 404 100
23 270 74
18 498 75
21 559 83
10 223 85
5 916 44
25 1245 75
14 815 88
6 143 30
13 1103 44
19 767 76
5 446 40
15 735 79
10 339 36
7 41 50
6 416 32
17 17 70
5 26 38
40 945 123
8 0 41
26 342 87
10 480 31
25 183 81
11 535 33
26 207 85
14 332 33
15 531 48
14 578 73
14 0 46
25 523 77
14 204 37
48 27 171
23 472 143
10 712 91
33 351 142
22 315 100
11 323 47
21 338 87
6 185 42
11 818 87
9 329 41
35 476 135
30 529 164
16 645 71
7 380 43
16 507 79
30 155 179
8 0 42
48 541 135
26 800 95
24 631 87
26 624 83
23 1009 180
11 303 89
15 302 39
17 803 89
23 214 91
22 380 174
14 990 49
10 511 94
12 508 45
12 439 30
46 0 167
12 388 70
13 0 35
30 338 95
40 401 180
9 604 42
20 87 95
10 683 40
14 205 93
14 145 41
24 1205 80
20 240 84
15 103 81
50 642 144
15 366 49
24 516 91
11 728 95
20 555 86
25 618 154
33 582 177
23 339 75
25 936 73
12 591 90
23 88 83
22 825 70
8 339 42
20 122 76
14 254 38
13 252 98
29 269 122
10 0 50
11 212 70
30 930 139
20 903 88
5 671 31
18 0 85
48 681 132
22 560 144
13 205 45
28 569 142
15 970 74
32 419 149
20 215 82
13 267 32
13 865 42
20 184 133
7 292 49
22 546 97
7 413 40
33 762 122
23 85 141
46 895 171
25 438 87
42 973 158
30 709 75
27 761 96
39 571 140
13 494 49
28 83 81
28 447 89
23 738 149
21 956 141
6 22 44
21 331 72
10 792 31
13 451 34
29 609 173
18 476 85
11 625 73
17 468 94
8 839 34
28 449 76
26 356 89
15 137 73
21 948 96
10 327 30
14 694 84
6 831 43
7 547 33
26 500 147
13 49 34
9 153 30
13 434 47
19 99 77
12 848 49
9 541 33
22 505 70
26 919 77
24 345 129
30 1012 80
12 206 49
17 399 95
41 325 155
15 338 46
32 1135 177
18 1085 85
35 586 161
27 847 83
11 371 42
26 105 83
10 0 40
34 135 132
8 353 39
29 586 93
45 0 127
10 0 31
32 438 127
22 588 84
6 1178 31
7 736 44
21 147 76
33 421 121
5 269 43
15 411 43
5 0 37
14 255 42
26 692 145
27 1047 75
10 99 44
21 0 88
7 1021 46
34 89 136
13 583 98
28 909 96
25 0 98
14 0 45
26 523 99
39 497 134
28 140 83
15 1044 43
30 149 178
33 353 167
14 1421 46
47 726 135
22 483 95
11 234 81
10 91 40
8 128 50
38 0 168
19 441 89
6 434 45
9 456 45
10 536 75
12 555 91
6 757 36
15 86 39
26 0 70
14 659 37
25 809 98
17 286 95
11 304 40
11 366 34
12 1406 83
11 0 83
47 83 157
30 462 86
14 48 72
10 283 73
19 709 89
10 559 93
10 605 34
5 135 38
19 222 98
20 477 84
12 718 41
11 0 34
9 398 46
15 607 47
21 658 75
10 575 34
9 0 47
10 585 82
10 327 79
12 612 37
20 575 91
28 843 134
25 345 70
25 237 76
28 135 89
10 157 70
46 628 133
10 366 46
23 475 84
19 0 78
17 235 88
30 559 85
28 564 99
12 310 32
38 436 156
7 1001 36
