200
29 30 132
11 73 32
32 242 125
10 123 95
7 422 37
42 44 146
29 215 84
42 508 141
30 417 72
7 410 43
12 192 45
8 36 38
8 444 45
14 441 34
15 272 45
12 457 36
46 169 129
5 0 33
28 172 72
46 423 143
37 241 144
12 438 83
8 0 49
13 20 36
5 133 48
27 0 87
18 345 71
35 202 163
9 0 35
14 0 49
28 213 76
9 123 31
26 437 128
22 109 71
14 49 41
11 346 30
13 109 31
23 260 138
11 85 100
19 279 90
13 49 79
22 163 99
11 171 39
12 425 45
19 45 88
10 110 96
12 119 32
18 13 82
13 436 43
23 222 76
16 306 85
33 94 168
49 358 180
14 378 98
9 281 41
29 65 70
12 513 90
25 0 85
13 12 33
19 379 72
11 0 39
11 42 40
18 320 88
10 97 41
9 678 38
22 313 95
25 1 88
18 128 70
6 609 31
14 0 30
45 151 154
13 655 31
14 290 38
9 399 50
20 157 70
9 395 42
44 0 165
14 504 33
13 262 49
13 86 92
24 171 134
29 196 71
28 485 99
26 274 80
26 557 82
43 224 178
8 0 31
11 376 43
10 126 42
50 537 173
10 290 39
15 112 73
22 13 94
20 511 151
26 213 139
16 263 79
10 0 92
15 140 46
25 162 172
5 461 33
10 285 49
10 0 40
17 90 90
11 46 34
18 142 86
9 190 45
37 133 178
43 407 170
28 45 99
45 323 144
11 362 43
10 35 95
10 168 48
12 193 32
13 489 96
11 238 78
6 254 39
9 430 47
7 265 47
13 603 75
7 20 50
27 256 174
14 297 73
22 397 70
8 433 31
23 60 74
38 118 177
23 305 87
35 403 135
5 74 49
6 100 31
10 318 82
9 731 47
7 294 36
29 276 70
15 348 33
10 1 85
8 350 46
17 356 90
28 364 176
12 325 30
7 93 47
17 369 90
24 328 79
11 359 45
5 43 31
15 361 100
27 0 80
27 443 74
5 2 47
38 0 147
9 250 48
14 0 43
48 299 159
9 360 35
7 207 50
10 403 33
25 197 98
8 0 46
12 189 91
15 73 47
10 354 73
30 275 180
29 0 86
16 275 99
37 405 139
12 0 70
43 276 125
17 274 90
24 505 96
10 403 39
13 484 49
9 436 33
30 178 89
49 478 154
13 371 45
20 36 99
13 550 93
15 78 83
15 271 72
10 222 37
32 502 149
24 480 71
11 257 97
10 365 86
45 179 135
28 98 72
8 548 31
13 445 86
29 0 80
17 37 93
15 144 42
10 283 74
26 224 99
5 186 31
23 86 84
9 119 30
30 218 78
16 171 74
26 34 94
