121374
15
190 187 116 115 169 192 88 32 75 151 211 55 126 114 79 35 12 184 156 158 241 37 71 203 179 198 160 185 178 159 8 182 212 121 74 52 56
155 34 217 1 38 15 17 128 245 3 20 14 228 244 50 176 136 243 11 240 197 208 18 4 87 95 247 168 119 161 60 129 53 222 183
202 68 5 219 107 248 164 209 194 224 109 154 195 138 7 62 186 152 146 133 59 123 231 134 76 170 150 141 127 177 118 147 66 65
137 139 99 93 29 26 106 140 189 225 10 111 44 30 143 181 67 166 63 163 86 157 24 103 72 131
144 54 167 23 89 229 42 39 174 102 117 6 27 105 242 246 83 101 233 69
28 46 230 226 25 221 51 218 237 110 210 223 204 57 216 175 173
85 108 149 250 214 132 97 61 45 96 200 142 78 227 90 135 113 162 16 58
239 191 171 64 130 94 41 207 172 120 73 112 235 80 125 47 40 104 145
36 100 236 206 81 92 9 70 213 180 148
19 124 249 199 2 153 77 91 98
232 21 122 238 201 188 48
33 215 196 31 205 43
84 49 13 82
193 234 22
220 165
