150
105 1855 138
22 3934 129
99 1512 180
111 3089 188
149 2075 199
49 2675 181
74 3569 164
68 214 107
96 1941 199
104 4207 163
107 3214 123
76 1976 163
16 1319 121
45 3885 177
71 3304 101
136 889 130
48 3321 184
64 3149 149
88 3740 156
70 320 134
118 2638 160
29 2117 158
30 1000 128
126 1487 151
73 1594 128
32 2485 153
40 3647 171
70 164 193
50 2637 129
27 2906 150
75 755 166
30 1826 157
138 1133 108
94 3833 130
82 78 173
99 4121 175
94 621 180
106 4187 189
57 1314 195
146 3563 139
103 1835 120
51 4142 190
86 805 128
130 2255 118
57 3922 107
129 4218 122
24 3826 155
143 454 136
142 1122 143
76 4109 103
70 3445 181
54 775 197
99 2567 101
16 4166 118
136 502 188
84 1568 146
82 2964 122
136 90 123
137 161 156
42 2142 140
78 2238 109
59 3624 125
22 856 118
147 3680 146
144 3502 111
79 3600 101
23 1923 173
37 2984 155
148 2006 168
77 2181 195
46 3605 106
106 2327 154
119 1604 113
84 1639 129
86 1221 125
92 4474 139
105 2272 181
78 106 143
31 135 141
49 476 104
19 3325 119
117 1370 167
55 1475 180
78 3020 152
27 2008 159
44 3381 184
128 2667 197
100 3438 169
24 2867 163
92 3635 186
66 942 181
128 3660 125
90 1360 132
54 3699 131
69 4051 135
141 3131 102
150 4055 185
118 3826 161
25 808 110
122 58 111
46 1864 151
111 3559 168
143 4337 193
33 3783 200
84 1661 142
67 2556 148
65 2641 135
116 3003 115
63 3203 183
66 2899 137
101 2705 151
149 1093 120
82 1466 155
23 248 173
42 3065 165
89 268 180
117 4067 166
99 4317 115
86 904 151
69 271 132
21 4443 186
39 910 143
118 1533 150
126 1175 119
83 682 153
135 3735 152
134 3578 141
112 3159 151
125 2792 160
64 1305 183
138 243 164
51 4169 108
142 1524 199
33 3526 137
118 4339 190
98 4370 196
146 1453 149
63 287 126
40 664 167
59 2573 173
23 2599 172
112 2220 128
105 466 135
115 3499 155
84 126 188
130 3977 117
129 2503 183
18 614 199
84 855 199
25 4047 103
