400
372 16012 197
175 22306 134
368 9562 127
89 8358 116
214 29392 177
285 31257 180
389 2926 176
303 26687 126
195 16407 199
354 13457 187
206 17568 116
78 24778 157
342 3049 108
218 25237 182
337 15919 145
129 28674 165
217 9058 146
110 11773 126
107 13121 148
211 16693 192
355 30182 197
49 20226 119
192 1887 137
111 10754 197
149 6832 170
219 10565 120
394 11207 169
292 4509 198
110 25131 131
257 18047 133
388 29785 197
94 19815 115
157 26202 150
143 11436 169
132 28441 123
133 18258 165
233 12622 122
150 20402 168
322 13577 135
245 31898 126
349 12455 167
303 16389 132
51 12246 187
175 17537 126
158 11973 160
52 26261 124
271 30398 142
197 31092 111
199 15866 179
204 21205 134
395 31993 141
243 30900 184
184 5349 184
267 2259 190
292 16102 171
311 13197 151
73 5804 136
146 17309 102
327 31014 139
373 24029 139
336 16834 139
76 26305 155
91 27894 176
376 16568 111
251 2993 167
168 6047 159
80 10757 119
94 4864 119
327 27837 190
330 29486 190
335 4194 154
205 5022 146
358 31274 106
59 8518 137
40 17100 135
82 710 120
107 13241 183
259 27214 152
352 16272 179
397 12750 177
105 129 158
354 5662 156
368 21829 192
93 8237 164
293 9375 104
261 30748 131
198 4552 141
58 29279 136
267 7278 136
199 9309 185
223 15482 130
356 28508 135
357 30967 190
174 1783 194
129 18624 154
338 2283 109
72 30381 136
61 29567 186
155 12480 175
106 1438 183
42 29787 120
218 5158 133
173 6918 132
330 27117 101
270 15670 187
329 2191 143
240 5905 174
327 629 155
291 3696 143
273 2259 160
306 1783 173
125 25128 142
73 3616 151
372 6030 197
359 18466 147
136 26691 171
319 7518 133
61 5573 194
396 7890 146
255 9050 133
281 31889 182
334 4535 120
97 10623 119
363 28145 197
394 31167 153
235 9851 160
203 30925 183
53 20273 195
292 26387 158
204 46 190
240 13783 163
63 27690 119
112 7439 192
280 30243 179
243 3920 174
110 9594 184
277 25836 148
200 12622 183
361 26879 134
134 3616 157
151 26074 142
205 9728 183
365 11840 162
72 6443 109
91 17742 106
341 19004 108
330 4068 128
343 31879 197
374 13491 160
90 29573 159
281 10621 114
122 1288 174
142 15463 169
91 22066 141
88 5135 165
129 43 119
153 9561 194
344 3373 188
198 20820 118
237 8831 160
269 25985 154
272 7502 156
180 31351 108
330 30006 135
335 17145 129
372 15425 124
77 19378 171
161 1794 158
238 5549 105
253 21 146
74 11572 166
220 6400 127
293 15426 165
183 28999 186
276 18983 135
105 31468 151
315 9115 173
241 21999 141
288 15924 150
89 659 119
372 7973 187
199 9811 104
396 24290 163
396 15128 119
119 21316 170
152 6267 167
250 3256 158
332 5910 155
276 6799 174
120 30246 162
361 4276 199
386 25180 179
337 27555 101
75 7641 161
270 356 114
118 2303 109
252 80 118
206 21102 101
185 9854 111
378 9083 161
100 17384 127
277 23067 170
350 1815 120
304 16187 146
293 16653 143
376 8869 177
299 8709 166
356 30174 142
91 7972 178
325 20187 180
200 12826 113
73 15262 106
365 13332 186
365 7591 177
51 485 144
321 10986 192
374 4872 123
250 26908 175
159 11215 199
288 14411 180
169 24584 186
351 29976 122
165 21948 119
81 19821 151
211 16881 145
63 25650 199
65 16676 168
116 6721 121
365 11188 178
298 13660 186
377 12693 163
242 11694 198
327 21595 180
149 25748 135
192 7705 140
221 6580 191
302 4817 190
331 21503 142
232 8435 174
93 15419 141
225 23573 157
262 27747 132
288 10782 172
178 10448 156
91 223 105
121 6081 154
93 4691 166
393 14050 172
393 23303 134
120 1480 104
208 2239 180
352 19542 184
342 26909 166
43 30779 122
237 27123 119
324 411 159
193 24709 188
215 23514 127
245 27135 166
51 31866 156
288 19867 112
174 10261 173
169 3456 185
236 27334 116
386 759 121
41 11301 163
222 21733 176
264 10216 148
192 25571 175
234 8154 166
41 2952 111
231 6615 104
305 17400 158
363 8714 143
293 11949 194
162 7946 193
311 10171 151
266 3573 191
345 29174 150
362 13064 173
81 13567 120
229 31810 160
323 15131 102
276 6076 121
69 7019 148
147 24630 123
244 27705 179
44 9234 143
70 27827 133
310 30285 110
353 22291 164
259 25635 119
212 14131 164
326 11799 158
209 4210 184
63 10384 158
150 26228 159
41 3544 195
271 27110 165
325 15916 144
68 14867 119
247 19238 145
240 4997 131
182 14619 196
135 23532 124
328 26246 181
114 24044 197
208 6292 101
256 20690 189
178 4546 129
60 21329 139
47 14181 118
397 3309 145
92 17132 121
210 26464 176
189 4469 181
210 2351 162
98 5640 156
373 21617 112
396 30403 105
207 2137 176
102 1737 161
111 31606 161
47 18723 157
91 7021 178
194 11936 123
112 28937 154
148 12382 123
158 27367 180
121 224 117
42 2161 170
340 2169 173
227 31926 103
232 9727 175
169 4753 195
138 10508 184
196 4759 154
206 18236 182
126 25309 113
93 25658 127
344 28665 151
199 31482 164
210 31022 166
159 11941 182
123 22259 192
272 906 124
339 4662 165
222 15811 200
359 8051 128
127 23097 102
232 30754 105
224 15618 179
248 29818 121
65 7080 131
273 4922 170
292 26937 131
107 16569 118
344 5679 171
145 29584 195
87 28137 155
193 6271 106
343 11711 164
147 4215 183
229 1729 102
68 28534 149
245 10842 192
275 10490 164
302 11198 121
348 10015 111
79 27530 161
58 29899 196
193 17532 122
142 12585 137
147 15585 120
192 4049 184
128 10968 173
376 3000 192
265 25046 152
127 2907 120
142 18101 108
289 4348 173
131 7509 188
200 5515 108
146 31684 130
67 20445 172
315 10756 179
237 3030 183
189 11333 116
109 7536 103
92 14541 161
244 4468 120
333 8775 140
229 26479 135
379 2069 133
45 27997 174
40 29822 126
222 14917 165
160 31313 133
116 22073 154
305 19029 122
