450
183 11835 101
365 18200 128
310 24535 128
146 39887 189
187 39078 111
105 20577 168
111 36880 142
138 12263 198
54 9578 167
254 29637 160
62 20495 164
338 35509 151
96 24900 169
132 33236 112
301 32166 143
168 31059 195
305 15233 135
195 35287 135
231 28927 117
365 1535 121
382 39337 108
334 17418 139
324 24410 190
394 28424 130
239 35792 144
103 39358 192
99 27907 127
76 2167 107
278 21800 139
341 13343 152
362 19223 174
230 25827 102
326 3503 155
89 11987 134
329 20859 173
302 20954 120
51 16905 191
247 29639 157
295 4084 126
442 28177 114
272 1192 122
200 6350 146
104 34566 115
367 18358 131
272 27210 177
262 3338 193
362 40043 106
221 5917 113
264 17000 171
223 7798 157
57 22207 122
316 27621 138
161 26625 196
237 33539 137
186 34004 144
148 37904 102
426 35077 181
244 14066 165
105 7306 118
438 34110 110
370 19249 183
77 32311 108
179 2453 115
91 6451 174
252 15197 147
275 6580 136
277 35853 117
143 5958 197
131 6648 177
314 27473 192
282 35781 190
173 35291 196
143 37442 146
441 209 139
304 17565 159
206 30678 191
172 27923 151
63 4529 173
208 15699 194
137 10740 117
66 33675 102
338 11389 155
135 6614 145
339 16457 137
146 17127 174
184 12236 173
445 29640 117
112 12381 139
421 16167 135
446 24048 144
134 8766 172
150 32488 106
322 13791 196
422 31030 101
417 32406 152
122 33278 139
144 8463 159
389 34962 176
200 12632 140
57 1323 122
327 36013 116
354 4053 119
150 698 105
362 39802 190
208 8763 196
401 6750 161
182 38577 158
153 2391 125
182 34427 111
96 26819 132
167 23590 148
420 9111 200
46 26906 145
69 32697 101
160 12429 193
406 24854 107
445 13706 173
189 33941 130
363 29763 101
175 2430 122
57 37240 156
256 17455 162
330 32766 192
99 12520 117
171 10921 185
435 10216 118
147 35088 149
303 22919 136
216 11508 200
325 37110 140
123 21288 125
101 18005 151
234 40266 112
325 24910 128
304 29047 138
347 14929 146
116 29631 150
336 37240 119
46 38071 199
445 21323 176
186 19919 188
248 33871 159
274 21442 170
239 23572 151
152 14877 155
167 8877 109
210 318 196
243 36550 116
233 30591 196
390 3960 170
97 21763 198
73 4533 166
238 5208 193
257 27294 168
225 30267 126
257 28913 113
259 27542 120
242 27714 129
63 11895 183
146 405 136
413 670 136
352 22392 177
152 25217 186
173 3581 180
245 17180 115
69 11276 107
342 25670 136
340 6390 160
133 17467 162
50 4994 127
84 24050 152
93 34634 120
72 4276 189
447 6083 152
374 14362 135
190 30678 170
442 27144 155
156 21088 174
50 13204 152
343 39528 183
415 37995 134
103 3564 191
407 10223 143
223 28347 114
413 23572 160
446 25615 155
364 24 181
333 32651 181
95 9521 105
198 34765 179
398 39898 146
348 8881 167
373 12296 120
403 38312 133
358 10812 114
255 12909 141
122 15851 109
163 14762 187
442 2030 103
204 8802 192
252 30949 110
230 19720 181
162 35816 137
200 30876 122
93 30422 164
46 27642 131
324 34537 168
53 28432 149
127 35686 122
352 27129 177
402 3225 179
365 35088 115
120 26212 124
101 5684 109
46 14942 140
362 1974 177
93 25066 159
184 16763 154
65 11413 123
439 4377 101
343 30088 134
140 27150 158
340 38272 197
194 9991 198
217 17555 169
362 29830 186
413 13709 112
247 8737 163
323 13150 181
434 25816 111
128 9812 123
186 9251 157
88 32303 116
352 39189 180
68 19039 154
131 27058 195
395 17095 147
375 34048 114
117 37605 187
376 13622 115
299 1409 152
352 25505 152
429 23234 159
231 6500 142
302 4086 178
183 34682 176
250 30290 186
204 28998 146
135 29571 166
380 16477 138
335 30426 173
76 12739 146
173 16669 134
298 19966 196
60 1132 104
406 12034 130
48 33366 123
61 27563 192
338 24424 111
351 12957 195
326 30449 127
403 5517 184
266 25106 169
232 17556 112
318 7214 110
184 30396 108
238 25451 119
413 1360 144
275 13108 153
51 3353 115
421 17034 144
267 22311 151
111 23600 151
262 3259 105
296 18849 196
398 21460 169
50 21428 151
156 31672 120
324 6835 149
56 5848 136
199 13038 191
102 204 149
135 11698 105
100 39641 166
232 34495 127
154 3984 163
73 38599 135
420 33871 192
196 10830 179
75 5946 142
92 14489 131
329 17838 132
345 5625 182
394 26639 162
405 4043 153
55 13072 176
56 5621 124
364 16498 191
56 22236 138
371 16508 188
90 34130 166
355 9622 160
130 23312 105
434 33725 129
363 19958 167
443 35777 178
241 39237 141
356 20582 173
133 767 122
241 38682 193
280 31163 119
99 18813 152
148 36222 113
144 35829 180
190 26761 138
120 39540 130
228 6518 106
176 31813 167
290 20208 114
142 2966 127
402 33511 109
387 24841 169
302 25839 106
362 24243 168
367 26351 154
313 17701 193
226 30589 136
448 34919 111
71 20796 174
400 10814 161
87 31955 161
288 39207 174
120 10874 198
81 18163 143
341 34708 137
167 39657 156
404 35679 195
332 29729 183
253 31107 121
107 34587 198
75 27120 199
233 25165 138
70 29665 178
47 34263 125
138 27421 112
420 39552 163
309 5775 103
163 9808 176
443 13819 191
384 13391 192
350 27286 182
255 27066 114
172 32600 135
216 17331 148
268 37134 157
319 1278 200
169 23455 189
67 18203 184
103 811 174
159 12728 142
310 196 106
348 20539 183
256 28234 125
186 12739 161
126 34874 107
423 39656 139
370 22275 197
260 12021 190
91 29386 197
225 25021 163
247 17470 157
450 31925 122
265 29734 195
59 14814 165
427 14792 108
151 33731 144
137 38168 105
282 141 133
433 38920 102
252 23800 117
81 6070 181
65 13050 189
332 11079 194
132 25624 147
95 30143 179
359 38379 151
174 29457 185
347 34187 143
419 16769 194
147 4438 149
174 2776 167
427 818 151
251 18933 166
297 36471 174
140 6994 133
239 4039 180
161 15430 143
340 40372 179
263 28920 156
139 31612 192
115 8594 128
249 19885 113
433 39736 176
119 17529 183
348 22709 182
392 24555 113
340 7912 111
174 36118 145
229 27010 113
320 2655 125
145 9987 142
222 24251 119
272 29003 148
450 9051 193
338 7079 164
126 21355 177
340 32696 113
265 22786 104
208 9385 162
428 36699 134
420 16329 143
65 13837 114
57 18315 137
427 19275 131
337 20144 114
334 38290 195
268 34931 171
70 1106 154
440 20152 161
52 20021 188
392 7108 122
72 16710 111
430 799 143
127 24553 119
294 30033 151
238 28604 184
333 27398 127
178 38049 200
278 4326 187
97 2328 176
174 30530 121
237 9927 131
150 30320 124
192 40128 155
304 32248 199
333 33301 108
63 14755 190
304 1087 112
347 17367 193
81 28070 133
