400
70 1330 1427
69 8468 1374
83 3137 1428
75 5234 1465
78 5944 1213
100 2819 1136
93 5966 1392
64 7461 1478
50 1291 1034
95 785 1342
55 7689 1407
67 4659 1031
58 6485 1428
99 8337 1337
93 5285 1244
69 5525 1160
97 6939 1477
81 5856 1286
83 5617 1456
69 1854 1240
91 7205 1127
70 6395 1018
83 7412 1272
76 8960 1197
69 8628 1064
82 1253 1345
70 6856 1216
51 769 1284
97 1346 1049
50 233 1394
90 8718 1188
60 3828 1409
71 3185 1440
87 3092 1053
69 2041 1045
81 3816 1190
54 7120 1318
78 6682 1278
91 1571 1107
79 351 1010
76 3245 1071
84 1659 1252
87 246 1022
68 8812 1455
58 4108 1375
91 474 1150
59 1683 1397
71 930 1029
96 8870 1360
69 5986 1062
90 5222 1045
56 2674 1073
88 2714 1040
64 98 1053
67 1534 1018
53 6303 1214
92 791 1186
63 4353 1452
84 2555 1093
72 5520 1450
96 273 1461
81 4586 1049
62 4601 1173
85 952 1079
50 707 1038
55 1923 1373
72 919 1184
95 1617 1248
63 1033 1024
92 732 1034
93 8597 1258
100 4967 1210
65 2342 1102
98 1106 1056
65 6491 1329
85 4483 1199
74 2025 1337
98 8092 1081
77 3732 1447
53 6870 1463
79 1356 1372
78 1164 1060
64 7292 1012
82 7136 1480
57 927 1401
96 3395 1373
94 4026 1085
57 5680 1216
85 6578 1423
74 7921 1275
91 7844 1029
98 7588 1345
87 1124 1324
63 226 1036
91 1241 1408
59 2833 1117
67 869 1461
94 4259 1283
69 6078 1252
77 7248 1205
65 7812 1474
75 5783 1488
87 3185 1057
63 3463 1237
83 292 1392
94 8932 1134
84 5274 1451
56 2603 1235
53 6216 1207
58 1634 1114
100 5173 1462
68 1000 1410
60 5474 1413
95 7503 1092
86 3000 1284
55 6752 1054
66 5247 1009
60 4954 1432
77 6464 1444
62 7203 1359
70 2625 1279
91 7930 1141
74 8994 1139
90 351 1091
69 4233 1035
77 5017 1034
98 3561 1310
58 8695 1276
75 5928 1245
98 7282 1454
63 3445 1256
94 5170 1148
86 976 1103
55 3453 1263
92 2233 1067
73 1493 1386
52 3856 1368
67 8775 1152
61 4899 1235
71 1955 1228
77 6484 1223
66 5970 1103
72 7724 1278
100 3892 1161
100 3654 1202
96 3068 1036
94 2545 1240
94 2425 1500
54 3892 1230
69 4559 1241
78 4398 1462
81 4576 1144
70 3036 1164
91 2957 1487
94 1160 1075
90 7301 1169
73 7493 1041
58 1862 1367
60 3678 1423
80 8923 1072
81 5574 1125
56 4270 1180
53 4290 1215
70 1096 1103
71 3402 1483
52 4799 1472
55 319 1246
63 8343 1253
99 544 1190
80 6876 1228
91 943 1327
83 607 1466
100 7389 1079
61 1385 1195
59 8027 1458
58 864 1012
92 2889 1454
95 2096 1008
64 8953 1471
72 5916 1349
80 66 1385
100 3855 1323
78 4080 1247
53 5960 1462
99 8836 1411
92 4604 1165
74 4649 1218
77 1292 1396
100 116 1398
91 2057 1152
94 8658 1237
95 5272 1265
58 7243 1342
72 4539 1218
86 2257 1240
56 3509 1490
94 4389 1227
58 7007 1361
64 4354 1252
70 5600 1160
61 8066 1419
85 5500 1455
69 2428 1152
91 7948 1399
98 3443 1484
63 2866 1378
76 4356 1319
69 3039 1250
57 2955 1303
67 5777 1428
71 2867 1185
67 3279 1052
67 3692 1348
51 85 1401
53 0 1096
67 8839 1207
65 4058 1474
90 8533 1500
51 6037 1324
58 5876 1102
86 6151 1373
76 5778 1476
68 7825 1232
79 2825 1012
72 7290 1364
75 2518 1101
79 7676 1302
71 1838 1237
60 2117 1421
71 5893 1318
88 4000 1450
98 1782 1312
77 8950 1416
57 4009 1090
66 5973 1046
69 7676 1062
85 4849 1314
64 5891 1230
67 6748 1167
92 5166 1094
59 2167 1095
61 4011 1170
82 478 1211
61 5611 1452
80 6465 1402
51 3643 1022
52 5379 1468
79 5998 1474
100 7710 1227
98 6202 1222
98 4545 1137
93 912 1312
50 254 1458
74 779 1119
82 7038 1497
96 4664 1274
50 7639 1144
81 6717 1321
54 6321 1003
97 4847 1381
70 2123 1130
77 7556 1385
89 8930 1174
69 1339 1166
90 8268 1360
56 6224 1387
57 6459 1120
96 2330 1163
54 1977 1444
90 1344 1019
67 7 1096
89 1123 1494
53 907 1330
59 5481 1384
91 6 1313
84 8147 1017
92 1622 1197
99 3676 1062
100 8558 1431
94 4328 1127
87 4175 1401
60 2834 1190
82 8375 1163
61 4395 1251
93 1307 1317
50 4075 1109
98 6085 1294
93 2942 1421
82 511 1150
61 2964 1281
92 5329 1141
61 1141 1369
66 4372 1189
83 8691 1174
53 8305 1146
68 2209 1130
88 6471 1269
68 7971 1343
82 2078 1447
60 1828 1000
86 4452 1058
63 4192 1499
97 8303 1448
87 3946 1159
83 5908 1117
88 3024 1048
65 8234 1417
92 4221 1476
86 6316 1478
55 2696 1475
96 185 1158
54 7110 1234
99 1828 1290
82 7176 1063
73 5263 1334
69 5571 1375
88 8436 1171
94 2472 1073
73 3970 1401
76 2167 1401
98 6971 1500
64 3428 1406
56 3303 1154
81 692 1424
66 6295 1304
87 5370 1169
93 7658 1239
90 7490 1286
89 3326 1053
79 5935 1061
98 522 1414
54 8808 1281
56 6390 1045
55 8907 1479
64 3688 1377
51 7284 1177
86 5047 1495
93 6436 1139
87 7833 1324
91 5846 1100
60 492 1489
88 4941 1017
97 19 1397
83 5615 1326
97 1773 1407
89 1962 1166
69 7041 1256
64 7477 1315
56 5100 1299
71 6382 1327
53 3179 1139
77 6355 1421
68 8315 1447
93 1025 1219
68 6699 1479
88 7764 1294
97 2026 1385
100 7457 1427
88 7191 1306
59 4865 1007
72 3545 1133
93 3944 1300
94 748 1455
64 5254 1084
81 6667 1479
99 6812 1114
92 3969 1034
98 2467 1029
73 227 1218
82 5199 1425
91 618 1082
51 3759 1466
61 8196 1278
90 8928 1006
79 4414 1043
61 3356 1131
55 7868 1038
91 3102 1125
87 5044 1294
53 8942 1296
79 3629 1124
84 259 1265
62 3178 1437
60 5207 1181
96 7911 1207
97 6449 1196
97 5909 1196
73 3374 1344
97 2004 1027
91 5276 1375
75 6413 1396
70 3731 1235
80 3513 1063
85 2698 1089
90 5179 1368
56 8715 1201
68 7304 1002
57 1767 1049
67 2868 1243
91 2277 1032
