300
55 4156 1151
97 3511 1087
60 1452 1050
84 91 1412
100 5835 1070
57 5451 1055
58 5888 1303
51 1594 1038
96 4411 1324
70 4388 1161
90 3444 1062
61 4038 1457
78 3070 1388
63 2594 1133
55 4930 1442
88 3931 1120
72 5988 1143
95 1706 1112
94 6672 1117
57 4472 1446
81 5174 1161
64 3076 1485
53 3683 1225
54 4358 1062
52 3236 1280
84 3032 1044
78 6365 1116
65 2302 1404
59 497 1474
93 1025 1335
98 4747 1105
51 938 1302
82 1951 1039
90 4581 1068
83 1178 1366
82 1470 1173
88 3336 1152
73 849 1253
56 47 1053
91 2080 1001
52 1607 1292
84 5361 1065
81 5924 1372
51 1332 1009
66 6709 1290
66 5628 1135
96 4560 1261
65 3644 1290
99 4954 1465
56 3666 1486
97 5201 1314
58 4300 1214
90 6701 1399
93 530 1051
56 649 1290
79 5605 1247
89 1533 1212
68 3318 1308
75 4237 1484
66 525 1401
88 6233 1230
65 4546 1423
68 4706 1400
99 2999 1323
51 5019 1206
85 3253 1488
87 1667 1168
96 1291 1103
53 6575 1468
98 6657 1406
80 710 1454
61 5628 1205
54 2865 1477
56 2204 1040
88 4767 1184
74 6293 1213
50 4453 1074
80 5206 1305
60 657 1050
76 1436 1201
95 4376 1279
54 5184 1310
93 386 1029
100 6281 1076
59 604 1145
86 2126 1287
80 2202 1187
50 6729 1470
60 2516 1285
93 3860 1237
75 4957 1325
60 2238 1493
58 1580 1251
55 4922 1365
98 743 1325
98 3591 1347
54 2645 1022
88 2210 1484
63 4433 1021
62 6291 1470
91 2352 1335
56 231 1190
67 2567 1135
85 84 1400
76 6488 1300
92 993 1162
77 4090 1225
55 5348 1000
56 1218 1021
100 5640 1375
94 3039 1400
73 4298 1290
64 4062 1231
97 3616 1374
69 6597 1380
55 2903 1111
82 5522 1239
85 4288 1281
57 3522 1479
95 4952 1324
65 2905 1009
59 3658 1305
96 2405 1025
77 5502 1352
56 4351 1324
60 4525 1479
57 2527 1067
78 2614 1159
77 2275 1254
56 3820 1448
61 1877 1099
86 3679 1398
52 2144 1044
88 5065 1304
79 5724 1308
80 880 1107
52 4811 1474
60 5030 1178
87 1431 1008
75 6528 1477
77 3065 1347
93 1915 1268
94 4835 1174
65 1872 1442
85 186 1420
76 3399 1341
53 6452 1233
52 5931 1433
55 1319 1298
96 5131 1121
92 1983 1185
99 4942 1066
91 1770 1106
54 985 1172
51 4879 1024
80 3931 1191
56 4720 1069
79 3233 1406
78 3895 1171
91 1788 1399
57 2675 1088
58 3808 1106
84 2422 1058
56 3726 1079
59 1536 1256
51 4033 1150
66 3808 1202
61 1176 1257
58 340 1186
64 0 1121
79 4877 1441
51 4901 1390
95 2039 1307
60 4247 1419
53 3757 1435
74 5470 1281
57 4067 1182
99 3576 1121
84 3310 1133
68 5329 1157
77 5294 1475
74 5897 1201
66 6191 1448
84 5943 1156
76 74 1153
50 1830 1174
63 1108 1158
90 1454 1241
92 311 1065
75 5166 1204
54 1579 1143
100 6688 1054
85 1304 1096
66 3281 1386
86 600 1168
83 6516 1405
90 4819 1220
50 4447 1039
87 108 1446
95 168 1099
86 3411 1171
51 1747 1491
76 2665 1376
77 1319 1322
87 5821 1163
55 6549 1058
79 1005 1167
51 5680 1319
95 3174 1415
55 5641 1491
71 858 1109
84 3306 1415
86 842 1102
88 2829 1114
68 4732 1409
91 4680 1308
78 772 1355
60 1354 1108
85 2887 1249
94 2422 1482
100 5519 1424
93 4050 1435
90 6085 1500
90 3142 1439
61 6059 1165
56 6648 1134
99 2578 1017
58 4454 1323
77 2559 1030
86 1379 1473
57 4918 1313
87 989 1295
66 5818 1263
94 2153 1321
57 730 1063
76 3676 1320
100 3342 1399
66 1719 1102
66 4143 1455
61 258 1377
100 582 1018
85 457 1209
64 2883 1355
98 3200 1022
89 1894 1330
73 6078 1242
98 6438 1086
73 5260 1109
68 761 1182
57 4519 1189
50 6151 1489
70 1952 1070
68 1082 1281
99 2580 1162
82 219 1246
96 6267 1301
93 4475 1345
62 2842 1269
80 3393 1168
54 236 1241
77 574 1280
63 6149 1390
60 5301 1122
85 5442 1291
87 281 1098
76 5752 1053
99 5372 1041
62 1531 1089
96 1462 1229
84 2090 1487
94 3750 1325
96 3156 1246
72 124 1452
98 6101 1214
61 6556 1393
62 565 1195
76 6409 1203
75 92 1020
56 1791 1071
50 5884 1457
77 5749 1337
83 3620 1460
56 2336 1235
69 6426 1095
68 1251 1286
81 2844 1388
96 5673 1201
53 3166 1347
94 3756 1054
72 6547 1125
71 5646 1265
70 1548 1348
74 5478 1411
71 1588 1466
78 3843 1421
75 3795 1284
95 5201 1403
66 230 1130
72 428 1147
94 2595 1362
