250
75 148 1331
81 5317 1499
88 1134 1440
77 2105 1126
58 3595 1468
59 2420 1000
87 777 1162
58 1565 1322
74 3069 1180
87 4151 1132
57 794 1486
64 259 1214
69 4606 1438
52 5566 1375
68 5070 1331
95 4789 1108
84 5147 1032
87 4655 1256
55 710 1146
67 3157 1193
95 935 1365
68 4072 1393
87 2696 1312
52 4344 1457
76 2170 1050
55 4655 1083
56 2946 1492
82 2134 1372
57 2620 1183
74 3214 1167
91 1897 1423
89 3158 1007
66 488 1329
93 4342 1333
83 2471 1084
73 2313 1351
80 4152 1352
52 1416 1386
67 973 1077
76 3976 1322
51 2192 1353
73 1556 1206
70 4126 1093
82 3998 1102
72 2741 1288
100 2379 1358
89 1857 1454
87 2473 1372
77 500 1088
74 2851 1256
62 4693 1104
80 4420 1275
58 3964 1065
52 1731 1028
63 4748 1039
98 3841 1236
77 3565 1202
99 4801 1442
95 1370 1115
92 5230 1122
100 2595 1320
81 5155 1483
55 559 1431
92 724 1091
78 834 1201
77 1493 1389
52 3295 1149
81 5320 1342
66 4118 1342
79 3832 1052
51 458 1152
57 3046 1093
66 733 1012
88 4867 1264
56 3527 1405
92 4197 1048
82 0 1088
80 559 1064
91 3548 1193
95 1800 1218
64 3790 1411
71 3194 1315
77 3984 1318
60 1992 1175
85 5164 1071
80 1483 1408
94 2203 1370
54 4755 1035
58 4350 1386
95 430 1180
82 596 1490
54 185 1431
60 909 1050
79 1573 1102
83 3308 1385
76 2634 1465
70 5093 1006
100 4069 1488
91 1413 1038
87 1965 1314
92 2826 1022
100 4445 1198
94 1009 1307
56 1578 1159
87 2119 1230
70 436 1272
81 1869 1050
66 2057 1486
97 1562 1031
69 1849 1295
69 4363 1060
88 2494 1361
53 5202 1215
77 28 1426
70 3962 1303
63 2846 1224
94 1204 1354
54 5547 1249
82 1474 1172
51 666 1072
53 2291 1074
68 251 1098
92 5422 1313
61 5492 1448
68 1451 1366
92 4149 1046
73 4246 1480
80 5152 1146
77 3056 1375
84 5400 1248
67 3165 1341
80 1417 1233
68 3089 1247
81 951 1134
66 316 1164
83 58 1415
54 4160 1319
62 2042 1280
53 2728 1136
93 1440 1419
58 4038 1466
99 4900 1477
68 900 1084
65 472 1452
66 270 1182
96 4357 1462
84 862 1160
67 2368 1191
50 1445 1050
95 3257 1373
81 2563 1147
70 460 1347
93 3677 1394
84 1160 1415
54 5270 1364
64 3344 1093
50 3996 1373
98 1167 1106
94 258 1430
90 4361 1224
68 1273 1326
57 1268 1038
68 4944 1230
88 4695 1414
89 3781 1291
64 2735 1495
82 1212 1103
82 957 1319
56 4106 1466
57 5124 1030
84 2094 1020
99 3061 1486
84 2267 1253
59 215 1215
50 4337 1181
61 3827 1068
54 5442 1400
57 4296 1044
62 2727 1287
80 3994 1364
79 106 1366
94 4882 1225
67 1378 1295
79 4219 1293
53 5507 1473
83 3966 1156
73 286 1083
59 2754 1388
52 5552 1305
99 3190 1321
52 2259 1346
76 741 1250
51 1313 1281
50 2247 1195
76 2697 1204
61 4308 1062
70 3414 1218
95 5375 1192
70 3901 1261
83 5604 1303
83 1907 1109
62 1963 1231
97 332 1166
78 3592 1267
89 2099 1056
100 2132 1047
53 2753 1138
73 4285 1159
96 4259 1453
94 2357 1013
50 1979 1054
59 2415 1272
71 3657 1040
87 5176 1160
82 2543 1409
72 517 1363
89 1512 1155
67 3966 1196
60 2110 1087
71 4371 1065
63 3156 1153
54 915 1437
89 1115 1346
96 981 1189
96 4118 1385
92 629 1267
78 3827 1000
87 3186 1319
56 1798 1467
98 1063 1139
97 5422 1118
59 2730 1153
73 5593 1141
81 5529 1076
72 458 1172
75 4196 1063
77 404 1234
96 1971 1440
59 5460 1241
68 4227 1359
62 3262 1088
50 1170 1118
96 4217 1046
92 489 1009
81 569 1441
85 578 1211
92 1686 1440
54 1986 1259
79 4804 1361
100 2419 1403
