50
53 618 1350
99 264 1329
61 613 1042
93 884 1350
58 776 1368
70 986 1465
53 887 1099
95 204 1258
97 563 1080
85 1047 1046
76 42 1474
84 1032 1403
67 879 1218
62 662 1119
71 485 1295
69 722 1066
99 631 1439
74 343 1475
96 426 1352
52 757 1027
63 151 1002
57 804 1196
70 128 1041
55 1092 1052
63 1095 1481
77 744 1121
97 318 1108
94 293 1227
51 141 1134
85 938 1014
97 0 1253
89 546 1110
93 11 1246
80 294 1055
52 769 1347
87 1020 1202
58 296 1459
91 28 1129
64 746 1365
83 997 1208
70 326 1173
50 177 1451
94 170 1376
76 585 1207
85 944 1231
83 841 1137
80 318 1131
64 208 1113
100 763 1331
88 497 1126
