100
67 1445 1212
98 1404 1170
83 1030 1500
50 1629 1025
50 1699 1110
59 1795 1077
96 1267 1052
50 1676 1185
79 1543 1142
86 884 1305
67 1030 1185
99 1352 1320
75 1177 1256
99 1032 1392
69 1083 1214
92 1092 1197
63 711 1288
76 656 1371
72 1465 1031
57 1869 1400
53 503 1316
71 1692 1162
77 1958 1434
66 854 1271
87 1267 1141
63 1848 1496
84 967 1490
51 1167 1354
54 1942 1117
100 557 1415
75 556 1155
58 356 1051
69 2042 1304
67 838 1311
81 1295 1463
97 90 1227
87 1241 1043
89 1885 1062
57 221 1253
89 935 1305
51 434 1017
72 1405 1015
95 762 1223
79 713 1446
94 1414 1142
64 2107 1093
74 2091 1136
62 1501 1025
92 1242 1001
53 2009 1357
62 1209 1297
85 1753 1080
77 683 1350
93 1226 1010
59 358 1263
90 1130 1179
54 1543 1044
82 1638 1495
95 1381 1358
95 711 1118
68 1663 1289
89 135 1360
83 323 1453
83 2025 1407
84 2080 1297
65 1129 1032
100 465 1379
96 1887 1194
93 1874 1129
66 1616 1369
62 1535 1114
78 456 1144
78 1102 1283
77 0 1175
72 427 1253
78 14 1341
92 1635 1160
94 1003 1183
58 1978 1456
89 1688 1474
72 918 1240
79 517 1027
79 1867 1467
74 1414 1288
59 1720 1040
58 2009 1424
88 1157 1280
60 2125 1330
63 1777 1143
51 697 1102
77 138 1006
59 1729 1103
51 799 1036
83 401 1119
89 985 1146
83 319 1486
52 1125 1164
70 2022 1343
71 326 1496
86 1158 1241
