500
60 2040 1138
90 4659 1454
66 6652 1479
81 5655 1046
80 7579 1257
62 5537 1083
71 1268 1415
50 1721 1255
80 8362 1246
96 5951 1048
70 3219 1213
85 10075 1115
69 6570 1399
61 2769 1376
86 7473 1220
59 3759 1174
95 9937 1091
97 1972 1219
86 7177 1445
55 9663 1243
100 2622 1405
65 3544 1488
95 3326 1133
98 2862 1326
97 10708 1312
65 7750 1154
94 9078 1402
72 6228 1136
72 3190 1033
67 489 1283
94 5934 1125
99 6075 1487
100 8544 1384
93 10899 1345
81 6060 1067
88 1672 1461
55 7284 1240
57 5927 1471
67 4616 1355
86 8752 1375
76 5182 1193
76 7078 1344
53 1313 1403
70 9802 1423
58 2515 1346
97 9644 1366
65 424 1195
88 1930 1052
98 3431 1344
56 3004 1079
98 10778 1071
57 4923 1018
62 2845 1260
99 1378 1415
66 2347 1016
82 9810 1238
100 0 1148
68 10885 1163
100 3068 1481
70 1035 1064
100 11214 1344
72 10399 1426
56 5027 1338
55 5850 1272
98 9111 1300
54 8333 1034
53 9239 1321
63 8937 1125
76 9867 1229
54 1568 1103
90 14 1021
94 8792 1444
92 350 1106
95 4477 1163
96 340 1444
57 290 1206
96 10236 1107
84 9038 1421
92 9901 1134
65 9225 1476
98 4942 1032
69 3693 1376
63 5788 1393
55 6821 1360
63 214 1016
75 2457 1112
88 386 1237
76 9330 1186
61 4766 1285
62 3963 1111
56 3881 1498
88 6279 1332
93 10934 1089
54 7795 1312
72 6382 1415
56 10193 1484
87 9457 1393
99 2059 1475
96 5366 1279
98 6137 1119
67 5677 1455
96 5308 1356
86 6238 1180
69 9003 1260
70 6460 1472
63 2113 1396
86 8192 1419
50 2943 1106
73 277 1134
52 10815 1313
96 9385 1364
70 4932 1273
88 3517 1217
62 2182 1330
61 2025 1356
88 7500 1438
96 8565 1310
62 5569 1025
97 5685 1386
93 2131 1070
98 4588 1093
75 4460 1239
50 7275 1412
52 5955 1339
65 8485 1173
98 2692 1173
55 218 1451
66 6859 1027
91 367 1106
82 623 1299
84 6263 1286
91 6979 1242
73 8223 1038
58 4846 1182
70 3397 1012
90 5877 1487
64 10523 1451
52 4992 1141
93 1550 1131
72 5246 1122
95 9244 1477
53 1155 1436
61 1278 1140
53 6662 1466
100 8319 1331
85 9551 1475
68 5445 1074
81 5625 1122
59 851 1414
94 11027 1186
100 1683 1426
89 11011 1087
95 1279 1452
94 11100 1451
93 2472 1063
60 3246 1216
94 5962 1437
62 9180 1395
84 7923 1120
87 7725 1476
86 3312 1052
71 4306 1013
50 9366 1095
68 787 1336
59 3684 1421
98 1116 1071
72 10888 1500
63 3853 1220
73 10178 1395
52 6419 1337
97 9313 1439
74 5914 1270
60 7368 1232
92 9513 1082
85 980 1292
58 10165 1207
67 8721 1298
77 1283 1104
80 9808 1449
61 10082 1284
84 2748 1496
99 10231 1103
74 408 1260
68 10776 1211
92 20 1445
83 10295 1265
88 2613 1117
55 11237 1139
90 9094 1257
94 9804 1310
52 4500 1483
94 5016 1258
50 10599 1178
80 2099 1327
64 1949 1391
64 6592 1289
79 7131 1437
51 6116 1431
94 565 1357
96 7117 1234
96 3607 1449
74 4352 1112
97 1909 1410
88 3525 1186
84 9471 1332
97 2650 1125
63 4108 1341
51 9837 1254
93 3109 1199
99 5748 1392
63 2103 1376
81 1451 1194
50 6398 1264
86 8072 1296
100 2600 1442
53 8105 1248
80 145 1101
97 2547 1206
81 4814 1166
86 9683 1100
91 4720 1308
58 3971 1210
68 7676 1432
70 4503 1254
100 6851 1133
87 10577 1071
74 7366 1490
63 118 1040
91 11119 1479
69 7046 1168
65 6658 1326
94 7839 1363
73 8201 1022
64 2370 1413
90 7125 1376
71 2144 1404
84 10742 1226
90 10338 1490
90 3292 1174
87 2745 1168
63 2857 1173
83 11135 1083
51 3828 1438
68 3754 1162
93 3381 1287
80 9121 1466
69 6714 1112
96 8497 1206
67 9080 1009
66 1726 1298
56 2687 1055
55 1310 1198
68 4406 1118
63 7408 1374
86 8977 1203
70 9737 1295
53 3457 1132
74 3717 1120
72 1401 1398
60 10999 1238
55 4075 1220
70 370 1237
68 3108 1055
91 3029 1314
92 4579 1488
57 10892 1111
97 1468 1188
91 7159 1075
64 3116 1466
84 10968 1327
72 10294 1391
81 3675 1401
64 3354 1243
83 4989 1176
64 331 1448
79 1892 1083
74 285 1221
59 835 1473
87 11083 1333
59 2403 1211
53 6363 1449
84 238 1344
91 3289 1146
51 6919 1280
87 1243 1281
98 1740 1050
54 7145 1465
57 10597 1410
63 8424 1091
68 4021 1039
75 10562 1011
59 8455 1500
77 8149 1009
64 5817 1027
78 8687 1322
53 3425 1309
73 9538 1111
86 5309 1296
75 6448 1376
84 3023 1473
79 9866 1032
69 10792 1359
99 2337 1207
92 5028 1044
68 7761 1056
95 10536 1495
80 6072 1460
95 4519 1477
57 11174 1373
54 6106 1095
67 8568 1445
54 1997 1326
100 5207 1157
55 1220 1476
51 3388 1102
84 8432 1295
76 2145 1193
98 10335 1400
58 1094 1202
70 5089 1023
92 3357 1251
64 7430 1238
76 2283 1071
92 6064 1273
82 3330 1095
90 1440 1112
67 2428 1119
51 10165 1373
54 8169 1275
80 9466 1301
75 6935 1485
100 2532 1194
77 2674 1356
66 1945 1159
95 10041 1160
71 1330 1480
74 7899 1301
68 6674 1298
85 1145 1424
62 5719 1060
69 8610 1356
87 9862 1016
67 1941 1334
54 6897 1140
71 6602 1001
51 8036 1050
74 597 1123
78 7457 1482
85 696 1281
81 717 1303
71 10597 1028
74 1945 1421
71 9644 1362
63 8440 1449
94 7983 1175
89 5824 1369
50 4485 1153
67 8769 1298
56 7819 1469
58 6027 1122
90 1343 1486
53 493 1289
57 4296 1458
59 6869 1272
96 6540 1050
55 9965 1443
88 6239 1284
52 5934 1340
62 3665 1231
60 2497 1068
59 5100 1447
65 6611 1257
77 11010 1346
100 1252 1011
60 2677 1481
60 2491 1346
92 4540 1099
98 3674 1214
57 8282 1437
96 9304 1248
94 8204 1389
80 6877 1114
75 5847 1289
79 8561 1245
63 7665 1310
52 4751 1017
100 7923 1388
72 5147 1345
67 4229 1220
82 10150 1012
92 8040 1340
69 331 1437
63 973 1476
58 349 1065
81 2952 1039
83 5193 1446
59 9356 1201
51 5369 1132
69 10494 1353
98 1699 1368
84 8094 1469
63 6772 1367
65 2696 1300
95 7902 1196
95 10585 1081
75 11077 1401
100 5417 1023
90 1698 1157
77 3041 1439
71 3858 1116
67 10399 1398
60 402 1077
58 11237 1092
73 7244 1499
84 9066 1229
75 8251 1315
58 10936 1257
64 1207 1206
66 8582 1024
90 4732 1065
90 10065 1041
97 9078 1000
53 6795 1121
85 1197 1460
90 11125 1389
79 10701 1089
95 149 1414
81 608 1457
95 4040 1211
51 1284 1289
69 2322 1142
96 3581 1087
65 4202 1284
53 1933 1321
74 1131 1231
71 8991 1307
97 5813 1193
87 4783 1321
78 1 1360
52 8187 1065
83 10367 1307
93 9607 1333
85 5271 1422
98 8791 1258
56 1361 1207
50 5085 1003
68 333 1488
78 10254 1201
71 751 1388
63 5121 1453
100 2993 1170
63 2987 1214
54 4758 1475
87 9056 1341
50 8286 1481
92 8529 1061
59 5134 1098
52 66 1013
81 5613 1184
97 4509 1246
92 10995 1059
98 6410 1149
52 6511 1264
89 492 1157
82 5721 1385
53 10803 1181
77 5986 1085
64 2605 1199
100 7753 1324
98 4661 1398
50 8162 1136
81 4947 1292
92 10381 1110
62 284 1120
60 10325 1282
77 3149 1073
64 8472 1039
77 6469 1218
51 10539 1343
94 10490 1074
80 7425 1337
68 4675 1027
94 9641 1300
98 9651 1350
98 7725 1433
80 250 1223
53 9751 1071
98 5861 1333
67 3859 1139
100 6151 1318
96 415 1136
57 7522 1257
57 8343 1492
83 2299 1179
85 1957 1387
79 3894 1037
73 3608 1271
94 9906 1314
84 7884 1091
97 4910 1465
