200
50 2778 1298
88 1450 1136
80 4380 1067
67 2698 1488
58 3984 1284
78 2303 1041
57 675 1224
82 1485 1361
75 4410 1057
98 675 1021
83 1755 1165
79 2003 1341
98 1480 1327
54 3227 1012
56 4375 1061
72 2841 1437
91 2112 1339
96 604 1384
95 2242 1037
77 2698 1329
66 2697 1364
69 1540 1479
97 1764 1347
91 230 1330
73 1819 1000
55 793 1190
61 4058 1346
60 1009 1334
76 1323 1497
85 3831 1161
54 3573 1466
86 1705 1189
97 1897 1390
100 2734 1192
84 1684 1230
89 639 1008
76 3331 1427
74 3466 1043
83 364 1213
55 3477 1294
100 2423 1328
53 3357 1110
58 3229 1408
100 3601 1473
71 1909 1467
71 1073 1215
57 4389 1161
61 457 1220
57 710 1371
75 20 1359
98 1259 1377
74 1278 1073
88 3824 1116
64 4102 1356
77 2855 1068
75 2741 1117
99 797 1177
81 1492 1409
62 43 1123
61 2032 1239
67 1610 1397
81 4056 1166
64 3896 1375
73 4456 1339
54 3576 1168
94 3433 1037
87 3483 1044
98 923 1423
94 3548 1440
93 2409 1338
50 3978 1000
99 2118 1112
69 3182 1125
56 119 1225
95 3730 1440
63 1478 1073
58 2235 1070
50 655 1099
100 3441 1239
67 1576 1208
76 2015 1004
75 4054 1197
87 2767 1267
90 1889 1046
76 3419 1285
84 185 1354
68 913 1406
65 3775 1117
51 2051 1141
51 4169 1049
72 3267 1466
78 2977 1009
53 4100 1074
100 2219 1206
67 399 1192
85 2636 1392
75 2323 1119
83 1896 1220
89 3107 1029
84 2971 1192
87 102 1140
84 1424 1394
79 3765 1281
68 3804 1041
82 553 1064
86 3921 1099
62 2444 1104
90 404 1071
84 1919 1069
84 2313 1221
93 957 1345
93 648 1335
96 2741 1487
51 1419 1464
77 774 1180
59 3929 1131
96 4374 1310
82 911 1176
54 326 1394
90 3626 1063
100 687 1355
88 1695 1027
61 1566 1250
87 3357 1317
88 1032 1423
87 2610 1326
86 878 1116
67 3020 1361
52 2215 1178
74 837 1249
51 535 1155
81 3018 1099
88 3943 1210
98 1039 1204
52 1222 1092
90 486 1134
69 4466 1333
87 2844 1229
71 3222 1000
71 4039 1285
65 3973 1259
63 1278 1208
75 1844 1150
58 934 1274
81 807 1356
98 795 1196
89 1163 1173
51 412 1373
56 4208 1062
74 2897 1119
53 4040 1144
65 437 1349
52 2865 1476
72 1473 1302
82 3704 1275
100 399 1417
56 486 1200
74 3190 1075
93 3216 1076
78 2957 1156
84 2454 1290
58 548 1253
91 4050 1374
55 3122 1386
97 974 1090
68 1202 1451
77 3690 1277
83 0 1276
74 525 1444
93 2288 1075
69 2938 1067
63 1409 1195
66 581 1090
59 2180 1443
76 1689 1289
53 1425 1372
54 2262 1130
58 4302 1169
67 3163 1208
84 1551 1297
84 3771 1422
75 884 1054
79 2223 1405
89 2260 1395
82 2146 1324
71 3207 1455
66 320 1003
99 3767 1230
72 2677 1384
83 1328 1468
85 175 1101
80 1130 1054
55 4030 1058
66 3812 1381
62 2916 1103
69 2581 1405
97 2814 1055
51 1983 1279
77 2238 1356
77 2545 1295
