450
54 1158 1133
77 6061 1272
53 3401 1012
60 912 1285
66 7497 1300
81 1805 1352
100 9569 1059
75 4308 1330
79 1710 1266
55 9795 1000
82 8977 1156
77 8722 1376
85 2265 1018
98 8359 1176
88 2751 1435
81 2856 1050
56 5332 1100
52 2159 1316
81 4174 1462
94 5360 1349
80 9789 1322
74 3966 1007
57 3124 1342
95 650 1378
55 4791 1144
93 8025 1140
72 4926 1086
85 3949 1371
63 516 1297
98 9233 1216
87 3547 1021
80 2432 1240
76 3771 1280
76 6563 1116
66 8162 1283
87 8291 1007
99 636 1311
55 5708 1203
78 3783 1249
72 3638 1451
73 9469 1260
94 9559 1025
92 6067 1183
74 2079 1445
56 2995 1342
69 4041 1425
78 1458 1437
74 6488 1248
85 3136 1265
73 6365 1486
69 7091 1087
99 6219 1333
83 2748 1424
53 9218 1211
92 7202 1312
81 1004 1447
68 1048 1366
96 7925 1077
80 5520 1468
85 3176 1275
61 4335 1243
95 2789 1135
54 894 1035
71 867 1002
51 5343 1174
62 4212 1297
71 7935 1441
71 4081 1444
64 9641 1480
68 3763 1013
82 7549 1163
55 4407 1432
74 7281 1038
55 9593 1361
64 2560 1218
90 2473 1471
62 7499 1360
78 1105 1145
95 5185 1204
66 1258 1296
51 8591 1308
88 2582 1308
91 7408 1279
81 3165 1381
77 3435 1489
50 5924 1362
66 9327 1130
52 3897 1039
59 7055 1357
99 5536 1213
53 5716 1013
79 9599 1342
65 116 1372
91 3342 1248
69 2044 1310
83 2889 1470
79 9881 1321
70 7456 1319
55 2109 1147
92 769 1146
89 3195 1208
67 9935 1271
96 8642 1493
72 8921 1294
65 8154 1433
97 4817 1165
63 7634 1008
64 4276 1349
87 8038 1284
89 7063 1452
100 198 1143
62 8748 1131
91 5636 1151
57 619 1012
81 5324 1188
68 1838 1306
65 8409 1201
92 7175 1292
77 5126 1311
95 5710 1198
60 6234 1116
84 7208 1026
96 1349 1131
84 2713 1144
89 4431 1318
73 1769 1070
88 6084 1277
70 7252 1196
73 1028 1464
81 3994 1452
74 7198 1064
88 9438 1285
77 3150 1343
80 7732 1036
89 5296 1309
68 166 1115
53 9455 1285
98 6976 1149
92 5520 1272
72 1881 1307
89 5574 1402
55 9221 1346
86 8924 1373
91 5133 1061
86 2085 1372
57 1248 1217
75 6036 1172
60 2523 1427
89 2995 1189
52 9135 1117
59 2238 1279
78 7358 1499
90 7713 1383
63 2654 1192
95 8949 1064
72 3385 1493
64 1201 1359
60 6381 1168
88 7012 1460
86 325 1395
56 4709 1222
50 8532 1125
68 6055 1320
94 730 1184
90 3706 1037
94 270 1050
57 9364 1105
62 7534 1053
61 3809 1397
51 5576 1473
80 2222 1068
69 1125 1289
51 6151 1353
79 5580 1437
93 5736 1378
92 6665 1117
56 4337 1009
65 8015 1123
77 7529 1019
100 4579 1373
63 7660 1179
53 1416 1338
75 9526 1407
99 7455 1200
84 4409 1359
95 4957 1167
75 1044 1255
79 2593 1390
100 2814 1198
86 5292 1098
94 8865 1430
57 3706 1091
73 7217 1313
79 7129 1079
78 5292 1326
74 1629 1248
64 2061 1431
99 9141 1023
76 7003 1014
84 9113 1227
71 4500 1172
77 6314 1187
73 2665 1031
98 5696 1049
82 7987 1459
69 2776 1462
61 1312 1364
67 6698 1038
94 1692 1283
99 9130 1270
75 6102 1007
96 2600 1104
54 5563 1309
66 8363 1197
64 7424 1174
66 2789 1048
87 2803 1209
59 8396 1154
87 8178 1092
90 902 1369
81 9896 1068
71 7096 1174
56 3961 1084
99 548 1365
62 130 1003
94 7995 1074
88 9021 1314
53 6044 1000
96 7091 1356
58 71 1237
70 7816 1149
97 6170 1137
70 2651 1414
97 1368 1256
69 9897 1042
67 2249 1447
66 5336 1377
58 9602 1366
68 3893 1424
91 3453 1259
80 3284 1341
63 8482 1307
82 5129 1428
65 8344 1473
96 5753 1301
88 6490 1171
85 8637 1354
67 1731 1269
84 1858 1004
58 6345 1325
87 7408 1286
71 7278 1183
78 6157 1415
54 8406 1354
62 3683 1242
64 5870 1409
56 4650 1415
69 1707 1228
97 5456 1117
82 4799 1314
88 6054 1266
90 225 1104
79 5741 1327
89 580 1210
53 5683 1483
88 2467 1264
65 7416 1360
78 138 1140
95 3288 1478
60 9659 1134
51 5620 1243
73 4618 1242
97 3219 1112
67 8695 1334
92 6482 1171
90 3195 1315
82 7517 1461
54 6282 1413
72 4833 1260
94 7885 1235
70 4161 1074
90 7171 1245
77 250 1400
99 2899 1349
98 1342 1233
86 6758 1228
64 7192 1342
55 4507 1468
53 5936 1185
100 9180 1225
59 9114 1266
78 3560 1327
90 6298 1035
73 7439 1322
88 7678 1170
91 3081 1258
71 3452 1243
85 1770 1108
75 8405 1255
87 7622 1169
68 8805 1388
89 8667 1018
87 2372 1438
91 1017 1188
94 547 1411
93 3869 1086
77 8642 1113
71 504 1072
66 1498 1447
91 4673 1122
84 3808 1012
58 1665 1061
70 364 1040
53 6130 1222
52 5527 1182
75 4454 1422
91 2250 1491
73 4329 1423
82 10080 1318
69 7468 1458
100 6484 1007
83 5071 1051
63 9991 1311
100 8737 1479
89 260 1079
96 5941 1246
72 3334 1056
64 1548 1072
99 10103 1070
65 8088 1445
69 7738 1056
67 4190 1150
66 2379 1370
72 7900 1295
81 154 1266
93 5034 1459
88 10073 1249
91 9431 1341
53 3311 1142
97 5608 1162
73 4960 1293
90 8394 1453
51 3400 1134
96 7044 1215
73 1254 1364
62 418 1251
72 2942 1143
73 10022 1042
74 5141 1014
67 6999 1390
83 1788 1094
79 7500 1334
91 3295 1335
64 6108 1006
80 7145 1462
86 2401 1135
52 712 1056
62 869 1163
71 311 1082
96 7052 1449
87 1177 1439
76 3192 1027
66 6013 1195
88 4468 1093
53 7119 1017
90 4861 1185
53 1147 1104
52 1774 1371
69 8252 1410
96 9189 1136
100 4042 1449
75 10111 1232
86 4394 1439
98 3694 1473
95 6366 1494
75 560 1216
84 9414 1277
84 419 1097
81 1536 1486
91 9519 1276
96 3427 1074
90 4830 1474
78 2024 1121
74 8410 1417
64 9092 1131
99 252 1271
67 967 1457
82 1256 1496
56 8309 1452
91 5997 1400
50 4231 1409
55 6760 1150
78 2026 1300
67 2091 1015
54 462 1037
52 4325 1476
81 650 1450
81 8031 1299
81 698 1427
73 2963 1339
99 2556 1446
83 772 1480
60 6500 1292
98 4124 1065
75 790 1220
93 363 1408
68 9315 1337
62 1815 1485
76 2870 1493
95 1405 1396
81 1085 1248
92 1095 1439
72 468 1389
86 8159 1251
92 2296 1216
91 8183 1114
75 4160 1332
100 9207 1198
75 6166 1261
81 3696 1236
67 8834 1073
56 4931 1140
86 5805 1041
77 3860 1393
63 7738 1126
66 6206 1277
56 1782 1147
75 5400 1445
97 6273 1248
64 4080 1183
75 8382 1295
54 8888 1391
71 375 1265
92 5040 1258
82 1265 1246
84 5363 1440
68 1799 1340
93 6314 1209
59 638 1043
50 4760 1401
81 3600 1387
64 4960 1017
60 8527 1131
57 4095 1308
59 609 1331
88 0 1224
96 1975 1415
50 4071 1456
70 6072 1362
77 9919 1348
