350
97 7275 1157
65 86 1023
74 64 1225
61 849 1078
74 6985 1392
61 3443 1380
94 7522 1175
96 3318 1137
83 7824 1102
84 5938 1100
78 6119 1167
67 6776 1140
79 2227 1261
69 3919 1131
59 1910 1497
78 4137 1369
57 3975 1138
94 2952 1322
59 4373 1099
90 5796 1337
70 4153 1300
50 2254 1098
88 2164 1059
98 6525 1338
54 2487 1075
89 972 1341
71 4607 1135
59 1099 1300
53 4359 1475
94 3097 1285
73 4569 1155
90 85 1138
89 6538 1136
86 4009 1433
67 6969 1165
69 1490 1158
65 6549 1254
88 2213 1134
56 6100 1272
72 2451 1269
60 7850 1287
78 1578 1255
50 1570 1367
68 6674 1052
90 5157 1191
74 6349 1382
52 4277 1299
50 3600 1014
80 3653 1203
56 7344 1028
69 1007 1103
62 3602 1007
88 3498 1354
97 4124 1415
64 6977 1189
92 3839 1201
98 4231 1430
80 1415 1095
99 5472 1079
83 6013 1465
92 4657 1395
84 6955 1202
67 6765 1378
68 1299 1470
97 3500 1443
79 7604 1163
84 2122 1300
80 1577 1108
58 1048 1003
75 558 1117
75 2369 1414
53 4775 1019
54 6325 1053
60 1789 1046
65 1488 1058
52 5059 1296
58 3342 1003
80 4836 1245
77 5500 1344
83 2262 1210
60 105 1147
100 7694 1409
66 2871 1360
80 531 1425
84 7655 1191
66 1371 1240
84 392 1331
67 7233 1074
61 6938 1464
90 2823 1414
92 6649 1232
67 2371 1390
93 1972 1020
87 3135 1130
65 1544 1414
91 549 1066
82 7501 1006
91 7561 1274
81 621 1123
52 383 1068
74 91 1179
81 2610 1269
93 5931 1029
72 2039 1161
55 5590 1492
75 5538 1412
66 5534 1066
74 4658 1035
96 1601 1178
94 6661 1177
76 5262 1142
85 7247 1453
67 1934 1334
51 4175 1251
50 2056 1498
58 7299 1419
94 2223 1158
67 4991 1303
93 1389 1334
51 4451 1196
62 6161 1283
57 7213 1110
92 3317 1155
63 2286 1206
54 6136 1081
86 7301 1297
70 1675 1235
99 5644 1095
66 7675 1245
75 5398 1174
65 5483 1491
68 5823 1076
78 4012 1320
80 119 1403
66 3131 1154
93 7871 1371
80 898 1116
63 4539 1294
57 4066 1482
92 623 1049
77 788 1450
70 5388 1107
52 6837 1358
55 4922 1498
89 4564 1447
53 1292 1272
64 5529 1365
88 6665 1491
86 6212 1028
95 5609 1340
100 223 1375
67 7207 1441
60 520 1466
67 1949 1426
78 2178 1337
62 7656 1431
85 485 1330
51 841 1212
79 3490 1236
52 7101 1236
76 596 1089
56 3990 1319
59 2742 1372
59 5526 1207
91 2003 1249
51 1745 1471
91 7414 1484
96 3828 1486
84 7850 1364
73 2851 1434
88 2232 1302
70 5423 1046
71 4414 1219
67 2922 1345
67 3717 1171
89 6438 1224
72 2394 1386
55 5786 1313
93 733 1251
75 79 1247
58 1305 1403
98 7699 1390
91 5626 1151
82 1551 1446
83 78 1218
61 2881 1499
85 1432 1291
54 4542 1321
56 433 1099
71 2587 1062
71 3070 1116
68 7191 1255
60 4227 1377
77 2566 1322
88 959 1406
59 310 1469
52 2535 1348
84 1090 1262
98 7711 1052
55 415 1298
90 3325 1340
50 2223 1434
71 4910 1253
93 4986 1268
90 3580 1113
70 1414 1016
60 6475 1409
99 255 1377
85 806 1273
81 7666 1009
70 2708 1104
56 6547 1316
81 7461 1494
53 6289 1025
92 3848 1000
80 1067 1008
64 3852 1079
65 3799 1206
71 332 1266
60 7049 1411
69 3819 1079
59 5467 1177
85 2650 1153
50 5409 1127
53 5739 1315
74 7639 1056
62 2961 1200
87 648 1239
78 2798 1482
84 2748 1182
71 7228 1262
91 4050 1287
77 4328 1196
70 112 1230
71 3220 1498
86 2812 1339
62 6435 1300
78 3135 1364
83 3847 1330
52 7301 1458
54 5168 1019
73 7382 1433
77 3340 1402
55 3423 1341
62 4157 1364
92 1748 1248
92 7022 1027
57 1209 1219
70 6864 1141
66 3772 1353
71 5381 1036
76 2163 1152
78 6600 1428
82 7413 1238
85 1000 1108
76 6402 1089
66 2913 1220
69 5971 1416
56 5636 1067
62 3839 1199
50 3520 1072
80 2398 1032
56 5530 1248
78 1586 1336
78 1006 1161
100 4361 1067
53 1582 1420
88 233 1098
84 4250 1353
56 7725 1325
60 1343 1281
57 1331 1114
88 6623 1393
100 7332 1181
92 5107 1060
71 957 1196
89 408 1217
99 166 1327
53 693 1488
69 4983 1259
73 7030 1294
53 833 1000
73 4185 1006
73 3664 1449
81 1175 1169
79 4746 1307
64 7426 1435
72 2488 1288
86 0 1103
59 2407 1332
57 6384 1094
76 2266 1114
72 242 1015
50 972 1291
72 7842 1080
59 1802 1417
83 4028 1267
90 5207 1393
65 7467 1211
61 1042 1175
81 4020 1477
66 6652 1129
95 3380 1192
83 3841 1149
87 3566 1198
91 5678 1304
72 5506 1213
62 4691 1193
86 6401 1287
76 597 1425
74 2251 1457
73 6510 1294
76 7209 1397
93 5774 1081
50 5447 1305
84 3684 1118
93 4853 1197
62 3579 1233
58 2324 1293
87 1279 1129
90 6501 1325
64 6321 1287
96 7522 1447
92 3987 1153
66 1976 1230
79 3326 1104
51 3366 1232
96 6706 1018
79 2903 1092
100 3211 1349
74 241 1342
85 5107 1020
89 3307 1364
85 5979 1133
73 6191 1339
84 4007 1372
88 2714 1175
52 4160 1478
71 6535 1005
54 2039 1255
72 104 1064
62 865 1126
63 5059 1038
50 1122 1367
75 3054 1274
66 5975 1261
58 149 1379
65 7607 1188
80 4876 1121
94 4003 1395
