150
83 977 1212
86 1069 1205
71 823 1288
82 505 1008
95 3150 1081
67 1884 1071
70 106 1260
86 2222 1338
70 334 1429
85 772 1297
100 1125 1198
76 2961 1143
78 2966 1484
85 2992 1419
56 1681 1163
91 379 1482
79 2599 1219
50 2934 1075
83 486 1333
80 1962 1367
74 2936 1005
68 1917 1243
82 1882 1375
75 2698 1411
78 1927 1158
74 322 1435
67 896 1091
99 250 1356
53 3242 1430
81 2938 1121
78 2435 1374
89 2343 1093
97 1229 1307
75 1020 1308
94 1606 1413
85 2802 1499
60 2765 1403
66 0 1269
71 3043 1295
75 2747 1388
70 1434 1154
87 53 1140
62 1929 1325
66 334 1441
60 1129 1411
52 2155 1258
94 1823 1128
92 23 1033
60 357 1063
100 3288 1167
77 1053 1323
65 2991 1063
65 1419 1199
83 3128 1139
78 2590 1370
93 1970 1265
82 3078 1272
63 134 1169
51 1977 1350
74 1386 1020
66 2817 1042
90 2648 1340
96 899 1443
76 1288 1230
88 2879 1177
70 2883 1378
87 3055 1473
53 2081 1020
54 1969 1034
65 1754 1001
81 290 1324
58 1047 1230
66 1106 1313
98 2437 1054
56 3232 1234
76 652 1331
96 2011 1497
58 3037 1204
98 2226 1141
79 2683 1424
93 3082 1296
65 426 1030
100 1313 1471
62 728 1495
100 2934 1291
50 1235 1003
92 1451 1490
78 3249 1426
62 2082 1254
81 2823 1386
91 2170 1461
70 3188 1260
88 1262 1478
78 1794 1189
54 162 1063
52 2285 1330
57 3068 1093
74 1440 1088
89 523 1327
98 2869 1186
51 2958 1429
62 2924 1248
62 2126 1465
95 2776 1021
90 848 1482
90 86 1191
94 1105 1217
56 1548 1095
73 675 1265
98 1280 1178
72 752 1283
72 1942 1080
69 2975 1109
87 2203 1465
51 3261 1380
92 1125 1412
77 1625 1132
58 1987 1184
52 525 1238
72 1924 1075
69 2862 1322
83 1884 1361
51 900 1258
82 1398 1144
91 2980 1439
72 295 1393
75 3021 1233
86 1059 1391
86 1109 1134
71 2919 1432
69 2649 1297
66 1588 1118
55 22 1109
64 457 1398
77 1938 1480
90 2785 1495
92 2723 1218
81 2228 1500
70 383 1404
71 1837 1027
54 2898 1453
50 1403 1236
68 3221 1344
77 599 1434
95 872 1400
56 1006 1344
58 68 1299
72 2475 1438
60 3089 1367
60 1234 1485
