250
36 2762 10
79 932 1
45 1784 7
60 1128 8
53 2082 8
26 1800 2
10 1055 9
29 2120 5
50 2630 10
55 376 5
40 1298 6
60 1887 1
34 2049 6
95 2093 8
76 1303 1
49 880 8
3 2812 2
62 3029 6
71 214 9
50 934 8
11 2242 5
26 107 4
37 71 3
49 1724 4
46 1294 10
39 2241 1
66 2597 1
25 2947 6
49 1873 1
79 384 3
17 857 6
76 1408 5
23 1370 6
81 1988 7
36 2181 6
78 215 9
32 1061 1
12 1879 1
19 1770 1
27 2203 9
99 223 2
58 1217 7
41 2560 2
89 1449 3
39 565 6
9 470 6
13 1567 4
34 143 7
27 2558 3
1 464 8
99 1711 7
34 1038 8
15 1065 5
7 2922 3
93 2886 1
15 409 2
18 2481 6
97 250 6
55 515 10
1 2803 2
79 1272 9
62 1093 5
82 359 6
6 453 9
30 2587 3
5 190 3
96 758 8
51 351 2
48 2348 7
93 269 3
21 2808 10
97 2172 2
36 117 6
58 2332 6
33 318 3
61 633 1
87 1728 2
63 1710 9
68 266 9
3 2394 1
83 79 5
67 183 10
16 2076 2
31 550 3
12 969 8
47 638 5
46 1140 6
80 381 4
91 781 2
54 716 3
25 1417 7
26 1320 10
84 2707 5
99 2582 5
51 520 1
95 1732 9
57 200 3
55 1491 3
22 1272 7
20 2196 3
28 683 4
13 2336 10
35 665 3
3 1767 10
19 1708 6
7 1707 2
31 2241 3
38 1648 3
56 2419 1
86 2676 7
83 1642 4
74 2075 7
100 515 4
58 1868 6
30 1455 6
33 2941 9
6 1536 8
20 1662 6
74 3003 3
39 204 1
68 1875 2
82 2850 2
70 2315 7
62 3008 10
49 1753 5
89 772 10
33 53 6
53 972 4
17 1544 6
5 549 10
31 995 3
57 313 8
81 1606 1
52 1544 10
46 830 3
71 74 9
50 2981 3
44 1761 3
56 891 8
18 2856 10
63 2498 1
75 2376 7
40 682 5
29 2292 6
38 829 3
28 690 3
96 2872 8
70 2161 5
82 649 10
30 325 3
83 968 6
55 2663 2
68 1937 10
23 2995 6
100 2654 2
90 3078 2
93 240 3
58 1453 6
54 2074 9
68 12 8
88 2126 8
75 2873 5
43 941 3
91 1716 5
67 1445 6
59 1333 7
59 833 5
87 1841 5
31 2821 10
100 1831 9
71 579 7
92 732 5
97 2913 2
27 2403 10
41 1209 4
56 2100 6
40 3007 9
6 800 9
60 302 9
16 1961 8
18 959 10
26 1138 7
53 1861 9
80 3137 6
28 1038 5
3 2124 1
93 2003 4
44 1730 1
43 2357 8
10 2411 6
46 804 9
34 2680 9
8 3121 7
66 2259 1
92 2507 9
69 3020 3
94 490 4
39 929 5
69 575 5
76 202 8
53 2022 7
31 517 10
82 1221 10
7 473 4
86 1542 3
88 1792 10
72 178 10
88 1351 9
25 2681 10
95 260 5
61 683 10
51 2503 2
1 759 3
49 2435 10
69 1474 6
52 1214 1
62 1280 10
14 3027 2
43 2707 9
63 2702 9
81 2549 9
66 383 2
77 406 9
78 1593 2
29 1164 9
100 2509 3
27 289 8
44 1032 9
56 561 7
14 1796 1
91 835 3
23 102 7
50 2021 3
30 761 5
48 2182 4
26 2024 8
32 2728 4
63 2438 9
45 884 8
79 474 10
24 2 5
19 1896 1
12 1192 4
97 2309 3
42 1926 4
64 2485 2
15 1300 4
15 2233 3
45 1887 4
9 1532 3
