300
20 1213 6
96 1934 8
12 2073 6
51 1338 7
40 1357 6
12 3003 4
80 1923 8
63 1092 5
57 2067 2
42 2775 1
10 343 3
62 3715 8
57 121 5
61 2711 9
49 2014 2
21 2529 1
60 1606 8
72 2443 2
32 333 10
71 2782 4
44 2737 5
28 3072 2
14 2835 7
59 2766 5
100 794 10
97 2327 7
76 2611 1
52 784 7
98 8 4
28 1357 2
35 1709 10
62 1704 4
98 3277 2
90 361 4
35 2653 9
97 945 2
32 807 10
1 1830 4
46 1582 3
99 2820 4
99 2194 7
67 2136 10
22 2766 3
89 666 10
8 2836 2
40 3599 5
73 2895 1
36 2039 4
14 2365 8
71 1093 1
62 2104 5
8 953 10
81 451 9
45 3798 3
53 2210 2
3 568 1
95 2440 9
39 3565 3
96 924 8
89 1813 3
68 370 8
91 693 9
100 2851 3
70 3787 1
77 2801 4
28 715 8
28 1306 3
64 1194 4
11 587 10
22 2855 1
38 1347 4
67 1125 4
65 162 1
78 3533 5
81 526 1
78 152 6
35 1421 7
29 3343 3
18 1022 2
31 1572 7
95 2996 9
21 1694 1
82 163 4
55 2023 5
30 517 5
9 2792 8
18 3239 7
60 1837 7
18 1138 4
88 1222 5
97 430 1
78 1930 2
77 2702 4
17 2428 1
84 2249 8
29 458 5
2 1595 6
87 1280 8
44 525 5
73 1454 10
66 3721 6
40 675 6
64 3873 9
77 3571 2
80 114 6
75 2049 4
13 532 10
81 1166 2
47 764 5
21 3413 1
68 472 4
10 2753 3
50 60 2
46 94 5
10 2912 9
15 3165 2
82 2942 8
99 2914 6
99 1743 7
54 1470 8
59 1352 1
33 1627 7
86 2419 7
81 22 2
36 448 5
62 2007 6
2 2654 6
83 2743 6
1 3081 6
49 1733 9
43 3721 4
83 1152 10
29 3712 2
2 3624 6
58 2664 3
60 3517 2
16 785 2
94 2246 4
79 2316 3
11 438 4
23 1443 2
43 2623 4
76 1790 1
26 3280 4
50 3524 4
79 2873 7
49 3148 8
50 493 4
71 2132 8
61 347 4
14 3046 7
35 2818 5
58 2184 6
71 1580 8
89 2346 3
20 171 4
54 421 9
7 1839 10
25 945 8
87 151 3
44 1716 2
75 852 4
6 1302 7
93 1470 10
88 3757 8
24 3176 1
45 1284 5
63 3719 7
3 2386 7
95 2599 10
98 3281 7
48 2562 4
38 793 10
16 1668 3
97 2939 10
10 3094 2
76 2671 3
67 987 9
33 1685 7
100 2308 1
69 3197 7
38 229 8
72 3431 4
19 761 9
60 3322 8
75 1178 6
69 3316 2
23 6 5
19 3031 5
36 1974 2
77 334 7
27 154 9
80 424 10
55 179 3
71 2017 2
88 2761 9
44 697 2
73 914 7
53 309 3
76 122 8
35 664 4
64 529 1
97 1606 9
76 2106 8
87 114 5
80 3372 1
3 883 7
100 3432 6
38 3068 5
24 1964 6
24 2338 1
13 385 6
67 90 3
8 991 1
68 1258 4
13 2721 10
42 3634 3
91 1069 10
76 1655 6
75 68 1
90 104 3
9 170 7
82 3290 5
58 3417 10
26 3471 7
43 2481 9
100 3901 7
26 2171 1
29 2197 6
59 1953 9
19 2256 9
37 683 8
39 721 4
41 3657 5
28 3748 8
39 1236 3
24 956 5
31 1009 5
72 2811 9
12 859 10
65 607 6
62 3461 3
62 782 8
24 687 9
51 3766 8
36 2412 7
76 875 6
77 288 5
64 1741 6
73 759 7
63 1823 10
36 2090 8
5 2093 8
23 1580 6
28 1888 2
35 356 8
76 2075 10
82 2780 8
13 3557 6
81 1891 6
32 2899 7
37 670 8
29 598 1
38 3011 7
80 1720 3
21 3498 5
52 1906 9
71 85 7
96 3687 9
41 2394 1
27 1998 10
26 1019 10
44 3240 6
99 2511 2
97 367 10
3 2328 8
44 931 1
87 3097 1
10 3202 1
27 129 9
27 3446 7
67 1761 9
75 3208 1
52 2599 9
11 1446 2
60 2411 5
95 787 1
47 1972 3
54 2839 8
79 2369 4
55 733 9
98 849 1
54 323 2
14 271 3
39 2811 9
71 3756 2
5 218 8
4 712 3
95 51 6
56 691 6
