450
75 2695 6
9 163 6
77 5094 5
11 4714 10
80 5467 4
9 5171 8
85 5234 1
40 3922 3
54 1729 4
93 3009 9
91 1441 9
15 2218 9
33 4889 3
92 4351 1
34 1489 6
46 2607 2
96 4638 7
5 5429 2
62 64 3
22 2700 2
13 1594 7
32 2234 4
44 4886 9
43 582 2
20 615 1
39 4791 10
71 5572 2
57 1918 10
28 87 8
28 1044 8
55 3693 5
85 2188 7
97 4141 5
73 4257 4
43 2395 4
81 628 9
32 4572 1
69 2378 7
99 5689 2
5 4048 9
55 622 7
58 134 4
23 4738 1
89 3665 10
26 4391 3
71 3767 5
99 3253 3
53 1580 3
50 2385 9
98 2929 3
27 3902 5
91 2649 9
90 1865 9
63 3945 5
92 4274 9
48 4785 5
64 5336 5
55 3767 8
3 400 8
60 1140 1
82 5567 7
48 2631 1
91 4088 9
4 1683 8
33 4224 3
93 27 7
79 5039 3
51 567 10
49 4078 6
40 4295 10
13 4909 2
36 2722 9
59 135 9
79 4746 6
71 1316 5
56 314 9
60 4065 4
48 3325 8
50 2424 4
83 613 8
86 1597 1
67 3073 8
6 5167 8
2 3151 9
47 4862 3
8 2693 3
45 717 1
99 83 10
56 5228 9
12 1867 3
72 178 10
57 2784 7
87 1042 6
68 2774 1
84 5719 2
17 5203 5
75 376 2
57 2624 8
77 1197 4
3 4642 10
27 1097 4
2 2747 6
16 4308 7
44 2247 10
23 3554 5
65 3795 2
1 4230 7
55 1335 1
14 4597 1
93 942 1
72 846 6
18 2343 10
61 5684 3
4 404 6
30 5108 2
65 1020 6
68 422 1
71 5740 4
52 1031 2
81 2028 9
86 3195 3
17 3324 7
96 3140 7
46 2491 10
64 1493 6
64 3096 1
68 295 4
24 1032 6
44 1555 9
94 81 3
96 4836 10
16 2722 4
10 1900 6
17 4250 3
25 2872 7
62 4067 5
14 301 3
37 827 4
95 3886 8
9 866 3
66 3293 4
84 2101 7
20 768 4
37 1409 8
87 4257 2
67 5311 8
14 3149 4
68 2915 3
77 1972 2
35 622 10
3 4240 5
71 2626 1
82 3022 3
78 2628 4
94 3240 3
82 4682 4
46 1638 2
65 1489 7
96 4183 3
58 455 10
11 5251 9
78 3511 7
69 1843 5
87 345 6
56 2530 10
17 4106 5
5 4468 4
71 2606 2
68 2437 2
15 1442 8
23 5618 9
5 1464 7
8 5261 6
53 1273 5
11 3336 10
92 4688 4
21 1820 8
42 1282 9
45 218 6
2 2343 1
24 950 2
25 3704 2
22 3698 6
14 915 7
63 3094 2
63 1378 10
69 2041 2
62 3066 2
55 1496 9
89 4353 1
80 1616 10
43 3153 10
96 2299 9
57 44 6
51 4298 6
78 3008 4
59 4969 6
38 5630 9
43 5263 6
17 2088 10
70 4138 7
32 2315 8
100 5557 6
42 1389 3
67 4750 9
87 1337 5
5 1847 10
22 1766 6
57 4068 9
38 1466 9
40 1378 6
42 5539 7
55 4434 6
8 1055 6
64 1125 5
73 2907 3
50 821 8
73 2547 3
69 1240 5
34 3557 9
70 5485 7
97 327 9
44 5486 5
59 2937 1
23 2220 1
72 5712 5
8 1255 1
79 1614 3
54 918 1
54 3822 1
52 974 1
52 1072 1
58 1236 5
69 3372 1
56 2331 1
48 3261 4
76 3179 3
92 2031 1
2 1242 10
12 3147 6
88 1508 2
42 5640 10
85 1537 7
69 5493 10
8 3430 10
31 4450 6
20 3154 6
68 439 9
51 5305 2
90 5148 8
70 2821 9
77 2080 2
28 2902 8
83 5288 2
34 3953 5
53 1102 6
18 1615 1
51 4790 10
96 2660 3
92 4984 9
90 4991 8
87 5057 3
69 5124 8
48 1278 7
9 4148 4
84 2699 4
15 4618 4
37 655 10
40 2032 5
74 5036 1
52 3157 3
31 677 5
50 2257 5
5 392 3
73 4020 8
29 4113 9
77 467 3
9 2480 7
74 4016 8
74 481 1
93 2400 9
59 1092 3
11 1989 2
46 3698 3
22 576 7
91 387 3
71 3729 7
76 3473 1
81 4136 5
98 5554 2
96 1936 9
33 425 7
10 739 10
100 4389 7
71 2091 8
18 602 8
8 1185 9
6 2878 9
60 1768 6
25 5520 8
38 5657 10
24 3055 1
39 4203 1
1 2821 5
47 3714 2
20 5061 4
11 753 6
82 5213 4
37 4820 6
76 3722 7
27 4117 10
52 1543 7
27 5474 5
70 50 1
90 1279 9
19 853 10
75 4050 4
27 3906 9
9 1676 3
32 894 10
71 1352 9
22 5136 6
50 76 2
92 4843 7
65 4769 5
16 5661 6
39 4245 5
62 3982 9
30 1105 8
38 701 8
18 4638 1
84 3714 9
98 1134 7
88 2470 8
94 4703 8
89 3405 9
35 3250 4
80 4053 4
55 55 2
27 2450 3
9 2919 5
7 2241 2
91 4799 10
64 945 8
64 5214 7
22 3672 10
99 4664 4
79 291 4
85 4984 9
32 421 7
85 2484 4
80 17 5
82 1093 3
78 3604 6
9 1897 3
96 1728 9
21 2939 1
48 4942 7
23 2513 8
51 917 8
97 1630 9
19 36 1
24 3749 7
98 3045 2
45 4751 1
39 1103 5
59 3113 9
44 5669 7
48 3085 4
75 208 6
57 615 6
29 438 8
51 4673 10
53 2652 6
77 3791 4
58 4574 2
63 1492 10
32 2072 3
72 1860 4
95 5488 5
19 5120 4
35 305 5
79 3058 7
97 912 8
33 3154 9
66 3400 3
51 3710 4
73 3707 4
53 2773 4
10 1775 5
1 4102 10
16 1704 2
70 4165 2
25 4226 9
94 1614 2
25 4031 6
34 2474 4
97 133 1
49 1291 2
68 968 1
49 1589 6
41 1156 8
1 557 8
34 4276 3
67 2355 4
67 351 4
14 2724 10
50 4709 3
13 433 1
63 4802 8
19 1827 10
9 3289 3
58 2912 3
24 4543 1
3 3129 5
52 4944 7
46 2857 8
42 2758 8
47 2122 8
6 2116 1
49 95 2
12 2391 10
61 4661 10
4 5753 7
48 5600 10
87 2807 10
4 1816 5
87 2172 4
45 423 2
23 2305 2
32 975 3
58 2203 9
35 2512 3
65 5501 6
68 1208 10
92 1102 7
93 2286 6
59 1745 1
78 5523 6
86 4726 10
15 4300 1
54 1636 7
35 5338 9
29 5486 7
51 4993 6
61 4319 9
4 1102 2
32 2863 7
28 3008 6
80 779 8
