100
92 791 3
67 187 5
70 69 7
90 820 1
93 259 3
34 439 3
86 457 7
16 879 4
51 863 7
40 85 6
38 313 1
55 935 7
79 203 4
16 1167 5
51 815 1
45 924 5
99 1153 9
87 1033 8
43 878 9
71 749 8
41 365 1
59 273 5
17 274 5
55 290 6
62 1091 9
21 1305 10
34 1305 3
11 1262 1
60 683 1
84 975 9
39 1093 5
33 1302 9
14 355 8
84 166 4
100 784 5
47 886 3
81 397 8
85 174 2
51 1014 8
89 871 1
70 894 8
3 1075 4
73 1161 9
66 473 4
60 76 5
80 1053 4
97 1173 2
84 620 4
58 1243 8
52 513 3
2 1326 1
83 1213 3
94 447 4
70 1155 5
50 693 8
67 548 2
4 1162 3
71 624 1
74 1233 2
7 394 4
87 600 8
1 809 9
2 85 3
65 519 8
8 83 2
7 178 8
6 648 7
47 262 3
96 306 8
58 89 2
6 1143 8
36 1195 1
71 1299 9
2 1279 5
49 734 10
39 313 2
82 760 3
17 845 5
74 723 3
74 205 1
37 19 10
19 309 9
57 411 5
69 728 3
11 993 9
61 521 10
87 932 3
88 891 2
21 1106 7
56 888 7
58 263 7
22 701 2
82 633 7
82 410 1
29 630 7
96 232 8
13 334 10
65 305 8
19 311 6
92 583 5
