150
59 1696 8
19 50 2
64 164 9
52 1675 10
79 159 10
8 1095 8
50 83 1
14 1028 10
27 1001 2
8 478 5
79 1246 9
17 1353 4
28 61 9
8 90 4
29 1236 9
86 737 5
10 1542 3
55 1181 3
23 1259 8
82 1709 4
33 281 1
50 143 3
55 1061 6
16 1638 10
33 1084 1
6 1118 8
31 1788 3
60 342 2
11 1752 8
64 1279 3
18 1293 2
38 668 7
58 943 6
46 1341 8
9 1740 6
66 1538 2
69 444 6
35 1444 7
28 751 3
40 1273 7
51 606 10
23 234 1
5 699 8
55 814 6
82 1477 3
93 37 1
78 514 8
9 668 10
35 1443 5
29 673 2
95 33 1
7 1127 5
58 706 5
29 1744 10
79 488 6
57 977 3
33 1232 5
5 1483 2
22 614 1
100 540 5
9 1173 5
58 1216 6
31 624 5
98 1030 3
91 99 2
44 1033 1
60 178 10
24 1348 1
23 1683 10
6 1123 8
80 1388 9
8 986 8
14 467 5
86 218 8
5 7 4
29 713 4
71 1100 9
94 802 3
38 809 4
58 380 1
45 374 9
90 652 5
28 1129 6
68 4 5
30 1448 2
45 197 8
55 907 10
93 309 2
49 1327 10
52 1728 9
45 646 3
44 140 10
66 69 1
36 1344 10
45 556 8
66 124 6
57 876 7
16 1601 1
76 74 1
88 920 8
17 1387 8
42 70 1
45 285 3
64 1014 7
95 1726 4
14 175 5
18 29 9
81 313 6
24 278 3
35 787 8
70 581 2
43 502 10
81 1357 8
27 215 6
56 1751 7
57 430 4
59 602 4
42 394 10
15 931 9
11 825 10
96 591 9
22 1768 9
9 931 1
66 1452 2
66 55 9
33 980 1
97 1567 5
23 131 3
53 1425 10
45 4 1
44 785 2
71 1427 2
66 938 9
32 1500 9
85 1075 6
11 1216 6
88 805 5
62 427 4
80 37 8
62 1057 2
89 1780 6
97 1096 2
54 966 7
3 1410 2
78 1142 8
15 809 1
25 1041 4
90 539 10
77 1540 10
96 1766 1
