400
37 5060 1
43 1960 5
86 3828 9
73 5329 1
83 2758 1
68 575 1
55 2260 2
88 5132 1
68 4091 6
97 1589 8
33 1004 8
74 3059 8
82 2190 9
64 3714 6
98 4983 4
98 4694 1
100 3079 10
83 3607 4
74 3433 6
43 1664 9
81 2332 10
50 3860 4
98 756 8
73 3022 6
83 3026 4
52 4717 6
17 1246 5
25 5078 6
92 4244 8
39 2 7
43 3002 9
26 846 1
54 4960 5
35 95 9
41 2318 8
51 2869 7
75 1141 6
57 3423 9
15 3607 1
40 2330 9
19 4580 3
67 1386 4
71 34 4
75 3735 1
84 708 5
39 5025 4
55 860 10
34 4598 5
71 3449 2
26 2848 8
68 3507 7
10 874 10
13 1830 7
35 1797 7
65 1314 5
17 5152 9
45 5008 4
41 260 5
24 1787 2
74 3337 9
25 987 1
83 4317 6
11 5174 10
55 3618 5
27 2178 4
13 4644 2
57 1506 5
71 763 9
96 5290 7
37 1654 4
7 3383 1
48 4137 1
94 1782 8
63 3648 10
19 1735 8
78 2492 3
66 3926 6
16 5287 3
70 652 1
48 3752 6
27 4797 7
40 1101 3
68 5236 1
59 3213 5
2 2534 1
85 995 7
92 213 4
60 2359 5
38 1196 1
50 1326 6
94 1264 4
29 3785 5
25 1742 10
94 4027 7
77 1593 7
40 2033 1
61 3425 6
33 3661 4
100 1073 3
96 707 3
61 3800 4
67 3075 7
74 5147 6
16 517 1
85 2783 9
67 1569 4
50 3512 4
52 754 2
40 5185 2
25 3653 6
57 3678 4
10 5095 2
5 4804 7
8 1311 6
8 3635 1
72 1605 8
85 2873 2
45 217 9
77 2263 1
73 2108 8
33 786 1
68 1121 3
68 3190 1
62 392 4
48 3050 5
1 1503 1
47 5012 3
80 285 2
4 532 10
48 4805 3
95 1112 9
87 3858 10
13 4406 8
59 2311 3
49 5149 5
83 5345 8
100 2017 6
90 2247 5
94 2831 8
73 3794 9
9 5128 4
30 1759 6
17 3870 3
47 4275 4
14 4231 3
81 2783 10
40 4616 2
34 1541 9
25 3733 1
12 1959 4
74 2665 9
98 955 7
98 4931 9
52 310 1
43 3797 8
69 1366 8
94 2603 6
10 368 9
11 1805 10
17 5113 5
60 868 10
60 2002 9
79 3225 1
99 941 10
78 95 4
67 5114 9
20 870 1
46 5197 8
24 5403 1
53 1537 7
96 1153 10
68 4490 1
24 640 2
77 3818 10
53 4559 6
36 2511 2
16 3701 1
69 5183 7
19 2495 6
40 2393 3
92 5112 7
46 4300 8
84 342 5
36 4636 6
60 3019 8
67 3764 8
68 3776 1
10 4446 5
100 4060 7
80 1020 1
45 839 9
29 2117 6
22 3853 6
37 2830 10
58 837 5
68 999 2
43 4299 3
94 3545 2
22 4691 8
97 2628 4
10 2555 10
50 366 7
13 2287 9
82 4195 2
41 3817 6
56 5204 4
31 251 4
97 2678 3
32 4875 9
40 4227 3
6 182 4
34 1312 2
53 4498 6
85 2981 6
38 4472 7
99 4458 7
31 2724 5
96 4904 2
22 2313 7
81 457 4
82 1450 10
17 2187 9
28 1247 9
97 2999 9
65 518 4
34 4630 4
96 765 1
99 4800 4
75 1930 6
36 3904 2
58 2212 2
14 1406 5
9 4291 10
90 3408 3
81 4234 2
74 4694 7
75 4958 7
51 3046 10
71 833 2
26 3153 4
41 1431 3
23 4796 9
100 4357 7
65 2440 8
11 3485 9
46 1374 8
31 2002 5
45 5075 5
8 3251 8
22 3095 2
35 4824 4
83 2904 8
46 3056 9
73 1835 2
84 3114 4
18 3482 9
25 3136 8
55 986 10
99 2696 6
64 1503 9
48 3 4
55 1963 4
1 4735 10
99 3975 5
70 4790 9
98 1478 2
74 3405 1
84 1402 4
58 4642 3
65 1356 9
71 1908 4
44 4709 8
19 641 1
9 4540 4
98 3852 9
82 360 4
46 2895 1
91 2795 10
46 2665 10
33 4414 4
39 4534 7
43 2105 2
89 5241 10
53 1841 10
99 4225 9
2 3541 9
24 4756 5
33 4144 2
45 3852 9
57 1856 8
56 4145 9
12 1532 6
95 132 3
1 1443 7
73 77 7
55 2099 1
23 474 2
58 4725 6
68 5181 7
10 2179 2
7 4540 4
64 5059 4
40 3025 5
19 383 8
56 1632 8
98 3256 6
98 4764 8
74 2084 1
30 1572 3
69 1955 10
83 2006 7
51 1729 7
10 2806 1
10 725 1
60 3959 1
41 1775 9
1 4461 6
16 3212 7
53 453 6
26 2193 9
46 1664 6
82 4853 10
25 3739 10
73 5255 9
95 5042 8
72 70 5
39 569 8
11 716 3
55 2466 10
49 2005 6
29 817 5
23 2023 7
54 176 9
12 4070 8
19 2352 10
64 269 10
54 543 2
51 2355 5
20 4764 5
44 3276 8
93 2827 2
94 3549 10
37 112 8
62 2858 4
4 4801 8
98 3273 4
90 2252 9
100 4934 8
83 1140 1
84 4389 5
89 4588 5
97 5257 10
26 4951 4
94 717 2
68 1683 7
36 4915 7
89 1180 3
88 4118 2
1 1538 9
56 2037 6
66 1074 5
33 4152 10
12 2093 6
93 1687 10
97 955 10
85 4124 8
72 5243 8
32 1063 2
46 2476 8
31 3694 10
70 5225 4
68 681 10
60 25 5
38 2777 8
70 3120 7
72 2818 4
28 5406 10
72 3516 9
77 3255 4
3 711 7
85 1253 4
60 3856 6
96 3001 5
28 15 10
62 3120 10
94 4396 3
38 1734 1
88 3230 8
6 531 4
87 1950 10
76 746 3
7 319 9
60 3908 1
29 324 3
57 5121 6
96 619 4
23 2783 10
52 1457 6
6 1164 6
91 5163 1
