350
7 611 1
66 2947 2
24 23 5
88 2935 7
27 1950 7
29 3069 8
96 1956 6
3 4047 6
14 3712 8
85 591 4
21 2656 9
11 88 8
65 3287 4
57 3947 1
14 2357 8
10 1537 9
23 460 9
27 3862 6
28 105 5
21 2039 4
49 3970 9
27 803 4
40 1114 8
69 3319 4
78 400 10
13 3926 4
55 3801 3
30 1669 9
61 201 1
84 3234 2
55 556 8
62 495 1
67 3230 7
14 495 3
24 2572 9
89 3205 8
87 2996 9
39 121 10
100 2332 3
26 3088 10
90 2586 2
92 3943 7
77 1254 5
66 2 10
95 3858 9
63 3061 2
87 2839 7
53 996 7
22 4092 8
2 1421 9
85 2730 5
38 2314 7
44 3433 8
13 1838 4
8 2151 8
80 1791 3
17 4024 6
9 1584 10
99 3634 5
43 1488 9
57 1290 5
68 3060 6
59 1121 1
4 4030 10
83 1510 10
51 2535 8
17 1387 2
92 586 7
68 1282 6
95 2684 10
39 3371 5
41 2313 3
54 2117 8
90 747 6
79 4153 1
98 1840 8
36 3815 3
90 3188 7
2 509 2
64 1583 3
28 2816 4
48 3436 7
92 2857 8
78 1592 6
25 3200 1
17 2337 10
36 2053 9
28 2583 2
95 2421 10
60 1396 1
11 2345 4
14 615 8
66 1585 6
26 3165 8
48 2510 2
14 1957 4
47 2473 7
98 2632 6
42 3158 1
83 3020 6
2 4015 7
75 110 6
79 689 3
72 2337 8
9 3489 4
62 3957 9
19 807 6
13 1532 1
25 2845 1
58 2909 6
41 2627 3
41 3833 5
82 4222 1
36 1601 10
67 4131 9
51 3823 3
19 1436 7
65 2654 5
36 3453 9
40 1212 4
30 683 8
12 1456 2
54 4019 8
27 2143 7
50 480 1
91 184 1
70 1024 6
60 1574 9
21 3100 7
45 2226 2
88 3697 6
81 3400 9
88 634 6
14 154 6
74 1502 8
56 304 6
60 3497 6
11 2915 3
48 1374 10
49 2938 4
22 3608 1
20 2239 8
80 2716 4
17 3730 9
36 1402 1
73 251 2
34 1067 9
63 2279 1
59 771 1
77 2339 4
25 780 5
8 3923 10
86 201 2
23 3682 3
82 1821 1
47 1487 6
29 94 4
94 757 6
18 1208 2
29 339 7
42 2376 4
50 3766 5
70 1342 9
21 3518 9
100 535 8
85 504 5
87 770 10
68 3995 7
80 2915 8
65 71 7
5 377 1
41 3930 3
42 3936 5
76 2588 4
36 465 6
56 1996 10
5 3007 7
3 2802 2
24 61 8
29 788 7
27 1216 1
32 402 2
6 2085 9
66 1665 10
81 2592 10
25 3097 8
38 2058 8
29 2916 3
94 2365 4
22 1865 2
91 990 3
48 1881 7
39 198 8
65 1929 4
41 853 6
40 264 8
8 3888 6
6 1977 8
72 2443 10
53 4044 10
37 546 6
70 2018 9
49 2318 8
68 2403 5
47 3164 5
98 2007 10
62 396 7
75 4194 9
96 1004 3
85 1116 6
42 1649 7
54 762 4
36 4170 4
9 1384 1
89 3896 2
88 567 1
53 496 6
97 1540 8
7 1104 1
25 2875 3
35 2779 2
39 893 6
44 2060 2
4 1848 4
82 1139 6
32 2297 8
48 3506 9
93 1597 4
4 3263 8
39 1842 10
41 3513 1
26 1624 3
8 2903 1
8 2558 7
37 534 5
36 67 2
61 2488 3
46 1511 7
69 2244 1
70 2850 5
9 361 8
77 2327 4
62 498 6
85 191 8
34 2664 3
90 3809 6
55 2384 3
59 2178 8
92 2674 8
59 4073 3
83 1423 4
31 1953 10
39 3662 6
32 3232 9
26 1083 8
35 3585 3
25 3905 9
97 3809 8
7 3198 9
87 1369 4
98 3903 8
64 1461 2
62 1161 1
56 866 6
23 278 7
10 4126 10
83 1296 5
20 3314 1
80 589 3
72 2335 9
65 2017 2
58 692 2
31 1425 4
18 3091 8
21 604 1
32 211 1
6 808 3
9 3281 7
61 153 4
9 1644 6
48 2799 5
71 692 5
82 3193 8
66 2589 9
4 2 7
92 1598 1
58 4028 9
28 3945 6
37 994 8
17 3424 3
34 271 6
68 49 8
84 4106 1
24 1877 6
65 3371 1
53 1782 9
5 2515 2
53 3755 10
9 953 8
57 898 7
20 1805 2
63 1531 10
52 1117 2
8 606 3
14 3816 1
41 3652 8
91 2121 4
57 1593 1
83 2460 1
35 1993 10
9 398 6
96 1292 2
34 591 3
27 1170 3
36 1436 4
97 1475 7
11 3588 10
24 3484 1
11 3958 6
17 1139 4
97 324 2
45 612 10
76 868 3
5 1353 2
45 471 9
89 714 8
67 3991 6
23 3681 4
47 406 1
1 3556 10
70 1136 5
24 1279 2
42 1118 5
34 2474 4
62 2109 4
95 827 8
87 4035 6
14 2972 10
67 1424 5
55 3982 4
69 2659 1
33 4073 4
9 332 9
62 38 4
5 1014 7
73 3424 2
10 2873 7
80 4205 9
34 1135 5
8 1495 4
