200
19 2222 1
86 913 6
70 82 3
54 1399 4
81 1370 8
91 2252 9
57 999 3
95 2486 6
85 1632 6
84 1952 7
57 926 4
89 2165 8
2 672 6
2 1665 4
71 987 8
48 2417 4
80 875 9
6 2282 1
94 1963 6
47 1677 5
68 1845 10
4 2474 3
12 269 5
89 1976 8
1 777 7
88 1834 10
37 2230 2
96 834 10
83 2419 1
36 2263 7
57 416 1
98 1565 10
47 1503 7
50 838 8
84 1378 9
34 1174 3
69 302 6
13 1893 9
99 1706 9
77 1946 8
10 435 5
30 896 9
95 376 9
67 86 10
3 138 2
23 1027 2
97 1600 1
98 599 8
100 246 4
29 1085 3
72 1440 5
11 1791 10
28 1847 6
68 1024 7
63 796 4
52 129 3
48 1234 1
65 1245 6
30 1398 1
27 2523 10
58 2464 8
23 7 3
67 1193 6
47 1307 9
14 207 10
7 1542 10
38 99 5
52 969 7
13 600 3
90 1798 4
15 1300 1
62 2507 5
82 1801 6
52 1409 5
54 754 7
70 1175 9
1 1925 3
36 1114 10
68 2343 10
36 594 10
70 1990 10
72 1551 1
39 778 1
2 506 4
35 876 5
41 114 6
6 966 9
67 2172 6
65 881 7
13 1811 2
63 673 5
88 1268 3
14 1037 8
88 1546 5
57 955 10
16 1630 3
15 598 5
38 342 8
67 1664 10
91 1047 7
51 375 2
27 617 2
83 441 8
34 2174 2
100 280 5
48 1275 3
91 2163 1
86 774 2
4 509 8
68 325 7
20 812 8
78 241 7
30 159 7
60 1253 4
75 1876 1
40 1619 3
97 175 8
72 1292 7
72 1948 7
47 1993 10
99 412 1
68 473 1
55 1305 5
61 1859 6
20 250 7
53 1630 3
37 2217 10
84 1624 10
99 931 5
59 1598 10
80 1777 5
15 1633 5
2 2342 7
53 275 3
44 299 2
27 1493 3
35 79 6
7 117 6
93 1450 2
42 408 4
39 1493 6
86 17 1
25 278 5
81 1562 6
49 2498 6
52 1351 7
21 768 5
2 1108 5
81 378 1
16 2458 6
64 1164 1
93 760 6
4 1958 6
6 244 2
16 1647 9
90 1581 8
95 1579 3
64 1755 3
70 111 4
56 220 5
21 1512 2
2 1458 10
83 2417 6
91 1719 7
9 354 2
46 1173 10
12 790 7
95 1082 10
5 21 3
26 139 2
38 272 3
37 62 1
87 2056 5
53 5 5
65 2186 1
45 1482 10
9 2369 6
8 2167 10
18 1703 10
37 946 9
64 1913 6
6 359 2
37 821 3
59 581 10
78 977 6
16 1276 10
53 1625 2
38 1411 2
74 209 10
40 2268 2
76 2209 1
50 315 5
12 1314 10
77 2295 1
43 421 1
36 87 5
72 1976 9
2 2229 10
26 96 8
64 1179 2
