500
30 2736 5
32 6309 2
27 3339 3
71 1680 3
11 4877 4
9 324 2
100 4482 6
59 4549 3
70 4969 10
80 6008 7
62 5544 5
84 5196 3
36 3541 6
38 4601 4
41 2641 8
97 1868 2
84 5990 4
56 2503 7
39 4296 2
80 1428 9
20 6173 10
70 914 1
44 1116 6
40 1587 3
83 1779 8
14 2538 1
55 1590 10
15 2022 2
23 9 6
9 3549 6
25 2822 2
85 4968 7
23 3897 4
58 5932 2
84 5711 8
15 4923 5
76 3652 1
95 1559 10
69 2474 8
97 1873 5
57 4132 4
95 1386 4
86 5603 2
19 249 1
91 3746 7
74 4393 2
39 5249 1
70 2454 6
2 5153 10
23 38 9
13 4201 3
36 2699 9
60 1853 10
17 1588 5
3 2755 1
42 1273 4
17 6067 10
55 3137 8
94 2641 5
38 4900 7
50 605 1
83 5308 2
51 5758 10
13 1819 5
5 6230 10
99 1553 4
26 2920 3
81 140 2
66 3560 10
47 182 9
11 139 7
38 3464 4
38 2818 1
45 4486 5
78 3481 8
81 4111 9
68 2511 2
88 1040 7
84 4588 9
11 1126 5
21 2922 3
35 3783 8
3 3387 10
3 3885 1
9 5264 4
6 3388 7
30 1861 3
45 1618 6
11 4111 7
12 6170 8
17 3406 5
37 320 1
6 2044 4
17 6241 5
95 4735 7
23 2806 7
34 155 9
52 47 10
38 1172 8
5 4356 9
59 2701 5
69 3080 2
11 264 6
78 1512 8
18 5190 8
94 1313 8
67 4711 3
37 671 10
19 2187 7
96 3841 9
76 2678 9
14 3805 2
58 6046 7
17 1442 7
7 5400 2
19 4691 8
86 3791 3
71 853 5
77 4811 3
60 1866 1
92 17 3
100 1612 4
9 3171 2
77 1894 6
97 1330 7
34 5926 4
3 987 6
64 3253 7
37 2602 3
54 5909 1
67 5041 6
43 4385 1
90 83 10
72 3012 7
35 1201 10
50 1161 4
12 5448 1
5 3345 7
52 5568 9
57 4382 10
27 3012 6
26 4936 1
73 3558 5
49 2352 2
96 6021 10
80 759 4
46 2708 5
67 4270 5
36 4871 7
76 4170 7
62 3209 5
56 4726 5
58 287 10
34 6149 2
19 3215 10
82 6142 5
66 2474 5
24 3009 7
94 2841 4
35 264 9
86 3284 4
57 1859 4
32 2043 8
92 193 1
22 4883 3
85 2057 6
42 4777 5
77 5835 7
45 1402 8
66 853 2
9 66 2
49 4383 10
47 5298 10
69 1889 5
5 4368 1
99 592 10
13 4353 9
57 5926 5
7 3311 9
40 5796 8
69 2516 7
81 5082 1
39 1174 7
78 139 1
68 6043 6
56 6141 10
14 1137 8
53 250 3
90 186 1
59 6238 9
14 3191 7
39 5614 3
62 1137 3
67 1124 8
70 3868 3
86 623 3
56 3321 6
40 2627 3
17 1570 10
95 3969 1
77 6193 7
21 6049 6
73 84 1
31 1872 10
49 3425 1
72 1585 5
2 5823 9
38 3121 3
45 4576 10
74 4903 8
85 2748 7
10 4093 10
59 5428 10
59 2306 4
99 5298 4
52 202 3
85 6000 10
65 1342 4
68 1437 10
59 2302 1
86 5425 5
75 5274 6
47 4118 8
79 5754 8
8 2090 6
39 1476 2
94 1591 5
6 3551 9
66 1238 10
14 2106 10
24 1596 8
48 4401 4
31 139 2
74 5537 1
10 5161 2
9 209 7
86 3944 10
53 1989 9
75 208 9
68 6304 6
33 3487 9
95 6269 7
64 1284 2
2 2544 3
20 2559 1
40 6034 1
59 6158 6
82 1851 1
60 1156 10
16 4150 7
64 3620 4
68 4562 8
43 1314 7
45 1405 4
25 3874 5
39 4045 3
47 5206 6
75 6241 8
8 4105 6
84 2596 2
71 5103 8
90 6137 7
29 1431 9
7 5120 10
88 4750 5
75 3507 6
23 3358 6
60 3428 8
77 5531 2
62 939 8
70 5061 7
77 5306 6
79 4204 7
59 173 1
78 3251 2
58 3514 3
44 2416 6
47 460 4
27 917 5
34 1173 9
26 197 4
27 384 8
7 388 9
31 563 5
76 2071 5
99 3772 10
64 4726 4
39 2581 5
66 1484 2
17 2284 2
24 2058 4
7 1049 9
2 3774 8
46 1548 6
5 3530 9
91 1979 5
60 5250 9
39 5696 1
15 5580 8
71 4855 6
77 1268 4
25 5108 3
52 4328 4
18 6321 7
16 2977 1
48 3647 10
3 1164 1
27 684 8
8 4876 6
57 406 2
47 130 9
81 298 6
97 753 3
41 5571 6
13 1799 6
82 5791 5
35 1344 9
43 4224 3
68 4973 8
7 481 2
62 515 7
22 5859 4
51 2698 8
21 5819 1
80 3072 6
27 492 4
69 2138 5
48 3009 5
98 3461 5
92 5171 7
65 3721 8
58 1620 9
95 4366 3
21 3046 10
99 4357 10
60 284 6
86 6013 8
68 579 6
60 2841 8
13 2542 9
47 6168 4
89 1997 7
37 2339 1
37 1533 3
33 6154 6
69 927 5
78 611 8
22 996 7
22 3201 8
10 5290 10
75 3145 3
44 4364 7
74 2460 9
85 4535 5
31 2 2
21 2763 2
51 5036 6
70 2339 9
23 4735 7
16 5170 3
16 871 8
47 1686 4
99 4811 10
6 4963 4
97 672 4
91 101 1
42 4164 2
61 4141 2
36 5679 1
58 2137 8
62 256 1
27 3497 2
76 914 9
95 982 7
86 6322 7
65 1723 9
80 2508 9
60 3646 9
76 4743 4
32 1280 8
78 389 5
18 2885 10
30 1718 10
54 3343 9
85 1970 7
29 2251 4
33 3810 2
62 5929 5
28 4587 5
32 1404 7
26 4106 4
87 5746 1
57 3119 10
54 14 7
23 1559 1
58 1172 1
46 5122 8
19 1082 3
81 1412 7
43 2891 3
46 4411 3
84 2389 9
83 2885 2
36 525 3
61 970 7
83 1928 1
9 6109 5
54 2087 7
56 2257 10
20 3284 6
50 2686 1
84 6135 8
86 3216 6
57 6074 10
89 2987 1
67 2410 7
31 4383 8
66 1421 6
47 2619 5
67 5336 4
70 5637 10
16 944 10
82 6107 3
4 3981 1
42 1340 6
17 2933 2
54 1351 5
14 4517 1
45 434 8
64 3343 8
83 1588 8
34 4845 7
63 4540 8
69 3788 3
10 2559 5
95 4987 8
58 6129 6
15 3747 9
15 3167 8
65 3280 3
1 3169 2
27 3153 2
19 4013 7
82 3801 6
27 1144 6
44 5349 3
57 4738 5
83 4677 10
7 1320 6
41 4487 3
33 4611 6
25 795 8
3 4239 1
69 2998 5
33 6206 5
97 2779 1
53 5885 5
90 1562 4
8 2717 10
78 6309 4
81 5276 6
64 5560 7
26 3395 3
71 5914 4
44 2068 1
84 5541 6
88 3539 7
57 312 3
14 2627 10
21 4425 1
36 3929 1
5 277 3
38 4877 5
15 963 2
38 5466 3
100 4765 2
59 6135 5
13 4583 3
92 2704 3
93 4642 6
92 3727 1
76 6147 9
19 6244 2
9 1857 4
72 2952 6
92 5018 5
79 1981 9
21 6070 5
97 2330 2
74 3877 6
95 5024 7
51 2271 10
51 3703 4
94 2950 4
93 3887 5
47 4660 3
68 4827 6
97 2757 1
6 1834 7
24 1924 8
