60764
8
13 46 38 128 36 59 134 44 133 18 70 65 80 92 121 16 73 42 132 149 51 95 107 33 114 82 142 89 96 53 143 71 109 11 112 66 8 93 74 117 47 31 98 86 29 110 45 111 141 122 37 35 145 60 104
101 34 55 148 62 140 146 144 125 14 43 64 129
76 85 26 28 17 78 48 27 81 32 24 6 69 139 2
108 67 72 39 123 77 103 131 52 105 84 9 115 57 75 90
7 4 130 99 120 12 97 56 119 127 138 116 135 54 87
137 30 83 91 49 15 150 23 126 3 20 118 106
124 94 40 25 102 5 147 88 63 136 1 21 61 79 113
10 19 58 100 68 41 50 22
