89462
45
57 200 127 99 98 143 49
123 156 131 168
70 50 12 83 180
119 194 185 189 64
72 136 134 175
149 152 163 76
184 147 8 66 61
183 95 157 22 10 4
3 137 31 124 128 122
78 87 80 84 160
24 5 195 172 107 17
129 125 18 192 174 29
32 58 169 112 105
48 138 20 120 116 74
199 41 68 37 55 1
154 93 86 117 81 140
164 82 75 166 53 7
47 121 118 91
187 144 111 159
97 101 170 52 90
110 190 108 2 145
13 19 15 6 181 11
92 114 178 109
43 94 188 69
14 63 9 177 30
85 16 36 96
153 179 150 34
60 176 173
73 171 21 198
102 88 113 77
191 51 165 44 27
33 42 186 28
71 45 162
65 26 130 56 167
126 104 59 155 38
79 100 133 182
158 89 46 142
115 135
35 106 146 161
151 141 196 193
54 25 139 39
62 23 132
67 197
148 103
40
