191764
55
190 187 116 169 115
126 114 79 35 12 184
75 151 211 55
156 241 158 37
121 74 52 56
71 203 179 198 160 185
20 14 228 244 50
60 129 53 222 183 202
176 136 243 11
154 109 195 138 7 137
93 29 26 106
164 209 194 224
63 86 157 24 103 62
10 111 44 30
186 152 146 133 59
141 127 177 118 147 66
17 128 245 3
250 214 132 97 61 45
96 200 142 78
54 167 23 89 229 42
65 131 72 144
83 101 233 69 239 191
6 27 105 242 246
235 80 125 47 40
171 64 130 94 41
104 145 49 213
240 197 208 18
110 210 223 204
57 216 175 173
122 238 201 188 48
221 51 218 237
162 16 58 77
85 108 36 236
39 174 102 117
247 168 119 161
31 205 43 220 165
227 90 135 113
123 231 134 76 170 150
155 34 217 1 38 15
91 148 98 84 232 21
207 172 120 73 112
143 181 67 166 163
9 70 33 215 196
68 5 219 107 248
124 199 2 153 149
100 206 81 92
4 87 95
180 28 46 230
226 25
13 82 193 19 249
178 159 8 182 212
140 189 225
192 88 32
139 99
234 22
