211836
79
329 3 116 35 6
189 303 117 220 302
159 125 78 102
336 61 175 48 317
248 120 94 134
136 99 52 68
14 50 304 272
341 200 140 16
158 297 1 106
164 237 56 177 162
138 135 313 196 74
332 262 342 322 236 191
350 243 337 273 277
249 258 276 173
307 247 63 39 95
81 132 109 2 178
335 5 301 296
234 76 330 309
122 292 217 163 300
279 344 115 233
31 105 209 166
59 289 37 278
47 15 260 42 201
110 79 112 280
290 295 182 286 107 327
334 123 142 73 130
275 305 203 226 324
32 284 66 214 338
210 328 92 41 36 13
308 111 254 128
223 18 98 265 57
197 198 194 58
150 235 22 26
46 85 205 126
72 211 294 219
256 60 183 349 228 9
340 326 193 315 299
103 331 51 88 222
270 29 80 38
21 149 71 281 287 19
293 221 253 268 30 119
155 65 160 348
271 147 320 213
285 127 171 264 70
40 20 101 202
62 310 347 53
10 96 17 129
318 199 87 282
242 180 238 108
124 312 206 314
43 69 311 176 321
137 67 218 172
227 25 139 34
240 165
55 83 75 323 170
232 84 12 255
64 225 333 82
187 97 157 288 207
54 114 274 184
161 24 118 168 346
244 306 28 190
250 93 229 298 33
23 89 100 4
8 90 261 241
269 181 316 188 167
152 27 104 86
151 44 339 252
343 169 239 216
185 145 195 263
231 45 156 212 143
121 77 224 7
141 215 291 204
257 131 179 192
144 267 208 245 148 319
133 49 230 283
251 186 174 153
246 259
345 11 113 325
91 146 266 154
