209422
96
343 320 349 241 245
281 208 92 147 187
101 248 222 250
104 119 214 131
393 353 311 17
378 244 335 234
290 166 138 5
347 299 170 383
49 205 25 253
373 188 352 271 304
169 99 133 137
210 149 180 303
19 351 45 375
336 36 18 308
87 254 190 42
74 70 306 193
316 340 385 162
28 267 314 247 211
357 110 329 181 262
240 150 21 54
14 151 227 198
362 2 284 192
366 219 95 143
265 302 160 323 69
67 315 35 11 173
275 117 1 251 387
339 369 118 184
391 113 348 185
233 177 179 51 376
134 84 346 88
355 76 321 135
156 97 159 389 294
266 399 360 178
80 276 374 356
286 207 68 116
16 158 85 331
146 230 279 8
285 196 145 90 126
6 174 297 75
194 164 56 107
310 62 61 261
274 365 123 318 201
172 98 291 72
249 228 209 257
332 341 195 263
106 12 390 112
298 120 229 381 58 326
235 64 168 96
330 337 175 238 394
182 300 165 121
312 319 260 364
322 91 63 359
30 167 293 199
226 71 270 50
111 127 309 78
397 380 38 384
48 377 39 237
206 305 204 183 292
32 368 128 57
216 317 102 361 225
22 103 289 354
327 288 324 148 93
313 53 379 363
4 161 44 242
81 333 258 272
86 141 144 66
264 60 31 115
307 33 20 154 358 122
334 215 236 27
186
89 382 350 344 395 259
108 163 224 152
155 217 202 301
283 388 342 105
239 287
296 94 79 41
34 73 46 136
203 59 200 7
370 231 24 29
142 221 223 277
295 252 255 153
269 10 278 243
100 338 268 256
77 15 52 328
43 191 82 171
176 197 282 345
124 398 218 212
392 386 189 139
130 13 157 280
371 246 37 125
367 325 23 55
65 129 132 114
9 83 3
26 232 109 213
372 400 47 273
220 140 40 396
