108688
50
124 116 105
41 60 21
72 58 135
56 136 131
49 91 30
119 25 6
37 1 68
5 102 67
43 106 12
120 77 50
17 85 20
19 115 100
79 61 9
93 32 70
3 27 139
69 29 23
78 39 97
40 99 63
10 22 108
35 103 71
150 141 54
34 133 57
104 87 81
15 147 55
4 88 127
138 75 113
14 137 130
94 125 111
128 142 7
84 126 123
118 144 83
48 18 2
145 140 52
90 24 47
64 45 110
26 59 122
51 76 86
101 28 62
129 109 143
146 148 114
8 112 98
31 117 92
66 11 53
74 96 33
44 107 73
82 132 42
89 95 149
16 65 121
80 46 36
134 38 13
