179120
67
63 108 159
1 55 82
120 181 24
91 36 16
9 114 190
165 138 121
97 15 89
178 58 150
84 14 111
6 21 96
109 162 20
118 39 76
94 152 115
171 68 33
197 34 141
198 80 38
140 86 135
95 173 61
60 144 90
52 182 133
79 188 126
2 175 19
31 167 11
177 13 107
59 74 112
40 176 104
81 196 28
56 192 45
23 154 67
44 85 51
191 75 155
30 100 193
43 151 145
7 179 87
187 110 132
122 142 62
160 73 146
71 92 27
77 37 172
170 195 117
129 41 199
17 35 42
116 8 47
101 130 46
158 25 153
128 166 48
93 5 137
10 29 106
53 124 54
119 139 78
136 164 105
88 161 186
69 65 32
26 125 3
134 4 147
169 22 184
183 18 83
157 174 194
66 185 163
113 12 102
149 168 64
189 127 98
123 131 72
70 148 50
180 103 143
156 49 99
200 57
