342337
84
58 205 210
201 40 235
174 131 78
66 170 57
218 24 103
93 105 154
173 65 164
204 61 25
153 147 118
92 146 62
77 16 176
142 69 135
227 145 51
162 9 249
236 74 175
223 89 30
64 106 216
229 72 244
46 49 180
48 36 110
43 128 125
237 196 108
98 101 148
156 112 152
6 85 191
22 234 206
172 94 7
222 59 132
213 80 226
165 27 117
33 215 200
81 90 86
250 41 130
232 100 238
47 183 42
31 208 45
21 70 111
113 220 221
136 104 233
207 141 67
122 23 171
242 5 167
68 211 102
73 120 84
127 96 230
28 239 188
26 246 177
97 138 91
119 163 2
144 83 39
157 199 82
194 29 209
44 54 134
76 231 140
214 185 149
63 87 193
13 124 123
19 224 10
150 195 181
189 133 129
197 15 166
160 143 186
18 225 241
20 56 53
99 139 60
52 137 79
247 95 168
11 109 248
161 202 219
3 1 12
50 107 4
245 121 38
55 17 14
159 240 228
243 179 71
155 158 190
212 217 34
182 37 198
178 8 203
151 184 75
126 114 169
35 116 192
32 115 88
187
