278256
100
37 64 256
144 296 208
116 157 196
60 143 286
142 182 171
172 77 197
268 166 125
119 62 233
294 32 221
232 292 230
278 173 189
241 149 169
238 272 200
180 261 185
219 135 91
117 43 47
113 114 140
17 99 70
276 291 22
190 68 262
284 168 137
242 240 154
48 130 203
188 51 184
187 251 227
186 132 65
239 25 163
158 298 269
250 76 18
150 253 212
72 27 249
228 289 30
112 152 162
282 93 104
267 28 202
271 299 8
75 270 246
127 87 279
218 122 71
258 124 89
38 101 257
160 59 207
237 13 248
128 95 118
153 97 275
10 151 53
165 123 19
290 204 79
12 55 78
86 11 191
85 90 280
243 84 6
167 265 24
50 273 156
194 214 3
120 94 41
1 146 63
295 193 29
7 46 20
252 139 179
57 98 67
58 81 80
176 254 264
277 96 4
283 39 100
213 111 201
198 285 15
108 199 192
134 26 195
159 183 148
145 138 225
223 297 235
224 16 155
216 236 92
2 215 205
121 226 288
211 40 88
141 31 229
259 247 14
42 115 274
74 244 260
82 300 161
147 73 131
106 110 61
231 255 209
35 54 69
287 129 5
263 210 23
102 105 83
49 45 109
175 206 44
178 220 36
103 222 136
133 33 177
234 217 34
107 126 245
66 266 170
164 52 281
181 174 21
56 9 293
