409207
117
93 129 70
127 19 38
348 299 193
111 22 323
172 32 15
202 20 330
5 163 255
53 157 34
25 194 173
327 51 225
176 241 219
165 10 282
126 83 274
18 135 218
321 233 80
197 9 101
12 211 207
213 143 311
73 314 57
71 29 75
264 64 289
184 309 124
31 253 55
276 178 283
304 98 50
24 118 312
147 183 262
58 294 151
17 221 13
41 285 155
261 324 203
257 110 137
168 301 33
131 170 36
326 227 235
30 69 238
318 149 333
331 236 65
84 105 232
115 288 277
187 296 44
320 346 259
2 205 278
107 139 338
60 74 308
287 67 208
21 43 123
229 240 76
171 62 82
119 201 108
228 179 271
258 39 114
254 103 182
315 132 190
298 250 281
206 68 244
85 246 222
252 339 161
268 42 128
134 260 347
293 290 192
90 231 306
319 49 59
265 226 97
230 133 328
106 40 112
8 305 96
310 130 160
242 46 148
267 88 256
79 212 284
54 47 340
72 28 270
300 295 167
150 349 200
166 94 325
297 26 37
191 249 344
156 142 45
313 223 332
144 180 291
280 245 92
198 140 275
215 345 199
234 174 210
11 335 334
286 113 273
81 214 66
109 4 247
209 87 279
136 95 181
307 269 204
217 63 316
154 342 243
23 337 341
272 292 251
122 188 91
141 162 266
146 56 186
153 317 220
185 169 158
263 322 125
195 14 61
100 336 16
138 52 350
196 164 177
120 1 237
216 89 86
99 145 78
48 224 77
159 343 302
248 102 239
121 175 7
6 104 27
152 116 117
303 189 35
329 3
