448706
134
259 236 363
242 38 326
300 96 261
56 164 287
224 215 161
93 324 135
229 394 342
27 122 390
264 66 192
107 150 211
50 267 46
292 386 395
354 262 120
193 53 294
389 26 225
88 85 128
39 152 24
167 149 279
148 81 1
368 160 115
243 379 72
97 304 134
376 358 48
185 86 37
78 195 111
201 163 116
221 322 307
384 186 4
6 327 126
146 293 103
365 179 58
9 95 44
348 382 258
334 235 137
310 216 297
30 105 12
305 263 145
121 257 67
228 387 175
330 398 124
136 360 15
312 277 397
33 280 391
157 60 309
337 339 57
260 59 98
61 102 76
352 346 313
239 168 32
3 333 388
317 212 69
282 182 20
31 237 377
144 350 359
154 204 328
272 332 7
40 83 71
364 108 91
356 321 323
141 291 285
77 396 283
34 288 375
35 63 162
177 29 246
220 90 370
199 284 344
400 89 13
206 362 361
54 213 68
52 109 232
194 314 374
274 380 174
183 127 151
142 268 202
155 231 143
249 184 226
75 112 130
218 278 369
140 269 336
73 381 298
165 62 319
8 289 247
302 28 106
64 341 318
22 84 371
301 16 276
238 2 295
223 345 217
200 189 286
233 266 173
123 125 166
240 251 308
156 230 340
36 197 392
10 331 172
273 372 196
80 270 11
118 139 209
207 178 45
70 203 5
198 176 227
104 187 47
256 51 355
311 21 399
315 159 357
253 275 14
385 255 49
158 351 117
219 113 338
100 74 79
316 366 329
138 17 190
254 18 188
265 153 252
110 383 373
210 170 181
87 290 393
296 171 299
347 306 133
320 169 99
303 94 129
19 353 378
180 25 43
234 349 271
42 41 205
82 191 245
335 244 250
114 208 147
214 131 65
367 101 132
119 222 241
92 281 23
248 55 325
343
