1086514
150
439 225 113
285 354 58
268 138 107
380 318 227
60 206 100
212 66 70
391 347 343
262 401 263
177 158 141
114 259 90
63 314 186
89 442 315
205 54 36
150 281 283
313 168 77
15 202 6
25 324 450
345 129 174
320 176 181
217 178 384
329 13 133
376 147 433
405 80 24
189 135 171
102 48 173
203 28 219
241 165 298
357 371 8
254 302 305
76 112 355
316 342 34
26 134 379
295 388 81
106 166 10
422 7 378
437 33 392
255 5 236
224 356 12
198 213 195
361 434 448
408 381 157
91 333 350
146 175 95
104 341 266
21 414 386
272 297 210
154 417 74
338 412 231
251 425 353
62 300 209
172 170 188
286 447 365
336 368 59
79 125 1
38 169 230
101 334 273
423 139 78
284 248 435
50 249 403
97 332 304
122 55 398
143 389 301
61 233 420
247 196 194
124 136 282
30 75 132
326 291 308
93 119 9
445 370 41
360 137 200
309 330 87
110 71 18
184 120 428
440 372 429
419 410 253
161 396 160
190 394 164
277 427 86
159 312 340
264 148 344
96 118 367
238 431 373
441 56 214
240 220 444
409 109 288
40 239 99
237 400 11
84 121 426
117 303 43
311 290 35
352 415 27
234 69 307
348 436 322
85 152 197
416 14 19
335 108 3
257 49 267
204 167 421
226 72 23
325 151 228
223 2 411
443 258 207
201 92 364
115 67 289
293 296 123
245 383 216
276 144 242
243 65 382
377 246 390
105 351 299
46 182 393
185 359 44
339 163 399
432 260 256
287 358 374
187 438 127
191 292 45
331 294 349
366 404 221
111 229 16
211 149 387
128 279 346
82 328 142
385 51 375
179 126 310
250 306 83
20 280 199
64 278 73
446 37 183
215 47 395
430 192 17
222 180 88
4 22 275
321 271 235
156 270 406
68 232 317
319 418 39
362 369 155
269 140 363
52 402 397
32 57 31
265 449 162
98 323 94
274 145 53
261 413 131
244 327 116
29 252 407
218 193 153
424 337 42
103 208 130
