34172
13
13 46 38 128 93 59 44 133 18 70 92 36 73 42 132 51 33 107 114 71 16 142
96 82 125 143 109 60 112 17 43 47 85 110 45 111 141 37 86 35 145 29 104 53 34 55
140 8 101 14 116 122 144 103 78 149 27 48 81 32 124 6 69 139 115 108 67 72 39 64 77 56 131 105
84 9 30 135 75 49 24 99 130 120 12 97 26 119 123 57 91 4
102 87 136 5 138 15 23 150 25 3 20 106 54
21 40 2 95 65 58 11 63 7 1 127
61 79 80 10 19 41 147 100 68 50
22 137 117 121 66 88 134
94 52 31 98 62 76
28 74 146 113 126
89 148 129
90 83
118
