39381
17
200 127 99 98 49 143 123 156 131 70 168 50 12 83 194 148 72 134 136 175 119
185 76 102 88 113 77 152 163 180 184 147 8 61 183 95 157 22 10 4 129 125 120 192
3 29 137 18 124 128 122 78 87 80 84 160 24 5 195 172 107 17 32 58 112 31 43 94 188
69 130 56 167 48 20 138 105 116 74 35 106 146 33 42 28 82 75 60
53 7 179 39 150 176 173 153 108 166 34 154 86 25 81 140 37 97 162 68 55 1 89
142 190 132 52 165 90 45 199 121 118 91 41 23 117 71 144 111 159
181 51 44 191 187 198 15 2 145 67 197 114 178 109 171 21
104 13 19 63 9 6 11 126 141 59 62 38
79 14 177 110 135 133 96 182 16 115 36
170 30 100 40 85 193 155 196
151 57 64 149 66 169
65 161 54 93 158
46 101 27 103
189 174 26
186 164 139
47 92
73
