81975
16
190 176 208 169 192 75 151 211 55 126 164 79 12 184 156 158 241 37 71 115 179 198 160 185 159 121 74 52 56 93 1 116 15 244 128
245 3 4 7 17 50 38 136 11 197 114 18 66 87 95 247 168 119 161 60 129 106 222 183 68 5 20 209 194 201 154
195 138 14 166 99 203 29 26 53 140 189 63 10 111 44 30 155 62 67 147 170 163 86 157 24 103 224 152 146 59
123 231 134 76 61 141 127 177 118 105 225 82 249 199 2 153 250 132 45 174 139 182 143 142 78 65 72 131
144 167 23 97 229 42 69 200 102 117 6 27 40 242 64 96 101 233 89 235 191
171 25 130 94 41 207 172 210 73 112 232 80 125 47 58 104 145 49 213 148 98
181 239 226 108 205 9 236 48 180 238 46 36 92 246 120 51 218 237 110 212 223 204 57 216 175 173
43 227 16 81 122 206 85 21 135 162 33 215 196 165 77
137 187 39 100 90 84 22 221 228 202 234
28 240 83 220 230 248 31 70 178
188 113 35 8 243 219 109
133 150 13 193 54 91
88 32 34 217
107 186 19
124 149
214
