58203
24
181 56 33 21 164 175 170 265 178 52 107 258 133 234 245 231 42 54 49
34 102 136 207 277 83 177 209 214 262 217 50 210 106 220 129 2 222 44 103 266 243
45 61 80 235 299 263 271 62 35 131 203 300 48 122 199 82 270 291 202 267 59 260 155 211 244 283 4 229
58 139 110 147 180 188 236 145 176 154 134 240 115 151 137 252 162 288 241 11 264 161 248 60 273 88 278 167 223 293 16 226 93 99 23 18 113 24
98 141 159 40 96 289 274 215 94 105 225 100 183 239 9 46 92 5 125 257 36 166 232 152 153 57 227
12 285 121 276 39 14 179 127 189 86 78 193 111 116 230 13 259 135 148 26
108 84 171 185 72 251 261 190 22 32 71 294 81 29 85 191 233 89 51 1 142 182 20 25 150 238 192 200 272
132 186 290 295 28 70 120 269 17 249 140 27 47 286 212 101 213 143 208 256 43 144 296
168 123 173 280 55 204 194 97 79 76 196 160 219
38 282 130 275 87 165 292 158 242 268 64 157
237 8 218 221 114 279 187 37 75 163 184
117 119 246 68 197 112 77 284 65 250 169
104 253 128 30 53 19 298 95 149 228 172 91 124
118 224 156 254 198
10 31 255 73 247
205 216 297 15 201
63 146 41 3
90 174 281
66 126 206
109 69 287
74 138
195 67
7
6
