106586
28
329 116 35 6 220 152 302 27 104 86 159 125 78 102 121 77 224 169 216 336 61 48 317 120 94 134 136 52 68 14 50 304
272 185 195 263 164 173 56 177 162 341 200 140 16 23 100 4 3 297 106 277 135 313 74
243 337 273 138 332 262 342 236 191 249 258 276 237 251 343 174 91 146 186 154 269
181 316 303 167 307 247 15 39 95 215 291 204 217 163 81 300 132 109 2 178 335 5 301 296
279 344 115 233 31 105 209 166 234 76 330 309 110 79 112 280 59 289 37 278 318 70 282 47 126
260 42 201 345 11 113 325 129 123 142 73 130 32 284 338 290 295 182 107 327
53 305 203 226 324 242 18 238 108 150 235 22 26 328 153 41 36 13 308 111 254 128 197 194 58
244 306 28 190 38 219 98 265 57 267 208 158 319 46 85 205 211 231 199 143
62 310 348 202 240 165 99 63 294 180 148 60 183 228 9 19 326 193 315 299 155
65 160 347 103 331 51 172 222 29 80 275 21 149 71 281 287 323
293 212 253 268 30 127 246 259 119 256 184 221 147 320 213
133 72 230 283 285 114 171 264 271 20 101 49 10 17 274 151
44 339 34 90 261 241 124 340 312 314 250 93 229
225 218 176 33 118 168 25 43 69 311 24 321
137 161 255 157 227 55 257 75 64 207
170 232 187 252 346 131 67 83 288 333
298 139 206 179 82 84 12 188
88 223 92 334 7 239
266 189 248 1 292 87
286 210 198 144 45
156 349 270 40 192
117 175 145 89
196 350 322
141 122 66
214 245
54 96
8
97
