121252
40
320 349 241 245 367 23 101 222 250 104 119 214 131 208 147 187 65 129
114 378 244 335 234 43 191 82 171 49 25 253 373 188 352 304 296 94 79 87
254 190 393 311 17 347 299 170 383 210 149 303 169 99 133 137 351 45 375 336
36 18 308 290 166 138 5 74 70 193 357 110 329 262 316 340 385 162 295
252 255 153 14 151 227 198 28 267 314 247 211 240 150 21 54 362 2 284 192 67 219 95 143
100 338 268 256 302 160 323 69 266 134 360 178 275 117 1 251 387 366
315 35 11 173 80 276 374 356 339 369 118 184 391 348 185
233 177 179 51 16 376 85 331 399 84 346 88 76 321 135 156 97 389 294
197 282 345 286 68 116 372 400 155 273 217 202 301 392 189 386 59
200 7 249 228 257 146 230 279 8 285 145 90 126 6
174 297 75 226 71 50 186 194 164 56 107 310 62 61 261 98 291 72
269 278 243 274 365 318 201 332 363 195 263 106 12 390 112
371 246 37 312 319 260 364 235 342 168 96 330 337 175 394 182 300
165 121 298 120 229 381 58 326 91 322 63 359 142 221 277 103 354 30 167
293 199 370 231 24 29 287 15 52 328 111
127 309 78 13 157 280 397 380 38 384 48 377 39
237 32 368 128 57 27 305 204 292 259 46 136
220 40 124 396 398 212 216 317 102 225 81
333 258 272 327 288 324 148 93 4 161 44 242 26
183 213 313 53 379 358 86 141 144 66 264
60 31 115 307 33 20 154 341 122 334 215 206 236
382 180 350 395 105 353 163 224 152
283 388 64 9 34
83 3 239 77 343
55 205 271 108 181
92 306 355 176 207
289 130 109 361
325 248 281 41
344 19 265 159
139 196 123
238 22 232
132 42 113
158 47
203 209
270 172
10 125
223 73
140
218
89
