221682
25
133 144 326 234 236 203 341 481 314 487 18 191 88 389 296 151 95 80 273 352 187 259 34 152 298 316 4 245 24 325 353 365 486 252 248 307 366 173 459 426 300 401
178 188 291 328 114 220 289 70 206 355 12 324 193 414 31 299 158 330 44 269 391 38 198 450 348 479 87 275 436 257 192 470 127 297 39 274 216
331 79 235 474 322 21 409 98 329 319 222 232 128 83 317 210 310 105 427 305 477 376 357 412 35 253 77 422 60 85 491 183 398
454 8 215 337 243 439 16 384 284 97 61 488 204 334 396 370 397 89 47 390 15 277 250 212 383 373 287 420 82 276 350 9 65 442 458 369 207 333
164 434 460 496 63 67 23 174 74 155 321 347 286 359 66 122 57 116 500 135 137 194 358 279 343 293 36 169 456 25 120 363 189 10 241 201 473
72 244 374 445 484 455 283 111 380 385 75 393 132 94 28 29 387 106 256 268 498 149 394 371 27 403 179 437 104 96 342 247 312 351 255 62 131 379 159 451 453 107 372 478 266 7
200 197 177 26 448 295 46 51 413 166 112 251 76 392 196 58 311 482 170 270 438 483 119 490 400 115 360 147 91 280 40 182 327 395 239 335 113 32 443 14 19
167 485 129 402 214 52 404 263 497 54 125 153 140 254 338 411 146 489 361 417 405 157 205 121 421 462 172 2 466 306 272 213 180
71 176 218 53 349 118 271 124 464 55 332 43 494 184 261 81 136 440 447 368 431 110
1 323 425 73 428 265 6 429 260 246 37 281 86 386 432 186 467 11 495 48 285 320 33 339 175 225
294 108 123 377 139 134 471 345 227 336 93 415 160 492 168 399 3 185 154 117 69 452 430 143 449 433 59
362 230 103 99 382 84 171 5 223 441 233 142 165 163 354 446 138 217 435 162 100 499 68 278
156 199 237 472 101 90 423 202 493 475 228 49 190 229 231 22 181
195 457 141 292 315 209 407 344 309 424 224 375 465 161 410
45 41 290 444 406 258 102 381 109 282 242
126 13 301 264 56 378 388 302 30 480
50 476 238 288 468 226 408 20 42
313 267 469 145 308 17 208 364
367 346 318 356 304 340 148
92 221 463 418 416 150
240 249 262 211
461 64 219
78 419
130
303
