1159446
167
465 424 344
100 452 415
134 180 172
361 19 119
413 295 197
266 255 342
444 181 10
69 336 225
495 55 333
466 140 214
170 278 251
84 433 492
337 285 96
186 498 283
484 68 153
241 230 430
280 360 115
358 410 375
209 434 379
312 369 272
458 179 65
59 161 147
190 386 423
281 246 354
261 143 478
372 185 279
345 471 14
183 67 5
99 406 166
213 231 421
49 123 228
83 7 125
453 446 201
86 224 120
368 195 229
160 472 106
387 300 393
338 254 260
159 377 157
449 3 402
443 447 82
499 81 113
138 57 122
107 383 380
349 391 451
400 320 11
37 128 76
24 399 496
162 232 247
334 104 136
332 33 290
306 2 117
93 165 233
425 110 441
131 457 392
171 404 351
464 66 118
48 335 174
182 26 371
292 315 142
12 405 146
108 311 475
339 202 90
101 156 485
154 163 488
239 223 305
382 493 103
1 362 417
177 27 440
199 483 309
350 407 217
271 256 198
139 329 265
237 294 121
175 169 91
490 293 22
41 263 482
45 129 207
32 116 268
435 431 327
395 244 28
473 62 184
46 489 54
74 385 141
61 150 429
25 416 428
403 73 394
168 494 418
194 227 216
463 411 432
176 303 15
39 71 130
205 221 437
467 455 23
445 53 204
497 52 6
374 323 167
448 92 148
462 43 200
124 75 340
112 218 212
286 419 51
347 78 304
438 356 114
9 196 219
40 318 288
346 270 58
77 363 238
367 191 456
155 436 64
298 479 364
357 47 208
89 376 111
17 397 21
348 474 94
308 145 491
72 476 189
29 16 132
461 276 149
173 307 210
317 330 390
321 343 137
500 287 469
414 460 36
50 164 480
30 302 370
284 384 388
322 79 135
63 450 398
211 359 105
442 253 439
262 243 203
277 267 420
249 373 477
215 97 378
250 98 331
8 88 85
366 396 313
412 192 470
56 87 454
222 319 264
42 310 401
487 235 60
422 20 275
427 352 274
35 38 127
301 409 13
257 188 486
459 193 297
126 44 299
206 242 220
252 328 240
282 289 109
152 426 269
158 248 408
324 226 355
381 31 80
291 234 102
70 95 296
34 258 178
365 144 325
273 468 353
316 4 245
187 259 389
481 151 18
236 314 341
326 133
