100
2 0 25
13 11 27
15 12 20
7 7 23
8 11 27
2 5 24
16 15 30
20 12 24
4 1 25
13 3 24
3 7 27
12 2 27
19 30 25
13 3 26
18 15 21
19 27 20
4 16 23
11 14 25
6 19 21
15 3 24
15 8 30
9 29 24
3 2 26
17 5 24
4 1 28
7 7 29
12 33 23
4 9 22
6 15 29
20 31 26
11 21 28
17 8 30
10 38 27
13 19 22
1 26 22
16 10 28
18 23 25
1 19 24
1 11 23
13 14 27
4 34 27
20 10 20
13 30 23
4 7 26
19 45 24
16 31 22
12 54 30
4 3 22
10 44 30
5 18 30
14 49 23
6 38 20
9 25 22
9 5 29
14 41 28
1 51 27
13 56 28
18 2 30
7 51 23
6 22 23
9 59 26
9 18 28
1 23 23
4 37 29
20 32 28
19 77 29
17 51 22
12 40 29
13 15 24
18 0 21
15 13 20
17 35 21
12 62 23
9 47 22
6 4 28
19 38 29
15 82 25
12 26 25
16 67 29
9 12 28
2 80 30
5 82 30
1 30 21
8 1 28
15 89 29
19 11 25
11 73 20
13 30 28
19 73 25
8 11 24
17 88 20
17 38 30
20 110 28
11 54 21
6 32 29
2 37 22
12 96 20
5 30 24
8 3 21
8 92 23
