200
2 2 20
14 1 25
5 1 27
11 13 27
16 15 24
13 9 30
14 16 29
6 2 28
16 4 23
2 7 28
13 1 21
11 8 26
16 22 30
4 0 21
7 21 30
19 32 23
18 4 20
14 17 24
14 12 27
11 25 21
4 3 24
12 25 25
17 17 30
4 0 22
16 3 24
7 14 28
13 24 20
15 38 30
18 22 22
3 12 24
19 2 25
15 20 27
16 26 30
3 23 27
2 16 20
17 47 28
19 50 20
3 33 25
20 34 22
7 1 25
8 24 27
11 10 20
6 40 23
19 56 27
12 53 29
12 43 25
10 15 29
9 1 21
6 40 21
9 10 29
3 13 21
16 55 28
6 7 29
13 54 29
15 51 22
9 61 26
20 10 30
16 37 30
1 50 20
19 66 25
6 40 29
8 45 21
20 22 28
6 53 29
3 66 21
15 65 26
7 47 21
14 27 27
9 20 24
10 53 29
18 70 30
6 2 29
10 76 24
13 69 29
8 22 25
1 42 24
11 0 23
20 6 25
4 11 22
18 18 29
4 47 25
12 89 25
19 77 24
12 70 24
18 71 26
4 27 25
13 39 30
20 98 23
6 69 21
8 19 24
9 22 23
17 97 21
1 53 20
13 5 23
15 21 30
18 67 26
18 55 28
8 15 25
16 12 20
13 97 21
2 25 22
15 24 25
9 16 29
4 72 20
17 2 26
8 27 28
14 44 23
6 73 25
5 81 30
19 69 27
3 67 23
4 11 25
9 20 29
12 114 20
12 60 23
6 67 30
9 27 25
17 66 22
3 78 26
12 61 25
20 61 30
4 81 21
11 104 26
15 91 22
18 33 28
20 52 28
3 28 20
14 40 30
12 43 22
9 15 26
16 0 22
18 102 30
6 64 20
6 46 28
2 54 23
7 68 24
18 13 27
20 76 22
5 44 25
4 118 25
17 93 20
19 50 21
17 28 30
3 78 29
19 59 23
12 109 30
13 130 28
11 152 25
8 132 26
10 83 25
17 110 25
8 37 27
10 66 21
7 120 23
19 148 26
9 9 21
20 87 20
4 16 30
12 61 21
9 27 25
20 28 27
7 60 30
2 99 30
16 35 20
2 12 30
8 126 30
20 175 28
9 90 27
12 134 25
15 166 24
8 123 24
11 80 29
3 73 25
1 117 27
5 119 25
6 68 26
14 116 26
9 29 24
2 42 22
1 78 25
11 167 22
15 82 21
8 107 30
4 183 28
7 185 28
1 43 27
6 153 21
12 199 30
11 159 21
17 205 26
9 171 26
16 40 22
14 67 22
4 188 21
7 63 24
2 72 27
9 102 22
11 105 30
17 156 27
1 115 25
