500
10 5 24
1 1 24
17 2 23
2 4 26
4 5 28
17 2 25
1 2 24
1 6 21
14 0 20
1 4 20
15 3 21
13 8 25
4 1 26
3 4 27
5 7 28
8 15 28
12 6 25
2 10 25
13 27 20
17 13 26
1 19 27
9 18 20
6 25 27
14 24 22
10 26 20
9 4 23
12 27 22
16 9 21
4 6 24
3 19 21
10 10 20
3 21 26
16 25 30
1 22 20
10 16 24
16 10 29
11 27 29
6 15 20
2 35 24
15 51 27
8 5 24
19 52 27
5 38 21
19 50 27
8 32 28
12 20 24
11 46 24
16 2 24
7 21 24
6 30 27
17 64 26
6 47 25
7 55 28
11 20 20
1 6 28
18 13 30
9 19 23
18 6 24
18 63 24
5 40 30
2 21 25
12 13 30
13 10 21
6 50 23
18 80 27
1 9 29
20 46 22
17 43 29
16 7 22
20 60 21
20 57 26
14 51 28
11 77 26
8 69 20
4 67 30
13 13 28
18 5 23
12 11 22
20 8 20
16 67 23
20 72 20
6 61 21
8 74 25
4 82 28
19 33 29
11 6 22
18 75 29
11 17 28
9 28 22
10 50 24
16 101 30
11 10 26
1 43 20
12 14 27
20 90 20
17 39 23
11 32 21
19 73 27
9 106 28
2 57 22
13 104 21
17 18 27
2 44 20
2 57 21
15 36 24
11 28 27
10 58 27
16 68 26
6 71 27
5 109 30
12 3 30
1 53 30
2 55 26
3 65 25
15 80 26
10 61 26
11 110 29
2 104 21
5 108 21
3 11 26
20 45 21
6 58 20
9 75 26
18 64 21
16 96 27
20 5 25
16 12 27
14 70 27
12 107 20
9 108 30
9 108 27
12 82 29
8 26 29
5 15 24
15 144 30
17 92 22
18 69 21
2 69 30
14 48 27
2 56 26
10 87 25
14 53 22
1 37 24
3 142 30
13 121 26
1 63 22
2 103 24
1 87 28
17 74 21
3 148 25
5 115 24
8 43 23
2 47 24
12 146 30
16 152 28
5 3 27
7 12 26
13 47 30
2 62 30
18 74 21
3 77 29
11 63 25
17 133 28
14 176 23
14 62 30
13 47 24
13 114 24
2 127 27
4 88 26
17 179 25
3 133 27
1 140 23
17 42 28
3 164 20
20 110 30
7 50 30
15 126 24
14 49 27
19 152 21
16 164 24
15 172 21
10 156 29
2 171 28
11 120 27
2 38 27
19 195 29
9 192 27
7 116 20
15 143 25
15 151 22
15 124 26
20 38 24
7 133 27
5 134 28
2 68 26
15 156 22
14 179 23
15 116 27
16 177 27
1 32 20
16 136 27
1 200 25
20 3 27
3 160 21
11 60 29
9 20 28
11 140 26
9 150 22
6 67 24
9 8 25
5 117 21
9 134 28
14 173 22
12 127 27
15 131 23
8 172 25
14 27 28
7 73 21
6 169 25
13 138 24
2 17 22
14 209 28
17 154 20
1 118 22
14 159 30
20 206 23
14 65 24
4 97 25
13 18 21
6 233 25
20 149 20
19 116 24
16 8 21
4 69 25
10 159 26
20 241 21
17 100 20
6 139 22
5 36 20
9 16 22
20 170 30
16 191 23
7 121 27
12 178 26
15 37 29
10 140 21
14 1 24
13 5 23
15 118 25
6 60 22
6 136 29
3 68 23
20 185 23
6 103 23
20 39 28
14 186 20
11 205 26
17 55 23
18 148 22
15 243 22
12 3 20
9 238 25
12 251 25
16 80 22
13 219 20
5 258 27
15 36 30
20 231 27
2 124 25
19 43 25
20 15 27
6 129 23
18 17 25
8 174 26
7 55 30
6 195 29
17 200 28
17 127 26
13 102 30
14 114 27
10 33 30
3 105 20
19 109 23
14 282 24
16 1 22
5 155 26
19 27 30
12 281 28
16 203 27
4 129 27
14 119 22
10 72 25
8 221 29
15 207 23
7 161 27
9 299 21
1 254 22
9 26 20
2 220 29
14 98 27
5 216 22
19 158 21
19 297 21
7 70 26
15 99 30
20 307 27
17 170 28
14 154 23
20 21 20
5 152 22
20 126 28
13 25 27
6 150 28
15 198 25
12 69 28
8 230 28
12 137 25
14 173 22
6 22 27
6 176 21
13 37 21
10 305 29
9 46 30
10 61 22
14 336 29
9 61 23
15 217 24
3 62 29
20 336 26
20 262 26
17 119 28
2 273 30
1 237 21
1 66 25
10 279 25
19 26 21
13 82 24
18 203 29
1 23 21
1 33 21
11 147 22
9 141 28
18 277 29
19 276 22
4 77 29
3 191 29
19 186 23
11 346 29
9 285 22
8 332 24
14 87 29
19 342 23
6 184 20
20 296 27
14 146 25
19 204 28
15 161 28
3 263 27
2 321 23
7 271 26
10 111 28
10 25 25
14 342 30
4 302 21
10 92 28
9 51 29
17 341 20
7 360 22
20 208 20
4 280 30
11 46 22
6 285 28
19 282 29
11 266 25
15 328 20
3 377 25
18 347 24
1 168 22
1 267 29
2 192 24
19 394 28
12 70 25
1 193 24
6 193 21
11 208 23
10 53 28
16 51 22
17 379 25
11 312 28
14 347 28
4 234 24
11 175 29
12 375 28
18 58 26
1 374 28
18 366 26
13 35 21
14 40 27
6 171 29
20 191 22
17 276 30
13 133 23
7 26 24
13 321 29
2 35 25
2 328 21
1 264 29
14 411 24
18 323 24
12 358 30
14 163 28
4 407 29
10 61 23
2 66 25
20 376 26
12 299 30
19 31 30
19 216 22
8 172 23
2 94 20
17 198 21
19 208 22
14 311 25
6 396 25
7 70 28
4 293 22
20 361 22
17 46 21
19 53 27
14 34 24
18 308 22
4 159 28
7 103 30
8 29 20
16 70 26
5 316 23
9 176 28
13 32 28
11 125 29
4 29 29
12 294 20
5 143 30
10 397 27
20 175 30
6 54 25
19 210 25
12 325 22
12 94 23
20 14 20
13 251 21
17 95 30
16 240 29
4 234 25
17 310 28
6 439 24
9 324 26
4 216 21
6 289 30
6 443 20
14 183 28
2 10 29
10 459 27
18 365 22
2 41 29
12 454 26
3 322 27
19 447 24
12 245 20
1 267 25
6 69 20
10 382 28
5 302 21
18 116 26
10 133 22
9 385 21
18 286 26
4 159 20
9 340 24
1 104 24
3 331 23
20 409 22
16 449 22
13 401 27
13 407 25
17 54 28
9 456 27
7 288 23
2 275 23
8 229 27
19 488 21
7 215 29
10 298 27
3 302 27
19 64 21
14 198 24
7 34 27
5 346 29
3 0 23
14 369 30
20 465 22
