450
13 10 27
15 13 23
10 12 27
8 2 23
16 17 25
10 2 20
17 1 20
17 3 22
2 9 23
10 11 20
2 7 24
11 13 30
2 4 30
5 14 22
8 12 27
9 3 25
1 12 25
9 16 22
15 6 20
5 22 23
4 17 25
19 38 24
8 6 30
11 26 25
20 15 30
15 35 21
6 26 25
9 16 28
2 23 25
1 14 22
18 41 28
11 31 21
1 13 29
9 21 22
6 26 22
17 36 26
13 34 27
3 36 29
5 24 23
20 52 27
17 21 28
13 25 29
12 20 20
2 25 25
13 55 21
20 62 21
14 10 23
17 3 29
18 13 22
5 19 30
5 26 25
2 48 26
13 46 22
9 0 20
2 2 22
3 1 24
17 52 22
19 67 29
1 55 21
13 0 21
3 11 21
1 3 25
4 27 22
20 65 23
14 28 25
17 74 24
5 39 22
18 42 25
2 14 25
18 1 26
15 1 29
6 48 28
8 30 29
16 88 23
14 71 28
15 32 21
14 77 29
12 69 28
15 90 21
2 57 23
5 5 28
4 53 29
1 26 25
13 61 20
19 47 29
7 45 26
7 65 25
7 50 29
20 65 26
5 39 25
9 18 21
17 107 24
4 96 24
7 9 20
10 65 26
17 60 29
13 75 28
19 32 25
14 98 30
20 104 22
13 36 22
16 64 30
7 84 29
11 110 28
16 76 22
6 13 21
20 27 21
8 31 25
20 112 21
18 39 30
17 90 25
5 41 29
19 45 27
18 38 30
2 41 20
16 93 29
12 64 21
6 30 30
20 77 28
19 124 25
9 23 21
17 37 23
9 89 27
13 132 21
18 116 29
14 136 25
5 47 22
6 104 28
3 69 20
18 34 27
20 129 27
20 11 28
12 27 24
3 37 21
18 12 30
3 72 21
5 21 30
18 2 23
10 7 23
5 28 23
19 115 29
7 146 20
12 127 24
20 153 26
6 70 30
14 29 27
16 41 27
11 55 26
12 61 23
1 144 29
19 142 28
9 65 25
6 96 30
12 119 26
17 53 28
15 147 26
13 0 30
13 28 26
14 3 23
1 32 22
10 166 24
10 84 24
18 133 24
19 22 23
12 156 23
20 135 24
14 56 24
4 77 20
5 172 25
6 165 28
12 44 21
2 1 25
5 10 27
1 93 29
18 174 24
11 160 22
14 190 26
18 40 22
1 14 25
18 113 20
12 53 23
6 59 26
19 62 27
7 150 23
7 90 29
17 3 20
1 32 27
12 50 27
15 84 24
5 118 30
10 44 28
6 56 23
19 43 27
7 31 29
5 13 28
16 169 25
9 62 20
3 142 30
12 87 29
19 14 26
13 125 22
6 43 26
8 68 23
10 97 21
6 177 21
15 55 27
14 217 26
8 197 28
19 75 30
14 152 24
1 6 28
9 163 20
10 61 24
2 160 24
2 40 28
16 171 29
20 142 30
20 106 24
7 52 27
13 156 27
17 208 24
12 141 29
16 111 22
3 183 27
19 221 29
6 204 26
13 142 30
10 95 25
14 208 29
2 165 25
7 35 24
9 47 23
12 50 21
12 36 22
4 175 29
14 240 24
18 42 27
13 236 28
1 48 30
16 16 25
5 127 28
13 216 21
13 48 30
2 157 24
20 75 26
20 228 24
6 18 30
10 193 30
17 62 29
13 154 30
14 236 26
11 56 24
11 49 28
8 170 21
7 102 27
15 21 21
12 175 29
15 173 23
15 240 26
13 39 25
8 93 26
19 242 28
16 213 29
6 203 26
1 120 30
16 11 26
15 110 28
9 99 22
19 265 26
10 48 20
18 34 21
6 210 25
16 272 24
5 185 25
8 248 23
16 134 27
14 90 21
17 41 28
18 76 24
1 164 27
3 106 30
3 261 21
19 35 21
5 58 24
10 256 28
10 268 27
3 155 28
2 24 28
12 133 24
16 270 25
14 66 24
7 174 25
12 242 29
2 172 28
13 228 22
20 229 25
18 240 25
17 267 25
7 66 29
13 271 26
4 174 23
7 247 28
17 17 23
12 159 22
3 104 26
12 233 30
8 311 29
2 57 26
8 36 22
10 231 25
15 140 22
19 34 30
5 25 28
5 269 28
20 103 24
20 138 23
4 50 22
2 40 24
14 266 20
9 77 27
12 50 21
15 167 23
15 249 30
12 227 28
15 326 22
2 62 28
3 32 25
13 192 22
14 171 20
11 246 28
17 191 23
12 203 25
11 268 24
9 281 28
19 86 29
11 274 30
10 134 22
11 196 22
12 67 20
20 41 23
4 212 28
3 191 26
16 254 26
20 347 22
17 27 20
17 239 24
20 165 20
13 144 22
7 121 25
18 346 21
6 226 28
14 188 24
19 260 21
12 214 26
12 96 30
8 141 23
16 24 29
9 107 27
18 371 23
5 69 28
5 335 28
16 305 23
16 3 28
11 75 21
5 329 29
1 128 27
5 172 20
20 298 28
15 205 25
1 292 29
17 0 20
9 155 28
1 110 28
10 245 25
17 279 22
14 365 27
5 319 30
13 378 24
18 203 27
10 105 30
14 126 21
5 378 28
3 220 21
11 173 30
9 355 26
19 342 27
9 134 21
15 16 24
10 116 22
7 104 26
11 350 27
14 38 29
13 251 30
2 377 24
1 56 29
15 11 29
7 38 26
20 359 28
14 156 25
3 302 23
11 34 21
19 383 22
17 53 20
10 109 28
2 249 27
14 418 24
3 110 27
7 231 20
5 339 29
17 90 27
20 39 28
9 120 26
8 235 30
6 70 24
6 122 30
20 92 22
6 377 30
5 147 25
1 14 30
3 359 28
11 127 30
18 116 29
9 225 27
10 362 30
16 108 26
3 188 29
2 261 22
7 191 22
2 226 28
13 331 29
2 130 25
12 75 27
18 44 27
13 192 27
18 33 29
7 324 26
12 134 25
3 413 28
17 119 27
5 83 26
8 392 29
3 90 27
8 366 20
2 389 23
5 52 28
10 303 28
13 424 29
9 306 21
10 294 26
17 402 21
