250
18 0 26
1 2 27
12 0 29
7 0 21
16 11 24
2 2 28
12 11 30
13 4 29
6 7 27
17 19 25
13 2 24
5 12 21
4 12 21
19 1 25
3 0 20
6 9 28
20 11 20
2 17 20
9 8 25
1 6 27
11 28 28
3 1 30
14 24 23
11 29 24
10 11 27
1 2 30
5 26 26
2 0 26
6 4 25
15 21 21
18 7 29
12 18 29
9 31 28
3 17 25
20 48 26
5 31 27
14 12 27
6 38 28
19 46 20
19 34 30
7 43 22
11 34 26
8 30 28
11 3 27
5 46 22
4 12 28
2 41 22
20 23 22
4 49 24
18 58 25
20 7 21
20 21 27
3 39 27
11 40 25
9 14 22
19 26 25
8 42 27
10 64 28
19 23 25
15 60 28
1 31 21
2 62 23
3 64 27
17 15 20
9 31 21
6 19 21
14 54 21
18 0 20
8 71 26
15 3 29
5 56 30
13 27 21
16 21 21
6 14 28
20 3 21
12 35 26
19 72 22
6 7 29
12 75 23
20 50 30
17 85 25
17 91 23
13 32 28
2 15 30
12 88 28
10 56 21
4 76 26
10 35 30
20 50 26
18 90 26
19 33 27
3 62 20
4 55 27
19 46 20
17 41 24
7 11 26
19 113 25
1 59 20
5 98 24
17 109 20
18 30 24
14 105 22
16 26 24
19 23 26
18 49 22
20 71 29
8 53 22
17 87 27
1 54 26
5 25 24
12 24 22
8 57 24
8 19 23
20 26 30
5 79 30
8 6 26
13 50 23
11 59 28
16 122 20
16 1 26
4 97 21
17 84 21
7 38 29
7 15 28
10 107 20
16 110 29
8 41 20
4 47 27
2 106 25
3 81 29
8 2 28
13 21 24
3 65 24
7 134 20
19 54 26
4 130 28
9 133 27
18 58 23
12 25 25
3 122 27
18 141 25
2 31 28
19 115 24
10 106 28
20 31 20
6 59 21
5 47 23
19 129 24
8 21 27
18 143 22
15 115 27
12 96 29
17 34 27
2 26 22
4 92 24
13 12 28
11 32 21
4 61 26
9 50 25
11 99 20
16 47 27
10 11 25
20 167 28
2 34 30
20 141 20
12 69 20
3 21 21
11 175 28
19 132 30
7 1 29
3 47 23
8 139 26
4 77 22
18 115 24
12 101 28
2 117 27
2 54 23
3 173 20
18 48 28
17 169 30
2 71 30
3 34 25
11 34 21
18 20 20
16 31 27
6 96 26
1 37 27
19 112 23
11 100 23
5 144 23
3 60 24
5 86 29
9 105 24
19 165 20
17 96 29
1 101 24
5 194 29
16 127 24
10 15 21
12 167 29
2 32 29
14 129 30
9 114 25
8 46 30
10 1 29
3 2 21
14 52 30
7 143 28
19 226 23
5 197 24
15 190 27
19 29 20
8 128 28
18 93 26
2 63 29
7 175 30
7 2 28
16 110 26
15 116 23
6 1 21
7 174 21
17 22 21
18 145 29
8 98 21
3 168 22
20 92 28
3 76 24
8 46 27
19 200 22
1 2 29
12 150 30
7 165 29
6 101 21
2 36 23
15 13 29
18 167 30
1 139 24
8 163 25
17 193 27
17 241 21
6 241 28
13 163 30
14 252 21
11 239 25
4 26 22
20 50 22
5 71 26
3 230 22
6 189 30
9 256 29
