400
1 1 24
11 4 23
3 1 21
6 8 21
8 7 27
2 7 24
3 3 26
4 1 24
19 25 23
3 3 26
14 4 24
12 12 21
8 14 25
15 13 24
19 25 21
19 3 24
18 26 25
15 30 27
13 11 29
4 20 30
10 15 23
19 6 30
11 9 21
2 23 24
2 9 20
16 3 24
18 42 24
15 3 20
1 14 24
19 21 27
12 36 29
15 37 22
8 6 20
9 27 22
3 14 23
4 10 30
7 40 23
16 34 30
15 24 24
12 39 24
7 26 30
14 16 26
18 52 20
9 5 28
1 5 30
12 23 28
4 32 27
12 4 24
5 37 24
7 44 29
3 8 28
2 28 23
1 16 30
9 28 28
20 5 29
8 34 21
4 41 30
9 44 20
10 52 23
19 34 26
2 13 27
1 41 26
14 11 26
15 34 22
18 9 23
9 19 22
17 12 21
11 53 20
15 33 23
9 42 24
8 23 26
13 83 30
7 37 22
2 32 25
3 31 28
2 24 29
13 19 28
18 38 28
11 67 29
17 38 23
10 57 21
6 76 28
17 56 26
12 78 22
16 80 22
12 55 20
17 57 20
12 61 21
13 8 25
19 35 28
2 19 24
12 39 20
20 0 26
5 16 27
10 99 26
16 2 24
15 52 28
18 34 26
1 18 23
19 2 28
1 51 28
11 91 26
16 45 26
6 77 22
8 69 27
20 3 20
10 12 25
20 85 26
11 66 26
7 101 25
3 11 26
4 81 26
14 43 29
14 24 23
11 120 30
8 50 26
1 2 26
20 117 30
16 46 29
11 87 30
16 92 26
20 38 21
2 13 22
9 37 27
5 88 20
2 44 27
10 17 22
14 100 25
20 5 25
7 67 30
9 85 21
2 8 30
5 94 28
9 29 23
3 115 20
2 43 30
2 138 21
11 54 28
11 3 29
4 121 22
15 22 27
8 107 27
8 13 20
12 51 30
6 46 28
1 91 22
8 19 30
10 3 29
14 133 23
5 115 20
10 21 26
7 146 24
17 73 27
14 107 29
1 126 25
4 61 21
16 171 25
9 126 29
8 25 26
16 124 25
7 92 30
10 171 21
12 68 21
11 15 29
14 136 21
4 35 30
16 147 29
4 9 27
7 168 22
20 117 24
9 165 20
11 141 25
3 36 24
17 176 20
20 168 25
7 135 29
2 101 25
5 78 25
12 32 28
19 22 26
4 169 20
3 151 28
4 3 27
10 141 25
8 168 25
2 84 27
5 119 24
14 51 25
6 71 28
10 27 28
2 27 24
1 177 28
20 59 29
6 194 25
3 102 26
6 45 26
2 99 26
5 114 30
15 108 27
18 126 20
16 211 20
4 100 26
8 183 24
10 169 30
9 147 24
6 40 28
7 132 23
15 89 22
6 200 24
2 149 25
3 169 29
6 183 27
8 120 21
16 141 22
20 117 25
2 190 23
6 84 22
3 130 27
12 174 30
13 49 25
8 115 21
20 115 20
1 206 27
6 71 24
1 119 24
13 34 26
17 197 30
2 213 27
16 130 26
11 190 20
5 171 22
2 90 25
19 208 27
6 42 25
20 196 28
12 21 24
18 172 22
16 165 26
18 146 23
13 63 22
12 220 22
20 7 23
8 81 26
14 234 20
9 86 21
20 127 21
10 3 24
12 137 30
18 39 25
7 224 27
15 259 30
14 115 30
15 117 20
12 93 27
3 86 30
20 60 26
13 265 27
8 31 26
19 47 23
17 231 21
17 0 20
8 69 22
14 159 27
11 199 25
13 239 24
5 163 25
9 109 25
16 26 25
8 269 28
8 248 22
4 268 20
19 224 27
7 33 27
17 253 22
1 78 20
19 37 26
17 261 26
5 265 27
6 253 30
13 254 26
16 49 22
9 222 21
11 108 27
10 269 21
4 177 25
14 32 27
8 76 29
4 28 29
14 129 28
5 137 25
20 142 24
2 46 23
11 262 27
2 53 24
9 104 22
4 165 24
6 152 24
1 111 28
1 14 28
20 139 20
13 151 25
19 131 23
19 91 29
8 76 29
4 61 26
8 105 26
18 201 20
19 105 25
19 82 23
9 237 23
8 42 24
6 278 26
3 257 27
4 80 29
1 303 23
18 94 24
2 308 30
9 305 27
1 103 29
6 155 23
3 142 22
12 6 30
6 79 26
16 161 25
8 251 24
3 69 22
3 148 22
10 231 29
18 300 30
8 196 29
11 248 28
20 128 30
4 245 27
1 52 24
11 104 27
8 119 21
18 225 21
15 75 20
7 289 26
19 97 30
9 229 26
18 36 26
11 198 25
13 103 29
9 102 25
3 74 28
11 254 26
8 98 24
4 194 27
16 354 24
15 343 22
8 284 25
3 266 27
19 232 21
7 354 28
9 48 20
6 249 29
1 271 20
17 363 21
15 239 29
13 322 25
11 311 25
4 345 20
12 88 26
10 135 23
1 27 30
17 36 27
20 383 25
12 234 28
6 127 24
6 223 30
10 250 30
12 309 30
10 358 23
2 50 21
20 9 23
20 358 24
5 141 26
14 16 27
9 247 24
16 241 21
9 50 30
20 178 22
12 29 30
11 361 29
5 257 25
15 216 22
9 239 26
9 254 24
12 191 23
4 199 21
17 22 21
7 18 24
8 304 25
12 21 23
14 189 22
17 383 26
16 61 22
14 336 27
11 188 23
