350
20 18 22
11 7 20
17 18 20
14 5 26
14 17 22
4 9 27
20 20 30
3 6 25
12 0 20
14 2 29
10 13 30
5 10 28
20 18 24
3 4 22
18 23 28
10 15 27
18 23 24
9 19 23
10 2 23
20 12 26
2 0 30
18 16 22
19 29 21
11 8 30
7 0 24
12 26 23
3 4 28
2 22 24
17 29 29
12 15 24
15 3 22
12 39 30
19 2 22
13 24 27
12 9 27
2 25 21
19 19 30
3 40 21
4 12 20
11 2 21
6 14 25
16 42 24
9 49 28
19 18 23
4 37 20
11 13 23
20 40 25
11 48 30
2 47 30
18 20 23
14 14 28
12 41 20
17 45 26
9 31 29
16 1 20
11 22 25
13 58 22
7 18 23
19 0 24
14 57 30
12 26 20
1 52 24
7 4 30
10 40 26
20 74 21
19 79 23
6 61 28
7 9 21
17 4 29
5 11 26
17 7 22
6 53 23
14 5 23
1 24 25
2 69 25
10 80 27
19 54 26
13 0 21
8 82 28
8 61 20
7 19 26
5 33 24
11 8 22
4 81 21
1 81 29
7 13 25
19 55 20
5 9 24
17 93 20
2 30 20
20 83 28
5 23 30
17 88 28
10 43 26
1 71 25
8 100 27
3 44 28
18 28 28
5 47 22
1 30 23
19 30 27
8 2 24
20 82 25
9 13 20
15 59 29
11 78 27
10 29 25
12 25 22
16 69 25
10 84 30
6 94 27
20 62 27
19 5 24
9 114 21
9 102 28
9 85 23
3 102 20
19 33 27
20 1 28
19 38 28
4 44 23
13 119 30
14 68 24
6 3 20
8 47 30
19 138 22
15 77 23
10 36 24
4 47 24
16 54 25
8 79 25
7 136 20
19 27 30
18 92 27
4 18 28
13 1 26
5 131 25
17 34 24
14 53 20
2 79 21
4 87 22
18 42 29
9 14 29
6 26 27
19 38 26
20 22 25
11 86 25
10 69 28
5 31 28
10 143 20
19 57 25
16 134 27
2 90 30
13 111 25
6 154 24
8 90 30
20 105 23
5 150 21
15 54 24
4 152 22
6 2 22
10 136 21
19 7 22
1 95 21
19 167 28
1 69 30
18 9 21
1 14 21
14 146 20
12 47 23
18 38 24
14 115 27
20 29 24
3 62 30
1 54 28
17 113 28
18 86 20
18 36 21
15 43 27
13 35 21
16 63 22
20 182 25
5 82 30
19 105 29
11 100 30
2 171 29
12 35 20
3 31 25
18 55 23
5 23 22
12 200 21
12 43 23
8 140 28
12 161 29
19 6 24
12 97 21
18 95 25
18 55 25
11 60 21
16 76 26
18 118 25
2 162 28
14 149 21
20 215 23
16 140 23
10 150 23
17 176 22
6 164 25
14 104 25
5 181 28
9 63 20
15 121 25
17 111 22
15 213 26
9 204 29
18 26 25
11 160 28
10 216 24
11 86 25
16 171 22
12 79 28
1 25 22
6 199 23
17 164 28
14 24 24
1 58 28
15 129 23
17 94 22
6 210 29
17 116 30
2 77 29
18 3 28
11 81 27
14 161 24
19 216 22
18 193 21
10 51 22
18 7 21
9 146 30
17 158 23
6 149 29
1 160 25
17 51 21
17 72 29
13 85 28
9 173 24
19 36 22
8 195 22
16 81 20
7 97 23
7 87 25
12 160 23
6 81 27
16 248 20
1 6 26
14 134 27
11 84 22
3 28 28
11 266 30
17 231 28
3 182 29
13 45 29
20 136 23
4 260 26
16 137 29
10 161 29
7 57 26
10 187 28
13 182 27
4 249 23
10 11 23
3 173 24
7 36 29
19 239 23
16 206 30
5 230 26
16 97 27
4 193 22
20 162 21
9 262 26
11 149 20
3 262 22
10 168 20
2 88 25
7 186 27
11 227 23
9 216 24
15 39 30
8 158 26
11 24 28
18 146 25
7 89 25
1 161 29
11 272 20
18 231 23
17 312 28
16 149 22
1 153 20
20 100 24
2 216 26
17 189 27
20 128 22
9 127 21
16 214 22
5 54 24
13 248 30
15 300 26
9 85 29
15 132 27
4 272 26
2 246 24
1 291 28
12 23 23
4 230 26
13 204 30
19 266 24
6 68 20
12 213 23
5 186 27
9 233 28
13 143 26
1 122 23
13 289 26
13 66 20
5 59 27
16 72 24
20 104 22
6 60 28
12 242 26
16 24 24
15 105 30
19 29 30
6 281 30
12 235 25
17 308 27
5 340 23
10 9 21
10 307 25
1 307 24
7 29 27
17 53 28
19 343 22
14 106 28
13 205 27
19 293 21
19 295 21
13 27 27
18 259 28
17 87 28
8 255 28
