150
19 2 23
18 17 24
15 12 22
1 0 22
13 5 28
2 0 29
16 1 30
3 1 30
15 2 26
20 10 20
19 5 25
7 7 25
2 0 23
7 3 20
7 13 21
7 0 27
14 0 28
2 2 25
10 0 24
9 22 24
5 15 25
8 0 20
3 9 27
9 23 27
6 13 22
4 27 24
19 28 30
13 0 24
8 35 22
7 16 20
9 28 25
10 3 27
17 26 24
7 15 26
16 18 25
15 24 21
14 35 21
19 1 25
14 9 28
20 37 29
13 11 27
1 8 28
11 7 26
13 22 23
2 16 27
14 7 26
10 30 26
16 10 22
10 1 22
8 55 29
9 0 28
14 5 26
11 63 28
12 39 27
16 53 25
19 57 27
10 42 21
9 24 29
7 46 26
17 74 29
10 24 24
20 49 24
10 30 28
18 53 28
18 14 30
18 65 30
20 31 26
11 6 20
1 10 25
5 46 25
6 3 21
6 16 22
18 24 22
13 20 25
3 74 24
2 41 27
10 64 24
3 24 26
18 78 24
7 35 25
1 69 28
2 29 29
20 56 26
9 6 23
13 16 23
9 57 27
7 66 20
20 10 20
2 59 25
17 10 26
17 30 20
4 58 20
4 47 21
12 52 24
19 14 25
15 65 21
19 5 29
6 66 27
9 48 24
3 100 21
13 96 27
8 26 26
19 109 20
2 78 29
9 87 21
15 94 23
9 72 27
9 111 27
16 107 27
17 21 20
18 107 20
8 52 20
6 9 27
8 11 22
15 67 28
17 50 28
17 70 26
1 93 22
6 69 29
9 71 28
6 109 25
8 16 20
11 116 25
14 44 21
10 55 22
16 139 27
19 84 24
18 141 26
13 74 21
10 4 20
7 50 23
16 90 28
10 112 30
14 130 26
4 13 26
2 54 20
13 94 20
3 26 24
13 18 29
6 91 23
3 77 21
10 86 26
14 8 24
11 39 29
16 43 27
14 100 23
9 30 25
5 121 23
2 15 20
12 90 26
