300
16 0 26
10 11 28
15 5 27
13 3 29
2 1 29
2 2 27
15 1 27
6 1 24
16 1 28
11 1 20
3 12 24
15 25 25
16 28 25
6 5 26
11 0 26
5 12 26
14 4 28
4 20 25
17 3 24
6 17 27
1 2 23
3 17 29
12 10 26
12 3 24
17 6 25
2 2 28
12 34 30
13 19 27
20 20 25
17 10 25
4 27 25
13 15 25
17 2 30
12 0 21
17 2 23
14 7 22
17 16 30
3 35 22
1 25 30
17 34 26
19 8 20
11 6 27
4 27 26
3 31 24
12 23 24
9 2 25
9 50 26
13 8 20
1 34 24
2 16 26
15 49 30
16 63 30
6 6 28
12 44 22
2 25 23
12 14 25
20 30 28
1 17 27
18 50 21
17 57 30
16 57 30
13 22 28
5 5 26
10 58 30
9 60 25
8 26 23
20 44 24
1 18 26
10 52 20
8 21 24
16 64 21
14 6 26
13 5 28
14 4 22
2 0 21
20 1 21
13 14 29
8 25 26
2 77 20
4 83 21
17 97 27
16 1 26
4 28 29
7 79 24
17 88 21
16 51 20
16 12 28
14 6 20
15 80 20
10 33 24
2 3 26
20 55 23
6 88 22
20 22 20
6 20 21
5 72 23
15 33 26
9 46 26
14 21 25
14 2 29
8 100 23
19 3 30
15 7 28
14 103 29
15 119 20
11 65 25
19 34 29
9 37 26
16 3 27
18 10 25
16 126 21
20 118 26
10 24 26
16 13 29
7 83 28
18 45 30
4 120 26
9 124 20
5 9 22
3 53 26
14 20 24
6 108 20
11 117 27
7 105 21
3 53 22
8 120 23
5 18 25
10 130 25
7 30 30
5 35 23
18 88 27
12 3 26
15 96 27
10 123 24
10 113 30
13 125 26
20 91 21
15 72 28
2 121 22
17 54 23
14 116 23
9 3 25
19 111 29
8 126 26
5 107 23
18 66 27
7 78 27
7 98 26
14 91 27
5 123 27
10 77 30
3 130 29
4 97 25
3 52 24
8 112 25
14 78 27
7 84 24
16 85 30
17 129 30
6 63 21
7 163 20
11 106 20
16 106 22
17 68 28
17 153 24
1 96 24
20 9 22
11 47 24
2 35 26
2 35 25
14 19 25
4 152 20
18 189 20
14 113 21
17 127 20
17 174 27
3 11 30
12 164 30
6 176 20
3 22 21
1 48 21
9 35 27
8 130 24
6 2 30
7 121 26
10 107 30
1 125 20
9 179 21
17 147 20
4 113 27
13 183 24
16 189 29
7 120 24
13 105 28
12 52 28
18 44 22
11 99 24
9 36 23
2 92 24
19 110 30
18 102 23
18 53 24
16 74 21
13 49 22
1 142 30
13 40 26
13 90 25
3 92 29
12 158 30
15 70 21
3 57 22
9 212 29
11 179 27
12 193 29
14 46 22
6 127 21
19 207 25
11 174 21
14 127 27
15 49 20
14 181 27
17 33 21
10 113 24
15 236 25
8 98 24
12 54 27
1 80 22
15 12 30
9 35 27
6 222 28
6 184 20
4 44 25
6 95 28
16 205 20
9 199 24
7 119 21
6 207 30
7 206 26
16 207 21
3 96 28
9 16 23
6 66 27
4 169 22
17 118 30
19 20 28
19 247 27
13 40 30
17 58 25
18 66 20
2 168 23
19 205 23
19 244 25
11 69 26
8 119 20
4 186 28
7 5 26
10 230 29
15 45 26
3 152 29
19 31 28
1 61 26
17 64 23
17 131 20
13 231 28
15 217 25
6 32 21
14 34 28
13 222 30
2 109 25
20 254 25
8 273 30
14 241 26
17 71 28
9 178 23
11 76 22
5 165 26
17 81 24
6 203 26
4 75 26
10 250 26
6 282 24
6 198 21
5 169 22
18 216 24
3 72 23
11 164 22
15 248 29
13 113 20
1 56 25
7 224 28
18 143 25
1 73 22
13 82 20
5 25 21
1 186 29
20 63 23
10 3 29
18 6 29
13 21 20
6 219 29
