283309
234
223 103 87 1 111 31 82 200 142 203 7 113 214 74 138 181 18
43
70
206
8
132
108
21
13
9
147
65
124
127
20
104
194
92
14
41
49
52
126
208
67
34
175
184
88
68
123
128
168
192
10
145
245
171
218
197
141
29
33
40
246
54
185
164
217
36
232
97
154
155
94
169
190
209
98
204
140
27
46
137
51
55
110
234
122
119
211
16
213
205
35
134
60
210
61
174
58
230
187
5
63
90
212
150
148
80
71
198
89
95
157
44
240
99
221
26
77
199
139
6
76
112
135
239
117
115
249
37
93
69
107
196
158
233
101
183
53
231
153
83
66
238
224
167
25
84
247
129
162
250
48
62
96
85
47
216
136
226
22
102
131
38
220
193
45
114
202
32
242
121
75
3
152
186
28
64
179
229
191
39
79
106
59
176
143
236
12
116
243
120
195
17
166
4
225
23
86
219
72
130
189
118
24
42
91
2
78
144
160
163
248
207
227
11
161
50
125
177
109
57
180
173
237
159
133
165
188
182
15
19
228
156
149
235
30
170
178
222
81
100
215
241
73
56
244
146
172
151
201
105
