1153217
297
136 196 232 237
271
121
297
21
274
9
44
84
6
186
8
124
132
189
227
22
86
7
58
105
113
259
39
14
81
126
109
195
236
18
225
252
140
201
111
134
2
211
265
257
166
151
218
264
276
209
234
171
73
91
187
154
198
5
142
176
248
300
220
158
243
216
284
289
31
68
75
114
61
222
266
57
287
102
256
138
161
62
123
224
112
280
129
269
169
88
173
279
36
153
27
19
150
131
20
207
16
219
230
120
65
70
66
34
76
37
96
117
223
3
54
97
51
240
250
213
38
156
283
130
206
229
167
290
282
246
128
69
89
164
67
157
285
115
278
203
288
200
185
32
194
202
253
87
56
270
59
247
286
1
40
183
208
291
235
254
41
46
174
188
106
160
180
182
152
85
26
17
29
28
239
15
110
292
244
74
60
197
181
42
50
107
281
143
148
267
298
162
127
226
255
92
103
165
119
99
241
299
147
43
23
217
33
170
251
137
24
193
108
10
175
98
139
95
268
125
77
133
261
273
63
149
145
231
204
79
214
179
47
45
238
35
116
49
258
293
141
228
94
210
263
118
100
212
294
178
192
242
72
295
13
199
184
12
53
260
48
82
249
262
144
296
190
272
78
83
90
71
163
159
80
275
122
146
30
245
215
52
277
64
11
25
177
104
155
135
168
55
221
205
4
172
233
93
191
101
