119161
103
134 65 66 71 109 7 85 1 146 110 45 64 68 118 24 59 82 124 104 95 132 5 19 21 20 119 135 46 105 79 76 39 12 29 44 67 149 137 63 72 78 86 10 31 16 53 150 115
101
112
36
23
54
106
96
26
22
117
91
113
42
70
81
11
62
99
145
111
138
120
74
98
37
90
80
60
130
88
38
34
92
94
133
107
128
97
129
125
73
33
75
122
121
108
3
2
40
25
35
41
13
123
55
69
147
15
84
27
4
58
43
100
93
87
140
77
103
116
9
61
52
18
131
48
102
139
57
17
56
143
114
142
83
126
148
47
49
51
30
144
136
14
32
28
127
50
6
89
8
141
