2409096
458
28 348 495 136 427 29 259 160 378 344 383 162 358 250 130 323 308 141 406 144 500 129 220 302 22 350 326 280 83 109 84 169 391 86 139 477 117 30 174 392 299 15 161
35
23
223
248
481
192
429
254
366
424
460
176
106
279
264
24
384
434
475
271
396
447
99
231
288
282
152
134
4
315
67
205
217
370
218
186
398
96
41
90
206
275
9
266
76
253
318
333
153
421
359
149
187
17
20
413
44
255
444
165
172
449
196
305
114
403
195
285
81
336
286
8
150
292
210
2
394
242
438
200
103
235
240
252
68
325
433
70
50
274
332
214
118
107
43
464
42
414
377
440
207
381
304
425
461
37
53
485
293
125
489
270
19
93
291
410
188
3
339
432
334
241
71
171
395
376
64
51
267
458
122
47
450
39
415
145
244
451
13
324
401
466
263
58
203
386
371
411
496
10
310
446
1
49
472
380
239
98
372
238
16
69
316
294
269
281
469
412
405
329
247
418
190
237
177
38
74
14
353
158
474
309
492
225
488
104
142
26
300
441
373
229
202
228
55
393
219
91
113
301
362
226
388
148
89
100
115
355
297
75
258
94
463
428
233
343
476
236
178
146
484
222
459
417
322
480
72
105
290
59
48
227
151
194
123
61
175
499
374
349
80
491
493
352
197
32
46
27
397
331
85
199
416
437
423
54
21
183
33
62
494
272
40
87
77
173
399
121
321
462
468
283
234
470
221
110
487
497
354
400
184
108
156
341
133
211
212
364
97
66
330
382
7
467
268
430
245
201
314
342
180
198
132
79
379
452
385
120
356
249
230
57
338
88
408
163
56
273
436
95
159
478
367
360
52
101
126
127
189
307
375
11
181
18
265
296
261
251
306
482
73
111
208
426
404
119
387
317
260
138
287
284
34
63
232
419
191
312
154
365
422
445
167
277
420
345
368
289
82
431
170
124
363
455
262
5
313
246
182
112
166
179
60
216
157
25
102
407
443
483
6
298
335
209
256
465
435
131
193
311
409
213
116
347
36
390
454
486
490
147
143
276
442
164
45
498
473
456
361
448
140
168
479
327
278
439
328
402
65
453
12
357
128
155
257
471
224
319
303
31
204
78
346
351
389
340
243
215
135
337
185
295
457
369
137
320
92
