1412637
340
34 204 331 46 328 224 137 193 258 42 82
164
227
167
77
37
249
169
288
35
5
80
147
29
177
185
232
263
312
302
188
141
94
239
248
318
325
98
105
162
261
119
30
342
72
59
133
102
41
47
71
238
145
192
205
299
252
179
128
341
144
233
275
127
219
19
175
1
27
155
303
61
154
182
306
174
100
287
112
222
121
338
160
316
36
159
150
218
79
211
247
90
110
122
209
194
135
348
345
81
339
84
148
270
195
126
13
226
152
245
324
22
83
208
251
281
347
221
289
212
114
64
201
262
267
157
213
88
2
203
69
146
11
125
142
268
260
190
75
237
15
123
335
113
68
297
156
266
215
332
109
269
176
320
309
86
305
292
202
277
293
6
25
12
143
18
96
108
101
166
21
285
62
17
73
346
180
57
104
253
350
321
256
76
340
118
286
181
136
99
300
329
38
120
311
308
10
52
257
191
43
151
282
187
107
284
210
139
106
54
3
230
33
264
39
74
206
31
55
171
87
163
291
265
344
349
89
116
130
283
149
199
103
298
278
313
66
53
67
124
217
216
244
115
326
183
134
254
279
280
78
28
111
255
23
70
153
236
307
48
295
317
44
60
117
172
26
20
7
92
242
198
45
200
51
228
178
197
314
250
241
184
334
56
240
189
246
304
337
9
131
63
315
32
319
336
24
220
234
271
196
50
165
58
322
207
40
243
65
231
16
259
323
4
8
327
93
173
140
129
97
301
273
343
290
214
296
161
132
274
223
168
138
225
170
158
229
276
49
294
186
310
85
14
235
330
272
91
333
95
