604549
394
16 194 179 70 140
171 55 125
15
304
167
260
158
234
20
237
172
228
177
118
58
190
109
366
319
281
204
7
98
303
295
97
34
91
175
149
246
75
294
206
185
51
30
230
208
358
316
101
285
312
14
6
222
268
286
221
257
89
265
211
193
168
326
398
9
245
383
399
10
229
337
381
68
22
195
362
262
320
273
102
205
82
88
143
188
350
298
363
150
355
162
113
94
356
107
264
376
103
71
270
310
25
62
26
382
141
243
117
69
49
297
258
72
253
302
121
226
207
274
28
187
60
371
4
210
27
291
327
127
24
248
12
282
154
100
288
73
335
83
266
17
333
52
21
159
66
161
67
364
360
269
137
331
250
47
365
231
104
139
123
330
213
96
227
61
64
181
39
375
192
318
119
46
393
287
289
129
165
191
317
76
122
390
130
184
99
353
38
200
332
85
145
134
311
388
86
296
176
323
395
135
148
202
301
13
105
56
391
396
43
357
133
342
79
92
271
217
349
300
263
197
244
359
279
41
309
367
290
293
40
385
256
54
283
314
131
106
299
276
387
32
50
374
261
259
136
57
196
324
151
29
144
370
186
347
239
397
33
334
328
114
173
340
126
389
315
147
59
8
63
128
44
77
218
180
166
115
132
198
235
325
223
307
178
329
157
379
53
313
249
254
37
277
252
242
232
400
45
78
351
378
308
90
220
2
322
348
74
380
163
42
247
3
183
80
18
344
368
169
394
65
174
19
201
81
369
215
110
386
146
278
306
203
305
5
155
377
336
216
199
236
241
224
219
164
160
384
142
153
95
284
343
93
354
214
280
116
1
321
111
156
233
240
124
23
152
170
87
212
84
36
11
275
108
341
339
352
267
31
182
345
112
120
255
251
292
138
361
373
392
209
346
189
48
372
338
225
238
35
272
