1065541
441
2 333 209 88 362
34
154 339 307 47 300 323
75
105
89
230
202
398
146
205
257
236
114
138
244
150
197
440
393
110
377
156
140
101
65
184
406
324
429
275
251
56
394
25
67
358
395
228
439
343
446
40
103
306
365
95
124
112
352
82
390
32
268
50
389
160
426
131
28
346
281
298
381
46
22
367
243
329
54
266
299
287
93
448
130
412
192
347
21
293
320
282
431
97
157
115
413
91
260
421
57
258
295
71
403
121
292
19
425
18
375
216
132
149
120
284
430
374
424
217
313
289
351
66
450
370
159
172
86
63
24
211
37
288
90
201
441
382
330
204
255
225
433
319
106
111
303
13
58
206
186
373
363
61
92
387
400
196
200
272
237
224
278
312
383
411
341
177
444
290
229
254
231
317
409
127
198
166
405
78
267
337
207
435
125
73
5
152
378
283
279
128
116
447
194
99
326
137
9
8
85
340
401
43
305
357
181
36
119
68
338
376
153
7
253
98
102
31
428
437
100
10
4
227
167
318
35
355
422
384
350
109
386
104
223
147
173
280
342
226
345
233
245
417
76
117
242
296
1
158
354
38
161
191
416
427
48
176
286
297
349
16
259
26
270
348
169
248
143
214
396
190
213
434
220
23
135
334
273
52
399
188
29
203
379
385
94
442
359
129
145
139
344
126
404
6
240
60
165
17
291
45
265
33
380
49
238
55
183
210
11
250
174
51
316
443
74
219
309
332
276
62
310
30
315
134
321
122
360
81
301
107
155
72
407
168
163
364
271
369
87
361
391
42
331
356
69
261
277
162
304
221
262
294
308
222
64
368
235
59
445
285
136
108
212
171
246
449
410
269
14
264
182
133
70
328
193
327
371
113
247
96
241
53
179
256
252
414
79
232
311
249
366
314
408
218
353
423
175
372
438
208
118
41
77
3
234
148
170
397
39
142
274
144
178
164
336
325
151
263
415
12
80
420
185
199
239
302
180
436
84
189
27
141
215
432
15
195
123
322
419
335
187
44
83
418
20
402
392
388
