253631
199
165 68
119
14
117
91
74
152
18
154
41
3
22
182
82
96
73
38
6
156
86
175
180
33
138
191
167
10
199
17
195
129
120
95
104
66
28
190
35
132
55
147
11
185
39
34
108
102
179
49
148
71
174
164
124
101
16
2
63
160
65
142
192
107
114
198
47
1
44
133
42
130
103
87
78
144
150
105
89
12
187
85
61
170
194
121
163
7
131
135
58
122
40
50
9
113
53
186
8
171
84
155
80
27
112
60
72
32
137
45
29
75
177
145
54
98
56
151
43
94
200
24
125
189
77
136
88
123
169
134
46
172
146
176
197
128
90
83
158
59
139
92
70
181
5
116
67
157
141
36
52
153
118
188
193
13
62
30
37
23
51
109
26
25
115
48
106
20
81
173
159
126
79
162
184
168
111
31
15
161
166
110
93
196
149
21
100
143
69
64
19
97
183
57
127
140
76
4
99
178
