100
98 189 6
10 90 8
55 249 8
36 599 7
87 785 8
92 27 1
98 729 4
29 347 2
55 376 7
64 762 1
24 23 9
76 399 5
92 507 6
63 77 8
46 210 10
77 444 5
51 449 6
63 599 5
53 640 7
89 821 1
39 831 3
73 855 7
17 401 10
31 343 5
65 141 3
42 767 5
57 481 7
63 378 6
49 60 5
17 644 2
17 554 6
96 267 4
52 613 2
61 278 4
77 120 9
79 111 1
24 567 3
57 51 3
28 881 6
75 0 8
5 599 8
99 419 2
37 0 6
4 811 1
32 215 7
39 714 8
71 361 2
76 554 9
99 792 3
29 99 8
93 829 1
31 394 6
42 457 2
76 353 8
74 697 2
69 570 1
22 0 8
76 50 5
77 565 4
13 187 6
34 260 7
43 279 1
25 147 10
24 95 1
46 0 5
42 256 9
62 184 2
67 724 9
73 241 7
7 619 4
74 50 9
3 797 6
39 156 4
87 773 7
41 814 8
3 816 4
30 796 10
12 296 2
19 722 3
67 148 6
33 323 1
91 855 7
50 669 4
6 711 10
27 563 10
99 721 4
11 500 1
66 803 3
38 245 5
37 849 3
25 269 10
38 554 3
23 168 5
35 429 3
59 127 4
88 463 5
23 336 2
76 707 2
92 491 4
5 818 2
