350
85 2356 8
88 1385 8
63 332 8
58 2710 9
9 1243 10
45 1033 9
93 0 4
10 999 6
1 1866 1
15 2714 6
27 2995 3
80 1414 3
44 2642 7
5 1385 7
100 497 2
89 145 2
91 457 4
92 1990 1
65 1715 5
68 2842 9
85 3029 8
70 2580 7
11 1390 2
16 2139 1
79 1055 3
55 2560 9
22 2052 4
53 1087 9
63 821 9
89 818 1
22 1116 4
25 2313 1
6 1490 8
47 2071 10
52 2119 9
58 1054 3
36 1709 9
77 1041 7
45 467 1
100 2958 4
30 2991 7
24 3127 10
90 2532 4
11 248 3
50 2237 1
48 930 3
20 1630 9
51 672 2
78 2976 9
76 413 8
97 2721 5
86 2367 2
13 1005 2
75 996 10
91 2959 7
8 1151 2
21 660 3
16 477 9
57 585 9
83 2655 4
5 149 6
87 521 4
46 2567 1
74 1228 3
66 1328 1
51 2343 5
78 999 9
25 2965 5
74 2848 9
85 2921 2
52 2925 4
43 2123 5
22 1993 1
73 863 7
11 2586 3
100 1690 8
75 1992 10
57 2511 3
33 1245 8
89 266 1
85 1222 3
41 521 3
76 2389 1
69 2679 9
46 2615 1
46 2972 3
13 604 2
18 1289 7
26 1555 4
78 2854 4
4 2738 4
42 1255 4
73 2353 8
70 102 4
39 731 9
16 1630 2
44 317 4
37 1631 6
46 1529 2
57 1805 7
32 1192 5
60 343 6
16 1594 5
31 1324 9
82 2760 8
99 21 2
44 859 3
93 2103 1
89 1746 8
98 2741 4
93 59 7
92 2289 2
96 875 7
28 1313 8
20 981 5
68 2128 2
8 2709 2
7 2425 7
67 2636 1
25 178 9
2 1332 9
54 561 5
15 2008 7
86 2793 5
65 822 8
45 687 9
21 1972 2
20 1957 7
44 3104 10
18 2702 4
10 2413 10
55 1822 5
78 558 10
46 7 6
37 769 6
74 704 8
94 982 9
53 1281 8
77 1802 1
26 193 10
79 0 8
39 2993 1
26 1119 10
19 1605 8
53 2726 8
64 2180 4
53 2694 8
5 414 2
57 1385 9
6 2633 5
88 2491 5
37 3060 10
97 645 9
32 3034 5
13 2167 10
87 2022 4
14 2014 10
99 1297 6
28 1862 7
26 1095 6
34 2436 2
38 3021 2
88 380 1
94 2706 5
5 1748 9
94 882 8
49 2051 9
65 2752 1
42 1580 8
25 2130 9
40 1210 3
42 678 8
93 945 9
43 2873 1
11 636 2
33 708 5
35 3078 6
7 2657 9
91 652 7
94 341 5
74 2863 10
70 567 3
22 2734 6
72 2952 6
59 288 9
45 1604 3
83 1283 5
62 1857 3
52 841 9
81 2450 1
17 2168 8
93 2564 5
22 1550 4
98 938 6
54 1970 6
94 585 2
23 2033 5
40 721 4
38 552 9
58 2913 8
2 1172 4
18 1366 4
8 2661 3
56 80 3
90 2570 5
74 3025 1
88 2501 9
61 1742 5
67 1996 2
28 2142 9
2 2702 10
59 0 10
11 1869 9
36 1325 10
46 887 10
4 128 7
42 1865 2
13 1185 4
13 3031 8
25 945 5
40 2567 6
63 2309 3
20 2718 4
90 1275 1
49 2618 6
61 2955 1
64 2919 4
20 985 10
73 822 2
86 2940 4
68 1289 5
51 1932 2
53 2765 9
34 1977 6
42 73 2
53 549 8
48 447 8
67 2490 1
53 2364 10
93 1716 4
81 2375 1
60 608 10
36 1722 9
38 105 3
9 2052 7
90 1948 2
74 1982 6
95 224 6
62 2193 7
76 1034 10
23 131 9
87 2850 9
11 2993 6
6 2339 1
63 2857 5
40 3027 10
44 2855 2
63 2068 5
48 2434 9
76 2844 3
60 78 6
26 337 2
96 225 2
52 247 7
87 1508 1
24 2039 3
94 444 3
34 2871 5
24 911 4
52 1056 1
62 2202 4
71 1954 7
7 3053 5
35 2369 8
41 1324 9
9 2037 1
38 2273 1
72 1191 4
14 1537 5
67 2882 10
52 1912 4
67 1971 6
73 983 2
71 1307 5
79 2387 9
27 3087 7
1 2387 10
50 301 3
86 2229 5
75 2594 4
15 544 8
11 97 4
25 170 9
73 874 6
56 1557 9
11 1414 4
39 634 7
7 354 7
58 2534 5
37 1978 4
90 478 7
87 932 4
89 2781 7
69 427 1
21 211 8
36 2281 9
41 3008 4
31 1509 3
50 2332 4
15 522 6
58 1613 7
45 2514 2
70 872 7
30 1787 2
63 0 4
57 1507 8
94 3174 9
31 2502 6
70 1163 8
59 3074 7
81 1730 7
68 408 7
33 496 6
70 2800 1
61 1364 1
39 589 6
81 2001 1
53 1362 5
11 3056 5
49 2218 3
26 149 6
52 412 9
80 511 9
21 3168 4
79 1551 6
57 1977 5
76 1068 2
95 1929 7
72 1692 3
86 2277 8
98 2602 2
42 3117 10
91 553 2
70 1457 4
97 2751 3
98 1903 3
21 241 6
3 2114 3
33 1793 1
82 2692 8
