250
74 2209 2
65 53 3
26 404 10
45 936 5
4 1211 8
20 0 6
82 2000 8
23 917 6
3 408 3
68 1348 3
49 988 10
89 763 10
43 1632 2
39 672 8
81 527 2
38 91 6
66 1952 10
16 1926 5
80 2175 5
65 11 8
93 1713 5
75 2228 3
61 726 3
30 2009 1
6 1636 4
100 1520 2
56 1330 1
29 402 8
43 531 4
1 1879 2
61 1229 1
91 493 8
72 1208 1
36 692 9
51 725 6
76 1229 1
18 1285 4
100 1769 6
31 248 10
6 987 7
3 308 8
58 2202 10
82 2142 7
39 650 10
4 430 2
31 1800 3
10 1506 7
33 836 3
98 0 5
49 63 6
63 962 8
92 2221 5
4 97 2
22 1152 7
21 2210 7
82 1789 10
27 1800 9
41 318 1
29 1898 5
67 1676 2
47 1821 1
89 1146 2
40 1655 3
65 1413 8
48 285 4
44 1986 2
86 911 2
64 381 5
32 2100 10
32 375 3
35 1450 10
26 463 4
18 667 8
86 269 2
69 628 4
28 1635 9
74 1011 5
90 1370 8
79 1913 10
9 1137 6
50 755 3
75 854 6
25 769 10
78 1621 10
40 1157 3
63 277 4
75 571 2
50 1074 9
4 947 6
32 639 10
74 21 9
72 2038 6
96 18 9
21 232 9
72 1555 9
2 2088 7
74 1813 3
19 654 6
38 421 5
63 1365 2
74 1383 5
95 1640 6
91 360 3
63 746 4
45 2194 7
99 455 7
71 2180 3
57 747 7
2 1640 8
67 812 7
47 228 4
1 31 10
76 1178 5
11 2088 10
38 52 4
60 2207 7
36 1147 7
57 1420 6
54 2134 2
60 640 2
93 482 5
39 886 2
19 541 6
99 1553 9
1 1816 3
21 576 8
84 409 7
15 242 8
68 1421 6
69 989 2
8 1059 9
42 1155 1
53 170 3
6 488 10
40 45 1
93 59 4
79 1110 7
67 1591 10
78 725 9
98 498 10
37 928 1
24 1112 6
12 1824 8
10 257 4
30 1606 7
69 1471 6
81 2138 6
77 2258 3
71 2171 9
2 2034 2
83 1099 5
97 1278 7
25 0 9
41 811 6
99 0 3
43 1548 1
58 1868 4
16 1894 1
38 1448 3
75 1998 4
52 1638 2
79 1135 6
99 989 9
68 54 10
54 29 8
54 1227 6
23 1060 10
4 2230 10
29 834 4
67 1226 6
84 1520 3
13 539 4
94 1664 10
86 1901 9
85 193 1
37 1857 5
60 1443 2
97 1505 2
47 790 6
47 280 10
75 2084 6
48 777 5
69 1169 8
32 805 3
70 191 4
34 123 9
57 1984 5
28 780 8
82 763 8
84 1628 10
90 1424 5
97 468 2
13 817 6
93 2251 2
71 307 7
48 45 6
84 396 7
34 4 1
68 495 5
52 180 5
96 457 7
68 193 6
96 1806 2
51 607 8
61 1847 9
39 1134 10
78 819 5
19 273 2
61 1388 5
9 688 2
58 939 2
71 2214 3
86 1877 8
82 1264 3
59 814 7
94 786 3
54 2228 6
74 787 7
88 1654 3
43 1674 10
20 2038 9
12 1109 8
44 2216 4
28 1162 6
44 1383 9
59 1861 3
33 881 7
40 70 5
34 2210 4
36 1806 8
39 1469 10
29 2050 5
45 852 3
52 803 9
35 1443 9
2 398 2
90 114 3
99 218 7
95 1439 1
4 1972 9
16 1221 9
29 376 4
44 1509 10
47 1706 2
70 2164 9
83 1378 5
22 149 9
36 1327 1
74 84 8
62 1788 10
