500
37 3427 10
14 1641 4
17 3701 5
96 1460 7
93 2611 10
62 3623 6
42 395 8
12 1751 8
50 1582 1
80 3640 3
1 478 3
51 3783 2
45 3014 6
16 3055 2
8 1218 10
62 385 8
23 3960 10
67 262 1
78 3240 8
1 3215 10
59 87 2
45 4020 8
15 790 6
59 581 4
68 3899 6
20 3698 8
19 3586 4
81 309 2
56 584 1
79 1178 8
89 25 10
94 124 10
38 3282 6
65 2132 9
82 3639 9
34 815 1
63 1701 2
3 746 5
2 2336 3
1 3336 1
78 967 6
81 3390 4
57 318 10
50 863 8
28 1487 10
19 2160 6
30 310 4
53 3513 3
4 3483 4
64 3508 1
56 3538 7
8 3446 9
30 3529 7
21 1894 10
88 54 5
56 93 4
64 2540 5
3 605 6
28 3640 4
39 499 5
60 3976 7
60 3739 1
10 729 3
59 3022 7
56 2654 10
18 2646 3
57 1902 6
18 2897 10
93 1035 8
32 911 2
28 774 10
53 15 2
63 2234 8
1 1675 2
32 3184 6
11 482 7
38 217 9
14 3506 10
89 181 8
21 1567 9
81 2279 2
92 3458 7
68 1630 5
60 1397 4
22 896 4
78 3888 6
81 1532 6
28 1436 6
42 4140 7
52 4219 6
59 37 1
30 3571 5
15 928 4
30 109 9
88 1499 7
76 362 1
75 559 1
29 547 9
31 3929 8
21 1176 10
68 2142 2
70 1496 6
13 510 2
24 3022 8
79 2095 1
67 2837 5
24 347 7
49 1520 7
20 1525 4
49 976 5
51 1660 9
9 3138 8
59 1528 6
47 1555 5
62 2859 1
72 530 3
45 1840 10
86 2229 9
75 113 8
47 197 6
26 1888 4
95 1871 8
24 1520 4
59 376 4
18 3123 2
63 1591 7
17 516 9
22 4064 4
20 4068 4
20 2788 2
92 3290 4
80 2120 8
19 486 10
64 4053 10
14 810 10
11 3372 3
17 3003 2
97 226 1
55 2320 9
61 1153 2
94 1179 4
70 3540 5
26 1 3
86 1603 10
86 1885 1
62 2019 4
26 1992 7
74 1734 9
16 3396 6
50 260 8
61 1673 4
81 533 4
36 3966 3
92 1763 1
78 559 4
74 68 3
43 3569 8
57 1759 10
75 2073 2
85 1041 2
21 2015 6
27 3026 2
27 4161 5
20 1297 7
25 2559 5
10 328 5
7 1088 3
55 22 3
51 2449 4
62 1768 7
29 3824 10
27 775 9
26 2877 4
16 1192 7
24 614 8
80 783 10
27 3557 7
43 2296 7
15 633 2
74 881 7
27 429 5
6 1905 6
84 173 10
93 577 9
79 2080 10
51 1851 5
78 4169 8
1 2141 7
33 3963 2
70 131 3
24 2257 8
42 844 8
43 325 9
41 2335 7
92 3366 10
99 34 6
14 1051 10
45 2430 5
36 2317 1
39 2032 6
38 2916 4
11 315 5
79 53 3
59 2162 10
22 2166 8
1 3652 1
95 176 5
5 1357 5
11 1515 5
44 161 3
67 1447 10
99 3347 4
27 3136 1
67 3796 3
74 2847 2
23 1530 1
70 2 2
53 1208 9
34 557 6
33 4065 8
73 3866 3
5 3495 4
82 1693 3
55 2367 9
11 2840 8
51 3724 3
47 3705 1
10 685 3
59 3302 4
84 1589 10
85 1385 4
58 652 1
38 1266 2
80 2912 2
63 3405 3
29 1887 10
27 833 5
94 2172 9
47 2259 3
67 3026 3
15 1893 7
36 2108 6
43 1742 1
69 3396 2
45 2248 5
93 266 9
82 2628 4
24 4027 8
100 2789 6
46 16 6
21 3384 9
33 268 4
18 3511 9
7 3124 3
49 1189 8
16 3609 4
1 193 5
3 1221 10
84 3936 4
20 2325 8
60 3428 1
47 388 7
84 2226 9
46 140 4
66 3279 6
7 1823 4
20 1016 2
16 707 4
30 805 3
54 2889 10
58 0 10
58 2150 8
79 2006 4
52 1373 6
87 2859 7
70 3630 5
41 1140 6
4 2410 3
22 4021 9
27 876 1
13 202 1
56 2074 10
64 101 7
55 2810 3
2 3678 7
83 2704 3
37 1356 1
35 1712 4
46 2304 8
68 1287 5
62 3682 9
76 192 7
2 3645 8
98 2046 6
42 2600 1
97 4097 10
85 3618 9
96 277 4
62 0 2
61 2517 5
2 1210 9
65 968 4
98 1645 2
34 3634 1
78 2531 3
37 3934 9
90 833 5
48 3331 5
74 2498 8
27 4130 6
4 631 6
24 4100 8
6 2958 7
95 3945 2
7 245 5
78 2251 9
94 2162 7
57 88 2
60 3695 8
24 3828 6
60 3692 5
4 2920 4
52 3685 9
66 2526 10
76 2853 3
36 4217 4
12 1278 8
41 746 8
51 2340 9
79 1119 10
76 1136 4
28 1528 8
46 40 1
18 719 8
31 1214 4
11 1010 1
79 3042 3
18 305 2
18 728 4
34 760 10
93 1383 1
10 2307 3
27 3265 6
36 426 3
92 1119 4
90 3033 6
5 1585 6
32 3568 10
70 418 2
100 104 8
56 2824 3
69 4041 5
86 3128 4
70 1333 1
97 177 5
66 1861 8
49 3028 10
6 1120 3
33 3934 3
82 2414 7
68 891 6
79 1611 5
51 748 8
2 4204 4
16 3482 8
9 3405 4
45 3614 1
95 978 7
77 2762 4
70 3701 3
83 1032 3
25 3922 10
25 0 3
91 2262 10
95 398 1
62 459 10
7 3197 3
58 44 7
12 2448 3
100 1740 10
17 552 2
85 2211 7
54 140 3
12 985 3
21 437 10
13 2806 9
41 4099 3
7 3765 5
57 3349 2
15 4012 1
21 0 7
28 3751 10
23 1898 4
77 4029 4
29 1707 3
20 1765 1
49 463 4
15 903 8
88 388 7
75 3654 4
98 1665 9
58 3659 6
34 2454 2
87 3816 6
65 157 10
37 830 3
45 2076 1
26 1437 3
24 413 5
19 3679 4
59 940 10
68 1901 9
43 1805 6
53 4055 8
8 4015 5
88 1379 9
38 1729 3
59 1936 6
3 1284 7
27 2947 10
73 1439 1
93 2218 5
94 1430 1
85 1279 8
64 596 9
96 3086 8
7 761 6
47 4134 8
81 716 1
17 1824 7
100 2177 4
68 546 5
12 559 7
65 2650 6
12 1504 3
15 2184 7
63 669 7
10 538 4
77 977 9
34 2008 3
11 1616 3
70 4232 5
51 3139 9
19 562 6
51 2903 2
26 1007 1
26 1995 8
40 1639 9
71 3808 6
14 4188 3
11 1752 8
89 447 1
41 2145 6
93 3314 6
87 682 1
65 1697 7
53 247 9
58 3418 6
18 1660 3
72 3022 10
84 4120 10
75 232 2
100 1904 3
51 1356 6
80 850 7
51 2528 3
42 81 5
88 3816 10
23 2722 8
92 3520 3
51 822 10
64 3644 5
22 1672 3
25 719 5
32 1763 7
38 2123 3
80 1852 3
73 2671 5
83 2945 3
52 1306 5
57 968 2
44 4156 1
10 1202 6
100 4107 7
17 2225 2
22 3563 5
83 3823 5
63 231 10
4 197 8
64 3447 8
94 2459 2
27 3188 2
49 3226 3
83 830 2
15 2908 3
3 135 8
43 1779 10
73 3899 10
57 1220 2
8 3047 1
