450
98 243 4
19 1080 6
93 1142 7
42 3888 1
74 3340 9
100 863 9
57 1574 1
88 2004 1
66 3092 7
80 2292 3
78 1257 9
57 3345 10
50 766 1
7 1912 4
99 2765 7
38 351 3
74 3226 1
78 3457 4
99 326 4
19 3884 6
75 718 4
1 1293 1
85 3011 4
8 943 4
63 2003 8
46 2167 9
33 3471 4
48 2418 5
3 2431 8
10 1336 2
23 1210 10
87 817 10
21 886 6
22 3829 6
10 1333 4
25 2039 2
45 2084 3
34 540 5
79 566 9
44 52 3
44 3489 6
47 3621 2
39 421 5
8 600 7
78 1941 3
100 539 5
81 1144 2
39 3095 3
95 1819 3
74 3027 6
9 1073 10
52 380 1
86 1218 10
1 1816 6
36 906 6
3 3484 4
33 3514 10
4 1448 4
94 3298 7
73 633 6
65 2864 8
84 103 2
82 3047 1
60 2002 10
67 3243 6
2 2845 5
76 686 10
87 3160 9
29 2912 7
47 0 5
92 1650 7
1 396 7
47 3418 8
64 3102 3
92 2917 6
5 1382 8
1 2216 8
93 279 10
64 1869 7
94 443 2
30 3614 10
22 2753 7
29 2753 8
59 1471 9
28 572 1
40 2864 4
74 1046 4
45 2764 7
62 3302 5
70 2629 10
81 2658 3
23 837 4
68 946 6
57 3670 1
50 3661 7
34 2139 9
79 1984 10
10 1651 1
81 2221 9
92 3886 10
23 1162 6
39 2804 8
8 1439 2
56 2401 8
22 1612 5
22 742 5
24 2148 2
77 2728 9
73 138 3
49 771 4
56 786 7
33 3167 3
5 1372 7
30 2340 1
17 2440 1
15 351 4
37 1781 1
55 3683 7
78 937 2
87 2833 2
57 81 2
47 1144 10
36 656 9
46 1875 7
79 2176 2
54 2594 8
49 2343 2
79 3350 4
55 2432 9
92 2008 10
41 3029 8
82 1074 9
54 1759 2
45 3704 6
55 2088 2
5 3411 8
52 533 9
33 2727 4
3 3108 1
41 3334 9
33 1712 1
10 3693 2
78 62 10
25 157 9
88 302 5
8 3016 1
78 2980 1
24 3528 5
56 3432 10
66 3355 9
99 1897 6
83 1065 9
71 18 8
61 2057 5
25 2842 1
19 1588 1
42 2203 10
61 3763 5
5 517 4
62 763 1
3 2553 2
34 3645 6
61 1477 4
79 1050 2
29 2133 1
78 3661 6
92 3143 5
66 106 2
82 1936 4
44 1120 6
89 2219 5
46 2980 7
21 3394 9
28 2475 5
90 2368 9
5 3717 6
76 2388 5
32 3020 9
53 1194 7
27 1311 7
38 2315 6
38 3127 1
67 2080 6
40 3023 1
79 3739 4
20 1617 10
47 1348 2
43 1479 2
43 3364 7
48 453 6
88 3754 1
40 3459 10
62 2245 9
73 3680 9
54 1119 8
40 2824 10
81 2208 10
95 616 2
3 3709 6
39 1965 8
20 2095 7
87 3151 9
19 1259 3
76 2603 5
25 1567 3
6 3865 9
81 3838 3
85 3827 3
37 2308 5
59 2205 5
56 168 8
4 916 7
94 2815 8
54 3848 7
67 139 10
64 2834 6
34 1699 9
87 2436 9
38 1085 7
93 9 8
73 1576 7
37 537 9
73 1371 5
43 342 7
58 481 4
97 2468 2
61 595 7
72 1964 8
32 624 10
1 1959 6
28 3162 9
51 3450 6
94 1711 8
65 842 10
76 1272 4
72 3413 5
58 3757 2
88 1770 5
61 3751 6
59 1729 3
33 989 5
39 102 8
58 1915 8
88 1666 2
6 1478 8
92 3264 5
19 1173 2
86 201 6
65 2737 8
68 67 5
83 2667 1
40 3239 10
29 3496 6
62 1487 2
80 1436 10
19 1646 1
15 1748 8
92 3717 2
33 1283 7
66 3668 2
46 2992 3
90 2891 1
57 3059 1
37 2579 6
65 667 6
51 2478 4
9 3133 7
39 635 5
54 3627 8
83 131 2
82 0 1
48 1816 9
81 3729 6
90 2752 1
29 2244 4
20 811 8
79 3485 3
11 999 5
21 126 1
67 3185 10
39 2480 4
68 3126 2
62 591 10
21 1894 8
92 937 6
7 357 5
51 255 9
56 2005 3
69 2974 7
96 3452 7
9 1668 5
96 3778 7
14 3686 2
26 473 3
23 3596 9
81 3078 1
36 2968 4
24 2739 9
68 2907 8
6 2409 8
97 3560 9
56 1708 3
27 132 6
89 284 8
47 1382 6
12 3334 6
92 162 8
4 3214 3
60 3436 8
6 2525 5
61 94 8
61 3784 6
26 3144 8
77 1398 5
15 1112 10
36 1018 6
29 2231 2
12 2328 2
89 3808 5
81 3724 9
10 489 3
72 2871 1
69 1822 9
54 2481 5
44 2462 7
54 2248 9
79 0 2
22 1356 7
16 887 6
15 3860 10
99 1825 6
28 3743 10
1 2354 7
42 1149 4
98 2220 1
91 3074 3
10 3069 2
32 2588 6
79 1448 10
16 196 5
21 151 2
3 2168 1
80 93 1
72 3 3
82 2307 10
83 574 1
65 2486 10
23 167 8
4 3221 3
30 3407 10
96 1830 5
8 1374 10
85 2873 4
15 2835 5
82 562 9
20 970 9
13 351 2
8 3055 6
68 3240 4
41 2606 9
4 0 1
36 893 10
47 2398 5
23 3789 8
31 1235 7
66 2605 8
86 3212 1
67 1922 4
37 2990 4
35 2913 9
74 3783 5
16 2071 5
42 2563 9
19 177 10
53 792 9
75 3108 9
53 343 2
96 3364 3
82 248 5
32 8 5
45 1219 10
32 3062 1
60 867 8
64 3460 5
88 767 6
19 2293 6
87 1385 8
25 293 5
39 519 3
67 2742 7
49 3490 5
83 3213 7
12 2858 4
95 3565 8
16 1108 8
53 2606 4
47 3471 7
75 1538 9
55 3061 5
80 1228 8
5 1741 5
74 1564 3
17 1424 2
44 3033 5
70 1708 8
99 1013 8
6 2743 3
27 435 7
2 245 9
20 2538 5
28 1887 3
21 1181 4
27 2299 5
2 2715 9
54 1227 6
87 1986 1
8 2955 4
55 2338 9
18 534 8
2 3764 9
92 308 5
40 2501 9
51 1707 5
29 1136 8
13 452 2
11 1212 9
66 1582 2
62 97 1
51 204 9
11 1604 8
30 297 8
1 3540 5
3 1072 9
57 3743 5
28 215 2
11 2591 2
8 973 5
13 207 2
57 109 7
98 112 3
53 2695 9
31 374 1
55 2717 7
84 3759 9
61 2614 8
40 2977 4
51 2302 9
16 3765 6
61 2775 3
20 3506 8
