150
87 1214 3
23 985 7
90 482 9
60 245 2
81 893 4
15 426 5
84 7 5
54 72 2
88 295 4
41 711 9
56 1365 10
91 1033 2
14 703 6
2 695 3
98 875 4
72 1165 10
81 940 6
39 22 9
100 170 6
35 678 6
40 1328 8
41 585 8
18 459 10
99 885 4
14 716 9
59 622 8
11 1011 7
45 1378 3
26 276 4
81 1192 4
87 691 4
84 1156 2
60 1154 8
42 1154 4
81 1146 4
35 1100 9
79 353 1
89 31 7
69 959 5
59 268 6
62 838 1
48 0 5
24 823 7
91 1355 9
58 1070 7
50 1334 6
55 689 10
87 116 7
40 0 7
81 490 7
43 425 2
18 1142 3
45 964 5
90 805 2
52 29 6
20 790 2
19 100 1
51 693 3
83 360 7
55 1083 9
61 71 9
8 789 6
21 1307 8
64 274 8
98 390 5
99 907 3
72 1137 7
28 396 7
46 1117 2
85 90 6
26 689 7
95 1180 2
46 531 1
4 18 8
26 838 3
15 717 4
26 344 5
43 0 7
57 201 6
60 1355 4
81 500 9
63 981 3
50 1372 6
24 5 8
48 1341 8
66 849 10
39 29 2
24 449 2
33 948 5
79 1335 3
12 0 8
34 933 9
52 111 10
9 935 2
40 485 10
57 1281 7
47 412 10
26 601 7
13 51 7
21 29 7
62 626 5
11 321 7
93 1190 4
94 87 8
18 1329 10
95 1136 3
82 844 4
54 1367 7
9 228 3
19 658 7
22 1321 3
48 1276 3
59 173 5
63 81 7
37 1019 6
27 612 2
58 33 9
5 268 6
36 612 4
93 805 3
85 922 8
55 523 3
48 641 4
7 1186 4
27 180 9
33 570 9
64 82 4
9 452 5
8 952 3
68 944 3
44 892 5
99 900 9
40 785 7
64 817 7
100 80 3
84 684 1
39 508 8
82 915 5
35 1331 8
26 1169 5
91 807 10
92 1165 10
68 224 7
33 805 9
95 300 2
80 141 5
91 353 3
77 462 9
33 503 3
22 1010 5
