300
6 853 1
27 2167 6
45 2406 2
4 2018 6
75 1814 8
66 1029 3
15 643 5
99 1079 1
73 201 8
39 1142 10
25 1522 5
74 2316 4
49 1482 4
80 476 5
46 840 1
40 1625 10
16 502 6
83 1150 9
34 2169 4
20 692 5
73 2331 5
68 1512 10
44 1889 7
1 1461 2
4 1398 3
59 1655 3
50 1175 2
16 1733 1
85 836 7
62 0 2
93 2169 8
27 2420 7
65 38 9
47 839 3
18 2385 8
89 1 3
91 1898 1
11 1444 9
35 2330 5
33 1662 2
61 349 10
39 1280 8
28 1045 5
97 1048 8
95 104 3
67 461 2
54 1561 6
51 1807 6
64 2533 8
18 484 4
26 1587 1
31 16 9
16 2498 1
24 2374 3
18 1216 2
92 1482 2
61 1344 6
39 980 10
45 1006 7
57 2251 4
43 1171 3
82 1557 1
96 1596 1
62 2079 4
46 263 9
67 2244 1
93 1181 4
98 1020 9
63 802 10
61 2493 8
4 1821 7
55 2334 9
83 2240 3
54 1537 10
46 2122 5
64 40 8
37 773 6
98 1776 10
67 902 2
21 1727 3
48 927 4
94 2014 4
75 1593 3
16 1811 8
22 552 2
79 1514 9
22 702 5
75 533 7
97 1904 3
50 1923 3
10 2449 3
93 1542 5
43 550 3
22 712 5
29 482 9
95 292 8
48 1492 4
70 2374 7
32 1854 5
91 1490 1
98 2428 7
34 2483 2
34 945 2
9 1846 9
12 1005 10
74 470 6
16 2263 5
35 159 1
22 513 8
19 1241 9
28 327 9
3 1180 1
66 1400 8
92 1387 7
54 218 5
3 1553 4
34 2231 6
19 2187 2
61 1214 8
97 1692 2
16 2371 1
10 943 10
11 497 5
48 880 10
60 2350 10
77 1198 9
25 2355 6
44 1166 4
70 853 1
78 1661 8
73 741 8
57 2142 3
56 2239 6
75 2345 3
71 890 8
66 2465 10
78 2474 7
100 730 5
16 799 5
9 962 4
88 271 1
19 2329 2
22 1382 7
91 1338 3
40 1369 4
39 1155 7
75 0 2
27 1794 4
57 1731 9
35 403 1
55 661 2
16 1288 10
36 2298 6
80 343 1
29 2470 1
83 781 7
83 1902 9
81 1775 6
99 1228 1
94 1033 3
68 257 3
51 2294 4
76 1612 2
93 2241 10
23 1823 1
5 1942 8
96 1283 7
18 550 7
16 0 4
24 1753 4
29 2210 2
16 1328 7
92 1293 3
69 100 4
81 2240 5
88 1397 2
12 161 3
45 79 7
28 2311 8
4 1188 7
42 242 7
52 322 7
34 1150 6
13 2385 7
5 2239 9
39 2143 6
55 1961 10
55 1564 10
44 2451 10
8 1890 7
14 1929 2
34 1302 5
70 1189 7
51 1983 2
32 869 6
58 1573 10
21 2355 3
80 942 6
88 55 7
1 1842 7
78 914 3
1 1580 8
18 629 2
66 449 1
50 872 7
66 538 6
67 240 2
100 1374 10
26 25 2
57 205 10
43 2379 2
33 2273 6
78 1666 10
53 1563 4
46 2153 2
80 441 3
90 633 4
8 1945 2
20 2400 4
25 802 9
49 642 10
4 1522 5
5 824 3
38 1977 3
17 1137 7
88 673 8
43 91 10
100 1148 6
41 2398 9
88 417 2
26 602 8
10 2168 6
5 933 3
41 2451 8
96 2407 6
23 2311 2
46 516 4
86 985 5
100 1155 8
56 2226 3
81 1697 9
8 612 6
48 2186 8
60 1778 6
83 1583 1
24 1191 2
40 1484 4
25 1357 8
33 2182 2
33 723 2
63 417 1
22 274 9
91 2227 4
15 1139 10
13 2297 5
28 665 9
1 1693 3
81 2014 4
28 2507 8
53 654 4
39 681 2
31 906 7
25 765 1
51 105 10
1 1811 5
88 2425 2
35 333 7
15 66 2
19 1465 8
85 1744 9
82 1703 4
94 2266 1
71 131 8
96 2475 5
3 1096 5
76 1433 5
72 2517 10
7 1760 9
9 0 2
33 763 4
3 1189 8
22 2523 2
17 1650 1
15 2263 10
18 907 1
40 436 4
25 944 2
63 821 1
3 31 10
32 379 2
98 169 3
36 2061 2
27 2493 6
88 2090 7
48 1519 10
40 1146 9
100 2206 7
78 515 1
44 764 4
12 1882 6
