200
93 754 6
86 1744 3
43 0 1
35 227 3
27 1395 4
6 812 10
22 387 9
42 308 5
80 1373 9
99 1529 3
28 1193 3
59 1220 3
17 629 7
68 1068 10
23 1584 7
20 1490 2
13 1078 2
60 383 8
76 464 8
55 784 4
24 1327 2
42 310 7
21 133 10
43 348 7
10 463 7
45 1358 10
24 29 10
58 459 3
24 136 8
78 1176 2
45 1234 7
87 357 7
68 1732 4
24 1449 10
64 0 9
5 1134 4
75 1424 1
65 390 5
4 153 2
75 1450 5
76 702 2
88 340 7
17 851 4
12 316 5
16 495 8
87 959 3
75 1052 10
69 1648 10
25 947 5
60 403 8
11 1549 5
5 408 1
32 1577 4
6 788 7
47 688 1
15 11 7
24 505 7
92 389 2
75 152 10
48 1742 9
80 186 10
72 1541 10
64 303 5
18 1734 3
76 933 4
74 99 1
20 398 1
53 1413 2
53 1447 10
18 511 1
46 1108 1
83 532 1
42 69 5
29 230 3
18 1497 4
85 1170 9
74 901 1
19 1754 7
78 1726 7
33 230 9
43 958 4
6 553 4
29 1424 3
73 1509 5
91 1229 7
28 1249 3
52 1564 2
88 179 1
82 896 10
7 1374 1
70 208 4
30 1153 2
44 683 3
38 1629 10
70 1339 1
91 781 6
63 615 9
48 8 1
14 1239 4
43 219 5
72 1729 9
94 120 8
35 221 3
12 681 2
82 1570 7
61 876 9
1 463 4
4 776 9
92 500 10
4 1594 1
35 285 10
33 1132 2
28 1282 7
9 188 3
65 609 9
39 1601 9
53 1045 2
87 670 3
98 834 10
73 1415 2
39 808 3
56 1680 1
95 723 3
94 1606 9
64 404 9
12 1611 3
74 108 4
84 884 2
73 901 9
56 77 1
14 294 6
71 1735 7
68 819 10
76 1436 4
98 979 5
7 1712 9
96 1365 6
79 978 10
2 655 6
26 1330 5
43 1602 4
3 1021 10
20 73 3
60 688 3
11 997 9
32 378 7
44 1248 5
27 1020 3
84 1368 8
64 1410 5
94 1701 4
87 1382 2
19 385 10
27 25 2
80 0 8
43 254 6
28 768 2
6 849 2
78 1335 7
37 1055 4
66 0 3
8 114 3
20 1117 6
89 826 9
69 1247 8
10 1363 10
75 1182 6
100 324 3
13 626 10
22 302 9
22 382 9
89 683 8
86 405 1
72 266 6
88 592 3
98 499 10
73 525 9
2 874 7
31 1492 6
55 1549 4
39 1125 1
99 1537 3
5 396 8
68 214 9
52 741 5
65 1585 4
72 448 4
39 199 7
54 1604 5
15 61 2
88 1698 7
83 1711 10
20 1060 1
52 450 8
86 830 1
57 1364 4
78 20 10
70 410 4
100 1550 4
28 1589 8
