400
55 148 1
100 3620 8
14 3630 2
62 2144 2
31 270 4
31 1333 1
2 812 10
4 2726 8
55 2783 8
36 1675 4
61 0 7
22 3104 4
57 1 5
58 567 6
17 1944 5
83 3139 7
43 450 4
22 1608 10
14 84 1
82 1919 8
25 3502 4
80 2245 5
15 3044 1
76 2795 4
66 775 3
72 1612 4
11 663 8
91 1115 3
72 2381 4
86 760 7
53 3163 8
36 1150 5
33 1832 4
77 1937 3
63 2585 4
17 362 1
80 1719 7
6 2989 7
23 692 8
29 1318 5
54 2322 5
68 2270 4
96 1398 1
33 1611 1
63 648 5
96 177 7
21 2665 3
75 3449 6
5 1316 5
93 2471 8
89 601 4
16 3357 5
33 1715 2
96 426 6
92 3616 5
31 502 7
6 2371 6
19 3025 9
11 2454 4
74 2930 4
63 1770 2
81 3226 8
33 267 10
99 948 5
55 0 7
20 399 5
61 2468 4
96 1470 9
87 2248 6
88 97 6
41 1328 8
8 2755 6
40 832 7
93 2081 9
27 1497 1
84 2961 3
51 2783 1
38 3206 10
95 1421 10
58 3384 2
21 848 9
63 3508 4
34 1888 9
23 1740 9
95 2832 3
46 201 10
74 3310 4
71 693 10
56 7 8
74 3470 7
13 619 3
69 3148 5
73 1229 6
89 1702 1
16 2343 8
29 1985 6
88 1135 9
41 819 1
90 2586 10
68 1790 1
35 892 8
26 1588 5
74 3562 3
83 7 4
9 1590 7
96 3111 1
77 123 5
97 699 5
96 3196 7
35 86 8
55 2801 10
41 1513 8
85 1043 8
66 886 7
10 1509 3
28 44 1
53 1060 5
51 2346 2
85 1126 10
33 3542 3
65 1806 3
70 2686 9
69 135 4
13 1766 3
30 3587 2
88 1964 3
44 2884 6
35 2190 2
20 3206 6
48 3391 5
49 2051 5
81 1342 3
26 344 5
25 2669 8
61 2149 5
14 948 9
30 3060 8
42 2505 7
2 3512 6
67 1953 2
2 2552 8
17 2576 4
74 1440 6
37 1406 8
55 981 9
21 2617 2
9 1513 4
7 2563 5
14 727 6
47 3286 8
63 2645 6
42 1010 4
56 2127 8
5 2682 7
86 2485 3
47 1442 10
51 303 8
19 1876 10
53 1131 4
71 3238 6
33 1031 3
78 2159 4
77 3145 1
12 1151 4
48 1616 3
24 847 8
49 2117 3
85 918 1
92 318 9
6 479 8
94 3147 6
67 3434 2
85 2498 9
85 1956 4
83 1960 2
94 2242 6
100 1798 7
30 3083 4
50 821 6
52 109 7
95 2111 4
85 102 4
78 967 5
27 2064 9
68 615 4
56 1760 2
52 2215 4
7 858 5
80 3048 5
24 1933 3
90 2788 10
47 1324 6
30 2134 1
7 824 2
20 2385 6
31 2807 9
55 901 7
39 1819 4
11 494 9
2 3475 9
71 2386 4
64 2575 4
83 2710 1
92 229 9
31 3307 7
92 1592 5
98 2827 7
5 2680 7
20 3207 2
70 1931 10
96 2028 9
75 250 6
22 1674 3
43 1092 10
29 841 8
67 340 5
87 3465 10
49 2421 7
34 1913 3
40 721 7
23 3588 1
44 56 4
100 210 3
98 3005 5
7 2578 1
15 3287 10
9 2348 8
80 138 10
59 992 8
50 223 2
20 3030 6
28 178 9
53 1863 4
10 1485 3
91 865 10
27 253 5
92 3279 7
49 338 1
34 3287 3
31 371 5
48 642 3
84 1630 8
75 943 2
60 473 6
79 629 9
21 1981 5
59 1302 5
11 545 8
75 556 1
18 536 8
30 3208 6
86 1239 10
74 3179 3
81 1162 4
90 1784 2
29 949 10
21 258 5
66 3507 10
14 3240 8
56 3100 5
31 3389 7
42 1322 7
83 2935 6
20 782 10
22 1927 10
53 11 10
60 1471 1
26 1315 3
73 3463 2
18 2754 5
63 224 8
22 655 3
60 2959 7
88 1549 4
12 2852 5
100 3367 1
41 2924 2
65 315 10
1 3168 2
1 3228 9
84 2206 4
21 280 3
72 2992 5
8 1575 2
17 122 10
51 402 4
93 1443 9
61 1142 6
39 3205 10
36 3075 6
89 3148 4
65 2188 9
88 672 8
67 3337 1
36 107 3
33 715 9
15 3555 5
52 570 4
90 1401 3
38 417 7
43 2252 4
62 1521 10
79 0 8
14 3042 1
33 2322 1
92 853 3
43 2291 8
31 531 7
13 3087 7
40 472 6
98 713 2
26 1072 8
57 1863 9
75 2542 8
47 3422 2
64 2266 2
67 67 4
88 3166 1
10 2328 3
79 2108 1
49 1062 1
98 915 7
39 161 6
29 2116 10
85 840 8
100 3257 3
42 2460 7
88 1916 9
23 826 4
78 2647 7
40 1045 5
25 2195 7
92 1249 3
97 2508 5
94 3154 4
56 1749 10
15 1230 2
99 2496 3
62 1680 1
73 791 8
52 3055 3
58 2625 10
55 1746 6
100 2265 8
58 1930 7
57 1331 7
89 1569 5
50 2492 10
76 2913 10
12 2131 1
71 1392 3
12 1089 4
84 47 2
79 1262 2
22 3334 3
80 3373 9
28 3573 2
58 1073 8
7 2295 4
17 3319 3
44 3129 10
3 1671 10
45 3257 1
13 2253 2
46 3201 5
75 3514 4
47 554 6
41 2674 3
71 3052 6
28 1274 8
88 2166 6
11 901 6
51 2012 2
59 2443 3
21 2737 6
24 111 9
94 2373 3
62 2441 10
77 2604 10
61 2759 2
49 2593 8
13 1333 2
26 3518 8
47 0 8
17 2424 9
98 286 8
83 562 5
38 1615 8
14 3417 10
84 2069 6
2 1138 9
59 3040 6
75 615 4
95 3034 1
93 2965 7
75 2344 6
72 3171 8
88 434 6
35 2408 4
48 514 2
