37566
20
13 46 133 38 44 36 59 92 128 18 70 51
73 114 71 42 132 107 33 82 142 16
8 143 109 93 65 29 47 112 37
110 45 111 60 35 145 141 86 34 104 55 43
140 14 17 85 125 144 64 78 27
122 48 32 81 139 67 6 69 72 108 77
39 53 105 2 123 131 103 149 9 115
56 57 127 97 120 12 99 119 135 75 116 91 30
49 124 20 54 23 87 150 3 25 106
1 5 102 136 40 4 15 138
21 63 26 130 96 24
61 19 41 84 58 50 68 100 79
137 10 101 7 11 80 121
22 95 117 147 134 98
31 62 76 88 66
52 126 28 94
74 90 146
83 118 113
148 89
129
