50019
28
200 127 49 123 98 143 99
83 131 50 12 70 168 156
134 175 180 136 72 119 194 57 148
102 88 113 185 152 77 76
147 8 163 61 183 184 95 157
129 125 18 192 4 10 22
80 128 84 87 124 3 122 78 29 31 137 24
172 195 17 107 58 160 5
43 94 188 105 112 32 120
167 138 56 130 20 74 33 116 146
28 35 48 75 42 82 7
150 39 60 173 179 34 140 176 86 55 1 106
89 97 81 154 52 68 117 90 162
159 71 142 121 91 45 118 37
111 165 187 144 191 23 190
114 51 108 132 2 178 109 145 21 197
6 44 198 171 19 181 13 36 15
38 126 16 141 79 63 9 14 133 135 182 104 115
96 11 59 177 40 170 166 25 62
199 41 110 196 67 155 53
69 153 158 27 85 169
149 64 100 151 66 54
46 65 193 161 93
139 103 101 30
186 47 73
189 26
92 174
164
