98954
27
169 55 192 12 116 190 151 115 211 75 156 79 241
126 184 114 158 37 71 160 185 179 74
198 159 121 52 1 56 128
38 15 244 17 136 20 176 208 245 50 3 197
87 18 11 119 95 168 183 247
222 164 60 129 68 5 53 154 161 209
93 106 194 155 224 138 26 30 140 29 7
195 111 103 67 86 44 10 24 62 163 63 157
14 203 146 152 181 59 189 170 118 4
127 134 147 66 141 177 123 249 231 153
61 99 45 132 250 78 142 199 65 82 131 97 96 72
2 174 200 229 89 167 23 42 105 6 144
187 117 102 191 27 69 235 239 101 64
49 130 233 112 40 172 145 125 94 80 148
213 171 232 98 201 180 242 207 21 48 41 218 51 25 46
47 76 173 223 210 57 110 226 175 204 216 237 92 236 85
104 36 108 58 238 205 9 227 135 196 43 16 206 246
77 162 33 22 73 234 120 39 137 225
215 165 81 228 139 182 100 166 212 202
221 143 122 84 248 90 70 113
240 31 28 178 83 219 13 220
109 243 193 133 188 150
8 54 35 230 91
186 217 19 214
88 32 124
107 34
149
