75025
55
293 181 175 164 258 33 56
170 52 107 265 178 21 133
245 174 42 231 234
54 49 34 207 9
262 277 266 102 136
177 83 50 217 209 214
129 220 106 210 2
44 103 222 243 271 80
61 299 105 45 235
36 263 62
300 35 203 122 131 48
291 199 267 23 82
202 270
244 59 211 260 241 155
283 4 229 58 139 180
110 154 147 188 236 137 145 252
151 134 240 176 162 115 278 60
264 288 11 273 248
161 88 167 93 225 99
16 226 18 113 24 223 98
96 259 159 289 94 215
166 86 100 26 239 46
257 125 152 183 141
227 57 12 153 81
92 189 148 230 276
179 285 78 127 116
193 39 192
135 232 13 89 111 72
190 20 261 251 294 84 22 185 171 32
182 85 233 71 275 51
150 25 238 132 272 28 200 186
208 70 140 142 29 269 17 249 144 286
191 296 212 47 43 27 143 256
290 168 101 173 1
123 97 196 204 76 219
130 282 160 292 280
64 242 158 268 40 87 38
114 75 8 221 284 187 157 163 37
169 77 112 197 119 184 250 246
172 218 65 149 117 68 253 91
104 298 124 30 279 228 128
19 55 120 79 237 95
118 53 14 295 165
156 108 274 10 194
31 254 213 224 121
201 73 41 198 5
297 146 216 255
3 247 205 15
281 90 63
126 6 67
7 109 66
287 206
74 138
195
69
