141819
64
116 35 6 3
220 302 329 104 152 125 159
121 86 78 304 77
102 169 224 61
48 68 336 317 216 94 50
14 134 136 120
272 185 263 52 341
195 200 140 56 23
297 4 162 303
135 106 158 177 164
313 262 243 74 100 16
332 258 277 273 236 99
251 276 249 337 191 173
174 342 237 27
269 154 167 181 316
39 215 291 63 163 247
307 132 95 204 5 343 300
217 178 301 2 233
344 115 105 31 335 330 296
76 15 110 79 280 289 112 309 59
278 318 37 282 81 166
42 201 260 47 234
123 338 327 142 73 107 109 130 32
305 182 290 203 284 324
111 22 108 242 295 226 238
325 328 36 235 41
308 128 13 197 194 254
58 150 26 306
244 18 98 190 199
57 28 208 265
267 85 319 205 126 143
231 91 53 165
211 62 294 345 148 219
183 60 348 240 228 155
46 326 193 315 9 299
347 51 331 80 103 38 127 65 29
180 222 71 19 21
253 221 149 287 119 30
114 274 293 259
184 281 147 268 246
213 320 70 271 310 283
49 101 264 285 171 20 202
17 279 129 151 10 241
261 212 44 252 339
124 314 176 93 312 321 33 311
72 168 24 346 157 118 172 218
64 34 137 225 323 25 69
170 83 207 227 255 288 257 12 55 75
131 67 232 333 139 84 229 187
82 43 179 161 206 256 133 138
209 160 146 298 250 275
11 186 90 188 223 230
88 92 113 266 7 270
334 340 40 239 189 198
286 153 45 210 192
156 144 292 1
89 248 349 54
87 214 196
97 141 96
8 122 66
117 145
322 350
175
245
