143716
85
320 349 241 245 367 23 101 222 250 104 187 137 147 55 335
343 119 214 131
129 208
114 65 336
378 244 191
188 49 234 171 304 82
25 352 253 296 43 87 271 94 79 373
254 190 347 17 170 311 210
303 383 299 375 149
133 45 166
393 308 351 193 267 36 290 74
5 138 18 169
262 162 211 295 329 70 110 150
255 357 340 1 316
28 385 314 227 151
247 240 14
2 160 21 192 362 54 284
143 268 95 198
256 302 360 323 252 69
178 266 219 387
67 399 99 251
11 35 339 173 276
374 80
356 391 369 348
134 184 315 88 185
118 177 376 179 85
135 16 275 346
76 233 366 97 331 389
321 84 294 197 282
68 286 345 338
202 116 100 156
386 301 217 400 7
279 155 59 257
146 249 228 189 285 145
6 126 174 8 297 181
164 90 56 50 96 194 261 186 107
71 310 72 243 75 226
98 278 201 153
200 263 195 61 269 365
291 274 62
12 106 390 37 312 332
246 318 205
260 364 235 168 112
58 337 300 394 175 372 326
221 330 121 322 120 182 229
277 354 63 51 103 167
370 293 30 24 91
15 359 77 328
78 111 29 341
309 397 199 38 280 157
319 39 384 48
128 292 305 377 368
32 204 57
13 136 46 231
398 237 161 212 216 324 225
258 81 327 124 93 333
4 53 242 26 44 148
379 317 264 272 363
142 66 40 102
259 313 31 395 86 60 236
334 122 33 396 307 358 115 27 215
154 342 52 382 144 163
298 224 20 34
388 287 105 350 9 152
288 239 206 381 380
3 230 353 117 371
220 141 165 108 273
183 392 127 306
83 64 92 139
289 355 361 248
130 180 176 207
265 213 123
283 325 41 196
19 109 281
22 159 238
232 125 113
140 344
132 10
223 172
209 218
42 47
158 270
89
203
73
