282864
46
327 116 103 407 218 153 42 145 413
270 430 192 449 29 208 402 83 130 325 88
261 53 274 363 323 222 260 424 185 193
362 244 94 321 162 232 22
52 397 418 317
275 369 215 87 39 406 414 349
319 6 115 235 68 183
142 289 180 32 155
398 220 47 399 379 19 387 446 305 221
296 99 203 292 163 37 120 368 294 51 346 263 141
111 328 358 92 187 280 179 195 376 13 191 417 262
109 45 373 182 56 338 2 96
216 82 11 427 385 217 26
242 377 297 154 366 151 408 8 209 46 318 60 370 404 138
367 197 267 288 135 108 105 431 240 95 189 246 35 437
226 159 315 311 353 137 78 44 210 290 84 299
178 196 104 409 411 38 63 124 58 249 41 90 97 23 186 371
444 344 309 276 372
129 69 245 224 177 241 55 320 304 122 110 301
332 158 171 336 291 435 426 365 119 139
136 15 303 282 160 334 72 428
238 147 394 403 237 214 70 14 343 225
239 33 85 62 423 360 392 298
118 66 9 28 293 257 219 198 175 1 342 391
206 102 100 125 61 24 161 212 121 113 420 170 314
93 174 351 253 176 236 86 285 443 133
202 259 18 266 422 341 200 227 324 106 388
247 12 173 59 447 134 21 355 165 313 166
329 380 300 248 283 333 107 281 79 168 77 384 48 381 114 143
378 251 347 401 412 169 50 231 30 356 10 268
54 101 150 357 433 80 36 295 81 91 361 205 188 316 34 405 112 425 286
450 172 89 439 350 194 442 345 181 255 25 302 146 254 389 7 326 157 354 434 272
5 284 76 190 308 448 390 230 386 213 74 75 40 71 273
335 400 234 223 419 233 432 207 123 396 436 152 184
277 375 16 27 330 117 340 73 229 67 17 415
310 148 339 128 144 441 312 258 445 211 395 132
252 382 438 410 4 127 393 271 307 429
64 256 243 359 374 331 278 43 57
306 31 126 98 3 383 264 279
322 140 421 364 204 440 156
265 250 201 337 20
65 287 416 199 149
352 269 167 164
348 49
228
131
