320162
60
234 236 481 203 144 326 24 300 34
314 18 296 341 389 191 487
95 12 80 298 88 151 352 325 152 187 259 353
114 252 486 316 173 245 248 366 365 307 273
4 188 220 426 401 459 289 328
198 193 291 355 206 324 414 330 70
158 38 391 44 269 479
436 39 87 470 348 192 450 275 216 474
331 79 21 235 329 322 299 319 98 274
128 305 222 257 83 127 477 232
105 210 357 376 412 398 337 317
253 491 77 183 409
284 243 310 334 16 384 61 8
439 390 488 204 215 397 97 65 15 89 370
212 82 383 454 287 47
276 277 458 350 85 358 9 369
420 442 207 434 427 164 333
67 174 496 460 422 74
23 155 286 347 66 57 122 321
343 169 116 194 293 279 10 120 25
201 241 189 363 456 473 244
60 373 484 72 374
385 445 283 393 137 380
387 28 455 75 256 106 27 498 371
394 179 268 403 104 500 96 342 437 247 266
312 111 62 351 131 379 255 372 63
159 94 451 478 7 453 107
197 36 295 448 297
26 200 413 250
19 76 166 214 177 170 251 51 119 46 392
311 196 280 400 147 182 360 327 483 361 115 482 14
490 91 443 395 180 113 404 335 402
485 129 140 254 172 153 263 125 338
239 146 421 157 417
213 466 272 2 54 306
349 405 86 121 118 464 55 134 32 332
81 136 261 368 186 110 447 386 271 425
440 281 246 489 320 260 11 285 495
37 339 69 48 492 225 33 471 336 112 184
345 415 377 1 139 185 123 452 93 3 265 160 465 433
294 59 84 430 143 230 399 103 108 154
446 181 362 233 5 190 100 68 354 205 165 171 382 424 449
99 499 138 278 162 49 423 438 229 472 441 90 117
406 411 494 209 161 101 231 156 375 163 223 457 195 344 497
175 444 224 167 410 73 309 202 149 428 315 301
178 431 142 228 133 493 292 29 435 135 52 217
132 429 270 432 475 176 199 40 480 242 71
359 407 22 290 35 237 378 53 463 13
30 462 31 58 308 124 396 56 238 6 227
109 323 388 50 476 264 381 282 208 102
126 302 168 258 43 367 467 356
17 218 418 221 41 20 148
468 288 226 145 318 340 419
313 150 45 304 346 416
92 364 42 267 408
469 249 303 262
219 78 141
461 211 240
64
130
