53040
12
13 46 38 128 36 59 44 133 134 18 70 92 65 80 121 16 73 42 132 51
149 95 107 114 33 82 142 89 96 53 71 143 109 11 93 112
66 8 74 47 117 31 29 86 110 98 45 111 141 37 122 35 145 60 104 101 34 55
62 140 148 146 125 144 14 43 64 76 129 85 26 17 78
28 27 48 81 32 24 6 69 139 2 108 67 72 39 123 77 103 131 105
52 84 9 115 57 75 90 4 7 99 130 120 12 97 56 119
127 138 116 135 54 87 30 137 91 49
83 15 150 23 3 126 20 118 106 124
94 40 25 102 5 147 88 63 136 1 21
61 79 113 10 19 58 41
100 68 50
22
