332230
24
133 144 326 234 236 203 341 481 314 487 18 191 88 389 296 151 95 80 273 352 187 259 34 152 298 316 4 245 24 325 353 365 486 252 248 307 366 173 459 468 426 300 401
178 188 291 258 328 114 220 289 70 206 355 12 324 193 414 102 31 299 158 330 44 381 269 391 38 198 450 348 226 479 87 275
109 436 257 192 408 470 127 297 39 274 216 282 331 79 242 235 474 126 322 21 240 409 98 329 319 222 232 128 83 317 210
310 105 427 305 477 13 376 357 301 412 35 253 77 422 60 85 491 183 398 454 8 215 337 243 439 16 384 284 97 61 488 204 334
396 20 264 370 397 89 47 390 15 277 56 250 42 212 383 373 287 420 82 276 313 350 9 65 442 458 369 378 207 333 164 434 460 496 63 67 23 174 74
155 321 347 286 359 66 122 57 116 500 135 137 194 267 358 279 343 293 36 169 456 25 120 249 363 189 10 241 201 473
72 244 388 262 302 374 30 211 480 445 484 455 50 283 111 380 385 75 393 132 94 28 29 387 106 256 268 498
469 149 394 371 27 403 179 437 104 96 342 247 312 351 255 62 131 379 159 451 453 107 372 478 266 7 200 476 197 177 26 448 295
46 51 413 166 112 251 76 392 461 196 58 311 482 145 170 270 438 308 483 119 490 400 115 360 147 91 280
40 182 17 327 395 238 239 335 208 364 113 32 443 14 19 288 167 485 129 402 214 52 404 263 497 54 125 153 140 254 338
411 367 146 489 361 417 405 157 205 121 421 462 172 346 64 2 466 306 272 318 213 180
71 176 218 53 349 118 271 124 464 55 332 43 494 184 261 356 81 304 136 440 447 368
431 110 1 323 425 73 428 265 6 219 429 260 246 37 340 281 86 386 432 186
467 11 148 78 495 92 48 285 320 419 33 339 175 225 294 108 123 377 139 134 471
221 345 227 336 93 415 160 492 168 399 3 185 154 117 69 452 430 143 449 433 59
463 362 230 103 99 382 84 418 171 5
223 441 130 233 142 165 163 354 446 138
303 416 217 435 150 162 100 499 68 278
156 199 237 472 101 90 423 202
493 475 228 49 190 229 231 22 181 195
457 141 292 315 209 407 344
309 424 224 375 465 161 410
45 41 290 444
406
