250
2 17 1984
4 31 2341
3 30 2383
5 39 2169
5 21 310
1 139 2598
4 38 874
2 145 522
5 27 269
2 134 2339
3 101 1960
1 135 2185
7 132 1954
3 114 2453
2 95 342
7 54 2652
7 37 1574
4 109 173
2 133 2602
2 112 508
6 98 1948
3 111 2506
1 6 2323
5 51 2567
1 19 580
5 27 977
2 122 246
3 18 1560
2 32 344
7 12 536
7 116 579
7 29 1142
5 31 1549
2 108 1594
5 107 1499
2 115 1301
4 51 2280
1 96 865
2 70 1428
4 46 551
6 2 108
1 54 1139
4 13 2667
1 113 405
3 42 146
1 69 773
5 78 468
6 9 1161
3 120 1345
5 116 1448
4 48 888
7 27 921
7 150 882
3 10 2063
4 32 2419
7 71 2288
4 102 2494
3 45 945
4 142 1163
2 3 2934
3 70 225
6 34 147
5 103 308
1 38 2182
2 11 856
7 121 1717
7 144 2512
2 71 2535
4 78 2659
1 104 902
6 95 2997
4 34 2719
1 21 1436
6 92 2731
3 66 728
3 63 1839
4 31 1036
5 43 2849
5 122 1356
4 66 2711
2 10 1832
7 84 2361
5 72 2035
2 96 481
7 124 2490
5 95 2734
2 11 2593
1 149 1591
7 120 2399
6 83 939
2 100 161
3 3 2086
1 67 2861
5 149 861
2 54 851
5 85 2633
1 28 2941
4 91 2059
4 45 415
2 41 1664
4 79 501
1 104 1585
2 10 240
6 135 2107
4 16 136
1 75 1896
7 74 1526
7 37 1532
1 60 2876
3 106 2484
5 131 2960
2 116 676
7 73 2060
4 71 721
6 12 2601
5 120 373
3 39 1449
5 84 1283
1 130 1876
3 112 360
1 123 1703
7 12 1732
3 141 2100
4 118 473
7 141 1570
3 74 1556
6 73 2321
4 24 1189
5 62 1505
5 20 2657
3 2 647
1 40 679
2 1 136
5 53 2395
2 53 2739
2 38 2205
7 5 408
7 45 520
5 0 182
5 31 245
1 146 2853
1 14 2470
1 31 1883
3 49 690
2 31 733
3 85 1009
2 0 1487
5 137 2531
1 69 228
4 147 445
7 118 1480
1 74 2112
4 9 795
2 146 1718
1 111 1812
5 148 1674
7 22 433
5 112 1339
1 46 1242
3 13 882
7 80 2841
1 34 1925
3 54 1617
2 59 430
3 42 585
6 42 2300
2 126 1488
1 60 2477
3 67 713
3 146 2888
1 16 705
2 111 2008
1 105 1321
2 30 1924
6 65 2266
6 47 2351
1 115 223
6 50 1895
2 26 2374
3 81 1427
2 12 2225
6 70 557
3 76 1354
3 84 858
3 20 2149
3 56 212
1 50 2523
7 144 2275
1 78 994
3 31 687
5 17 1140
3 62 2354
6 73 102
6 11 473
4 21 2481
4 79 2373
2 50 1898
4 78 948
6 64 2946
7 14 1744
1 122 1458
3 87 1629
2 75 1851
2 125 310
5 98 1422
5 78 504
7 129 1439
1 139 1889
1 148 944
1 106 2245
1 36 2569
4 120 2897
6 67 994
7 112 271
5 88 254
1 106 2063
6 144 698
4 92 1195
5 3 1548
4 9 723
3 7 123
3 63 653
3 94 2716
4 103 2116
6 130 907
2 23 1100
4 67 2859
4 99 792
5 136 1466
7 144 750
3 88 385
2 123 272
5 102 244
7 44 2843
4 136 673
7 146 2580
7 41 452
3 113 796
4 52 561
4 129 1840
7 141 2023
7 49 2244
6 140 1132
3 134 1655
4 45 1200
3 95 260
1 29 2173
4 77 2899
7 125 1413
4 31 2431
