400
3 190 2518
5 170 178
6 121 307
3 37 2459
4 154 1374
2 178 1305
6 169 2174
7 213 1269
2 174 583
7 186 980
4 46 1842
1 112 1826
3 92 2333
4 195 1678
4 41 866
7 99 2891
1 231 1707
4 162 462
2 228 271
6 69 1924
5 63 714
1 156 1311
3 209 1723
7 237 2588
5 90 1649
6 217 2609
1 231 315
1 217 2047
4 238 216
6 101 308
2 232 2658
3 95 1903
2 72 2552
7 53 1234
6 89 591
3 100 1437
2 91 607
2 221 887
3 45 1153
5 218 2723
3 37 1030
1 122 1299
4 236 2036
6 228 799
4 100 649
7 119 1543
2 122 1084
5 0 795
2 96 1676
1 3 1040
4 143 1949
6 21 381
2 48 1029
6 6 2723
5 177 271
6 27 1052
2 141 2726
6 53 2480
5 75 675
1 60 2627
6 118 1885
1 9 1972
1 102 2030
4 47 2898
3 66 638
7 234 2079
7 237 2286
4 62 191
3 25 2461
4 170 2503
7 221 2485
4 219 255
4 234 1279
7 27 2531
4 229 2234
6 1 2798
4 165 1204
3 85 1449
1 105 682
6 140 2595
1 134 1038
4 27 353
5 195 2933
7 163 1214
7 39 1751
3 6 590
3 211 1538
7 216 2429
5 208 2739
6 205 2070
5 222 370
3 23 706
3 236 604
4 39 1305
3 55 955
2 123 2855
2 19 505
1 131 500
5 28 1004
7 45 850
1 71 1261
2 179 473
7 177 1109
6 208 555
2 107 1132
4 19 327
7 22 151
4 121 1287
4 141 2791
7 150 1255
1 42 911
7 166 2205
6 48 1938
1 176 2221
3 93 1832
5 70 2531
6 134 2443
1 85 1511
6 4 1067
6 37 465
4 9 438
1 111 1192
6 188 855
1 89 570
2 186 281
4 91 271
4 2 2051
4 190 836
1 12 1853
5 77 2847
2 33 1028
5 53 1051
4 211 485
4 122 714
5 188 2812
7 182 2657
3 86 1156
3 90 2989
4 166 321
2 184 2377
3 219 1827
6 163 1173
5 160 829
5 86 216
6 7 503
5 91 2185
3 240 2424
2 146 1987
5 109 1040
7 198 1562
7 140 150
6 105 2835
1 63 799
6 135 2627
6 127 670
5 88 1391
4 61 2776
3 126 876
4 71 602
5 20 2756
3 57 2129
3 205 1827
7 206 1515
4 55 790
7 88 869
5 15 226
1 237 1834
3 54 1970
7 152 296
1 18 1151
6 193 730
2 22 363
6 45 1588
2 100 1559
4 234 204
2 25 1465
6 176 2702
7 4 172
3 168 2825
6 61 734
5 132 2909
4 155 540
2 87 615
3 118 2606
2 88 2017
5 187 2503
6 3 1419
7 176 2608
2 40 2862
5 208 2065
7 48 2957
1 52 1765
7 103 738
2 3 1031
4 202 2825
4 220 233
7 19 358
2 129 2015
7 122 2642
2 83 786
2 0 2881
2 137 277
2 91 1703
7 83 2377
1 85 1064
5 105 2878
3 26 1206
5 218 1898
1 31 1591
3 51 872
2 66 2525
3 78 1605
4 64 2493
2 124 949
5 179 170
1 93 1159
4 181 2670
7 14 648
3 56 611
2 74 2653
4 165 2361
3 160 2770
2 178 235
1 59 2434
5 49 755
7 81 1061
2 238 2149
7 118 2219
3 96 413
1 93 1978
7 166 896
7 223 2055
7 18 1821
7 82 1900
3 115 1350
3 235 2004
2 201 119
2 117 1078
7 220 1270
1 104 2271
3 42 1597
1 161 849
3 114 681
2 8 2630
2 51 1199
7 6 2092
1 90 1595
2 235 669
7 136 2440
7 217 854
1 6 453
1 199 188
4 75 2910
1 106 260
7 199 1562
3 185 436
4 60 1326
2 152 1650
2 142 2591
5 117 2826
3 139 1381
2 69 2316
6 164 1407
7 30 150
5 214 2232
7 5 2469
5 140 738
1 3 2871
6 104 2130
7 89 488
6 198 1924
2 236 220
7 182 2142
7 206 214
2 9 1383
1 195 2735
6 90 2281
4 67 1325
5 178 2563
4 10 938
3 116 2627
5 174 815
6 204 554
4 171 1410
2 118 632
2 196 841
3 153 2399
3 205 1791
6 155 1206
7 204 2468
1 5 1244
4 225 475
6 11 2495
7 205 2559
3 84 1473
6 15 1018
3 46 2729
3 107 1520
7 177 2766
2 105 2636
6 49 2150
6 105 1257
6 156 2102
3 214 1337
6 192 1415
6 166 811
1 143 1278
2 11 819
4 179 219
5 156 988
7 198 2666
2 8 1862
1 44 1425
3 236 1759
4 199 139
1 221 675
5 105 1086
3 173 2127
5 72 361
1 34 681
4 100 2228
2 203 2456
5 175 448
7 190 1710
6 110 590
4 60 219
3 174 2350
7 207 2181
5 120 1818
6 240 2708
7 177 234
3 200 1592
1 200 1958
5 0 1887
7 97 2542
2 70 1213
5 195 1333
5 205 2985
2 181 1443
1 162 1608
7 143 2021
7 176 181
7 72 2544
3 59 987
7 17 1445
3 104 1087
7 190 1236
1 144 2386
7 122 1312
4 221 2846
5 97 423
4 92 296
4 194 2205
3 210 2444
2 140 2928
5 151 313
2 223 168
7 73 2846
2 239 709
4 191 852
4 61 512
6 123 1320
1 81 1246
1 203 2995
6 42 1731
5 78 2843
4 118 1702
6 75 2743
3 231 2142
3 72 1983
7 205 1115
6 3 855
2 54 1398
7 219 1013
1 13 1169
3 233 377
4 63 1909
4 182 765
6 171 2035
4 104 2032
6 167 941
4 162 259
7 98 1272
6 65 1499
6 109 1722
2 110 426
4 72 2797
7 20 2389
7 164 930
5 17 633
4 29 427
7 36 2660
4 104 1436
6 148 2297
7 178 2064
5 179 2984
3 167 2430
7 153 1604
3 144 2756
4 65 2995
