200
5 102 1006
5 27 2958
5 47 434
2 93 1988
5 8 2222
6 70 2126
3 109 811
6 81 939
5 58 2128
6 87 2217
4 95 2321
5 31 2222
7 20 456
3 50 2952
3 91 2411
1 51 464
6 43 804
5 117 1782
1 71 2199
6 6 2597
4 21 512
7 53 880
7 58 1356
4 68 787
5 15 2227
7 102 1837
5 106 2170
2 88 758
1 69 2416
3 76 1765
6 91 526
1 58 479
5 42 422
2 10 1401
3 12 1118
7 13 2850
4 94 555
3 107 2321
3 12 1463
2 19 429
7 76 1674
2 4 1462
3 37 608
3 70 614
7 51 817
4 104 974
2 42 1163
5 6 577
1 106 1128
1 87 2429
7 76 968
2 51 1943
4 59 293
5 24 2881
6 92 500
4 64 1832
7 40 327
6 59 1184
5 34 2946
2 3 2254
5 54 1001
2 113 2506
5 77 184
3 5 2614
6 57 1762
1 91 2536
5 55 2418
2 27 2911
4 88 1536
1 7 2023
6 68 2050
2 87 1713
5 90 1878
1 68 1583
4 41 2555
4 80 1577
3 61 2279
7 66 1973
2 51 576
4 32 789
7 49 304
4 42 180
6 80 1461
6 66 2637
6 36 875
2 57 1019
6 96 1198
2 6 485
6 52 1133
1 57 1833
5 71 1186
1 36 2724
3 54 1363
3 78 2598
6 12 2665
1 13 2798
3 118 2726
7 65 1472
4 95 1397
7 44 1920
4 76 436
3 60 1205
3 6 2436
6 56 2512
2 77 710
1 43 2067
1 34 2307
3 37 982
5 69 956
7 92 879
1 63 2084
4 116 475
3 6 2629
6 89 2452
5 109 402
5 22 545
4 105 1457
2 71 714
2 73 161
4 7 656
6 72 2467
7 88 2966
4 88 449
1 18 2312
6 40 345
5 60 2805
5 82 821
5 54 327
7 99 2734
6 39 1486
3 119 830
7 60 2321
3 101 1653
4 25 129
6 44 931
1 21 1661
4 11 778
7 83 225
1 81 1791
3 11 1243
1 30 2659
7 59 2632
1 54 1656
4 43 2127
3 108 1495
7 97 1826
2 25 1410
6 38 772
3 101 612
7 25 273
7 40 1029
7 117 501
2 52 1529
7 100 1197
6 102 1496
6 12 474
1 94 789
4 2 2650
3 116 2878
5 70 194
3 98 2492
2 117 1756
1 32 613
6 64 2086
7 10 2987
5 107 1290
2 52 2704
5 37 1395
1 27 654
4 110 2513
4 23 716
1 53 2818
3 46 1981
6 46 509
5 42 2884
7 10 592
3 37 1154
4 86 1077
5 23 430
5 22 1120
3 12 475
6 3 2312
4 115 922
7 2 1712
2 51 769
1 87 2531
6 115 1793
7 89 740
2 63 1279
1 14 1018
3 56 728
2 119 953
1 39 738
4 25 2723
3 111 2440
4 117 808
2 118 1970
6 77 952
5 54 125
3 95 1295
