100
1 18 1531
6 16 2264
1 21 1527
4 40 852
1 38 2195
1 13 2989
7 34 1478
7 26 2600
2 30 791
1 14 1757
5 55 960
7 34 2236
1 55 1033
6 58 1905
4 28 1585
3 31 2914
2 36 2466
4 9 2669
5 5 1962
7 45 2304
3 5 2826
7 16 1031
7 34 885
3 54 1424
1 20 2157
4 21 2842
4 21 2814
4 10 190
7 29 2980
5 29 2254
3 8 2621
6 22 1428
4 9 1891
4 42 2888
1 16 1486
7 2 1444
1 10 2833
2 21 1954
5 3 1578
3 51 2327
4 57 2389
7 14 2385
2 2 706
1 19 2876
6 7 1753
3 28 2066
1 59 1417
2 32 155
6 50 866
5 4 668
5 39 2329
7 36 244
1 38 704
5 15 1886
3 15 1173
5 59 2241
6 37 1466
4 44 990
4 43 1413
5 37 899
7 24 2679
3 21 1690
2 60 112
3 19 2924
2 17 1515
7 12 1687
5 27 1419
6 55 843
7 36 1097
5 51 517
1 17 881
6 3 2991
2 42 2005
6 19 1291
4 45 1315
1 47 972
4 43 1614
4 7 1518
1 43 2026
3 43 526
5 8 633
6 14 872
3 57 2049
2 21 1794
6 57 983
7 13 2530
1 14 785
3 19 1500
3 4 2018
5 56 760
6 7 2322
6 27 1517
3 0 549
7 7 564
6 10 666
3 6 1774
6 39 1711
6 35 1188
1 11 2753
4 49 251
