500
4 4 1499
4 267 914
7 205 2897
4 60 343
6 152 919
4 13 263
5 256 1697
5 124 2546
4 14 873
3 233 443
2 193 1587
6 152 2880
2 108 1924
1 120 2440
7 251 2484
5 267 2211
5 283 1512
1 58 1565
5 156 2203
5 248 2470
6 168 2959
7 106 910
1 266 1754
1 70 1397
4 248 335
7 59 2818
7 196 1298
1 182 2066
1 266 1904
4 208 812
7 5 455
3 294 2428
4 122 2508
2 121 778
3 44 479
3 247 1561
5 82 1270
4 224 2445
6 178 1223
7 114 1364
1 5 1344
5 241 2613
5 258 2033
2 243 299
4 182 1289
4 218 759
5 193 1985
6 286 547
5 190 196
2 163 1047
5 26 692
5 238 2366
2 241 1939
3 268 596
7 68 2758
3 253 2534
3 145 1717
1 149 179
2 172 342
2 94 1052
5 249 1403
6 65 2333
1 246 1542
3 154 2941
7 124 376
7 141 2222
1 247 1686
1 246 2216
3 245 1493
5 118 2602
3 19 1600
3 136 2165
7 162 2267
3 182 166
7 232 2807
7 148 188
6 229 927
6 31 313
6 167 859
4 78 2826
1 104 2563
5 274 586
7 71 928
7 134 419
3 275 1951
3 20 1078
1 192 2237
3 261 1687
5 142 2162
2 54 2344
3 269 411
3 186 2372
5 0 1160
4 10 2392
4 84 1351
3 116 456
4 285 1322
7 191 1377
1 169 1427
4 143 1979
3 71 2545
2 77 2374
2 58 287
4 122 2544
7 1 2484
1 173 2707
5 194 2632
7 41 2291
1 244 446
2 1 831
5 282 578
2 113 467
7 238 867
2 143 1841
7 110 1027
4 255 490
1 57 1928
4 298 2608
5 225 2456
3 111 2918
7 263 1605
6 101 2608
7 296 681
1 218 2462
5 28 1063
4 288 516
3 215 782
2 5 1405
6 165 792
1 41 1712
2 131 390
6 81 687
7 88 315
6 121 1289
6 277 2332
3 124 1670
6 11 500
5 144 684
3 300 2028
4 186 1583
6 109 2623
6 35 1500
1 212 2803
4 83 1155
6 48 1985
3 60 1887
6 238 1203
5 232 2495
5 52 453
4 54 627
7 60 1076
4 105 2458
2 0 1374
4 121 1310
2 238 1240
1 88 2945
1 84 931
1 86 2152
5 141 2002
6 207 576
4 169 337
1 242 1609
7 192 1795
5 152 2106
1 12 648
5 191 1686
1 108 1277
4 136 1633
3 14 2680
6 17 2200
6 177 399
1 15 1409
6 240 2642
6 20 1938
5 159 1806
4 201 2247
3 258 2966
5 33 1447
5 212 1092
7 207 865
7 99 1494
3 79 1494
7 271 1386
2 86 1547
6 149 791
1 20 2718
5 223 967
6 108 298
4 256 1790
7 111 1939
2 236 1830
4 134 2997
6 104 1399
6 96 1792
1 112 1090
1 98 1086
6 135 1054
3 251 2077
3 63 2827
3 48 719
6 251 1182
3 250 1123
4 229 1292
4 49 2179
7 273 2168
1 147 882
6 49 627
4 20 2157
7 170 839
5 230 483
7 224 212
4 228 101
5 256 2153
7 295 1624
3 289 1704
3 219 2363
2 181 2655
6 124 1195
5 3 1834
2 288 2075
5 74 650
5 291 1052
2 213 922
2 75 2304
1 52 1861
7 118 1469
7 55 489
3 58 697
1 147 1707
3 78 2543
2 123 381
4 247 668
3 140 659
1 296 2522
7 114 2286
1 66 431
3 131 2913
1 151 865
2 300 1793
6 297 2621
2 142 2143
7 278 2141
5 47 2098
6 288 816
4 26 268
6 101 145
2 293 333
5 75 511
2 219 769
6 191 2349
3 262 589
3 30 1050
1 191 2608
3 231 1726
1 103 2013
1 44 683
4 22 2888
3 144 1333
6 178 803
3 158 1137
2 150 2542
3 40 1627
2 67 1851
6 2 1373
3 220 2241
3 159 2004
3 151 2479
4 300 2755
3 163 795
7 42 919
2 242 1142
2 68 1100
5 245 607
7 138 155
5 233 164
4 196 2796
7 265 2582
7 173 2784
4 67 1595
4 122 2334
5 133 1677
7 25 2941
3 190 2268
6 43 2228
4 88 2367
4 133 1633
6 166 183
6 35 2182
2 183 243
3 165 187
1 65 585
7 35 366
4 140 1147
6 270 1010
4 265 1193
2 115 2615
6 242 1019
3 143 2731
1 229 187
5 229 1165
5 210 2255
1 129 2839
4 132 164
4 158 1031
2 263 1303
4 130 2754
6 260 192
7 226 1480
3 32 2312
7 149 1664
4 78 1508
2 297 1577
6 15 1377
3 100 2526
2 134 2339
5 157 861
3 270 2354
6 187 2429
3 271 1301
6 103 652
6 61 105
6 145 1452
2 9 1442
6 227 2530
1 150 2657
3 60 1951
3 230 511
5 256 981
4 9 1524
6 167 2047
2 238 2280
6 209 1176
2 196 1289
2 68 1751
2 254 2106
4 206 748
6 231 2178
6 79 851
1 208 1834
2 3 2007
1 157 1037
3 267 1167
3 179 2076
3 140 1464
4 70 2472
7 137 1877
4 202 602
6 18 1608
6 248 2241
6 175 2762
6 175 2292
2 104 2268
5 234 506
4 86 2174
2 3 636
3 164 2274
2 40 2538
7 213 556
6 90 1326
4 77 130
7 17 653
5 167 684
2 212 1897
2 43 1279
2 204 2463
4 77 854
4 279 2247
4 235 1252
6 21 1629
5 54 672
6 246 1093
3 61 674
3 10 347
5 161 211
7 80 1043
1 3 550
4 2 1937
5 22 1535
5 259 1518
2 201 2150
5 213 2963
3 151 684
2 260 349
2 222 821
4 239 1024
3 28 2993
7 134 1519
7 99 649
6 282 279
2 52 2543
3 17 894
5 246 1553
3 46 1629
6 220 2033
7 86 1326
4 212 2340
7 42 2881
5 219 2276
2 34 1425
4 208 1927
1 195 2795
4 88 2852
2 201 1374
7 123 799
6 157 2427
3 85 1514
1 180 1626
1 47 939
7 275 1140
7 186 702
5 252 1817
3 121 1172
2 185 219
2 156 2520
3 280 1412
4 286 800
7 251 1727
2 298 1745
4 43 2143
7 272 2610
7 207 2723
7 97 1053
4 26 2691
3 115 2737
2 0 118
7 178 940
4 39 1846
5 71 1265
2 108 1498
7 104 2426
5 8 764
2 196 901
4 295 799
4 38 569
4 177 1841
1 252 1900
2 18 1907
3 236 2188
1 122 681
5 122 1753
6 129 1233
5 292 1517
7 5 2142
3 299 800
4 183 2755
7 67 2948
1 266 1049
7 26 2093
5 259 2722
4 164 595
7 72 2931
1 153 2064
6 159 1176
2 86 2486
4 26 391
7 156 1778
2 183 1809
6 108 2988
4 220 1222
3 135 2718
1 286 2981
2 269 1182
7 212 382
2 226 1584
1 87 1199
2 253 2847
3 188 420
4 300 2056
5 283 890
3 99 642
5 34 1775
1 167 889
1 237 2156
2 271 327
3 181 2954
2 188 2667
6 70 942
5 8 1406
2 95 1060
6 46 278
4 168 2750
3 62 2658
1 192 2357
5 88 1320
7 218 355
3 215 2784
2 22 2478
6 62 1942
6 225 1519
7 30 2539
7 107 2277
2 151 968
4 230 1797
2 159 2956
5 102 664
7 222 2591
1 206 1684
4 176 182
1 11 2342
3 244 1079
