50
7 4 2892
7 10 845
6 10 608
6 23 2202
3 20 548
1 27 2486
6 4 244
6 26 2474
2 14 894
1 3 2328
1 9 123
5 12 147
3 8 2614
6 30 2639
3 23 2093
4 20 2869
6 1 1242
6 19 2969
1 4 125
4 24 556
3 11 1336
3 16 673
3 24 2127
7 10 1694
4 14 1352
4 0 638
2 1 1678
4 14 994
4 28 1150
5 29 1999
6 12 1625
1 11 2736
4 0 2496
4 6 825
7 24 803
6 17 1792
4 17 2067
6 4 409
5 5 1402
4 0 436
6 11 2436
3 19 1887
2 27 2260
3 9 2448
1 4 2824
4 25 2017
1 23 1325
4 21 1153
6 26 105
5 6 664
