350
3 50 546
1 118 2395
3 37 1977
1 67 2802
7 19 1353
7 166 1958
4 78 2511
7 114 2356
5 165 369
1 26 1412
4 61 2825
1 204 2239
7 91 623
5 56 2792
6 120 873
1 185 687
7 45 621
3 82 2777
5 199 749
1 190 2864
1 148 1815
5 182 2583
6 195 1779
1 84 2767
4 185 2375
4 111 1718
2 124 870
4 49 1806
7 164 232
7 155 2638
1 153 1390
2 58 1233
3 26 1473
3 3 2691
6 12 2161
2 17 931
5 37 2446
6 53 2797
6 123 2794
2 137 2881
1 194 2303
7 54 227
5 132 2307
2 43 2487
5 34 1099
5 175 1633
7 140 1087
1 40 2128
2 127 1269
3 28 534
2 183 721
2 82 249
7 18 2815
7 150 748
7 108 787
6 19 2290
3 178 398
6 31 2945
2 68 2320
2 177 2978
5 114 1612
1 43 2624
7 98 2364
4 167 2405
3 131 2318
1 192 1562
4 26 2496
6 49 1696
2 191 2319
5 128 1719
7 126 2181
7 139 1047
6 126 791
1 168 2282
1 106 1303
4 187 1276
2 190 1570
4 71 1272
5 47 2222
3 48 1451
4 167 684
5 13 2885
5 16 595
3 69 912
6 181 1445
2 189 988
1 107 1867
6 126 2636
2 191 2747
1 10 284
6 198 1546
2 51 681
6 57 473
4 99 1203
2 210 2333
7 188 2093
3 202 2327
7 20 930
2 116 2056
2 148 2990
4 150 2875
4 90 2368
5 141 1794
6 84 549
4 113 1248
7 201 2078
2 37 788
1 109 1468
6 19 811
4 141 2377
4 140 811
1 81 619
7 55 941
3 126 2332
5 196 818
3 27 1313
3 2 2022
4 56 2939
6 14 1620
6 118 154
2 130 373
4 59 2887
4 29 1980
5 146 1433
4 52 2933
6 117 2833
1 147 1351
1 76 2305
5 82 2820
3 204 765
1 176 1162
6 70 2421
5 199 224
4 174 412
2 126 1221
2 2 2793
3 36 1242
3 35 547
5 104 1911
3 111 680
5 23 1036
3 131 950
3 30 661
2 52 2202
6 99 1764
6 145 810
5 71 2882
7 24 1710
6 110 1882
7 9 1108
2 172 1658
2 44 2028
5 11 924
6 153 2569
7 171 830
4 75 1516
2 158 1522
1 204 693
5 12 2116
4 0 223
5 183 2265
5 147 1599
6 191 1749
4 144 2124
5 158 469
5 175 1492
3 69 2056
2 163 889
4 22 2733
1 133 1553
3 76 1649
3 37 1695
6 114 1996
4 72 2856
2 46 2680
7 185 2590
7 54 2511
7 132 1152
6 10 2814
4 186 1354
3 48 2229
2 105 473
7 196 1825
5 30 528
7 118 2287
7 127 1548
3 5 1426
4 185 1870
4 51 2546
5 104 1845
1 55 420
2 62 1624
1 62 1800
1 33 232
4 151 1147
1 24 1578
4 152 2589
2 150 2554
1 111 471
2 82 2313
3 112 153
4 183 2825
1 87 2649
5 171 1629
5 36 1840
5 191 1083
1 8 937
4 153 2676
2 96 1089
2 209 1300
2 167 2228
5 64 2303
2 41 2836
2 112 390
2 183 222
1 87 2343
4 208 1006
2 193 2359
2 127 224
2 199 2064
4 0 910
7 197 1454
3 124 2631
7 180 470
6 50 1644
6 188 2775
5 25 948
6 75 331
3 169 685
6 81 965
3 0 1712
2 35 645
2 166 583
6 203 1030
4 171 2563
3 150 2601
7 116 2448
5 205 1369
3 176 2240
1 73 2115
4 174 107
5 94 1219
7 145 1377
6 166 2429
6 31 893
7 132 2757
2 56 2911
4 52 455
6 139 1664
7 44 1501
2 208 2097
7 111 2661
1 177 1016
6 145 2375
5 23 193
1 130 2991
1 188 617
1 83 1051
5 194 608
1 78 2563
2 91 1721
5 14 1609
4 44 759
2 18 2046
1 186 1554
7 2 2821
2 97 1294
5 80 2565
2 121 1868
4 20 1526
6 152 798
7 38 2363
4 4 2941
5 75 1889
3 75 711
1 126 2960
6 125 1267
2 167 2985
2 3 2132
3 17 2051
7 200 1016
2 60 1788
3 104 1806
3 79 699
7 196 299
6 1 642
2 128 1986
4 80 633
7 98 1257
2 157 1317
1 119 1163
6 42 2578
2 207 726
2 70 234
3 13 1890
1 146 1940
2 187 817
7 140 1848
6 188 2443
6 131 2293
1 75 524
1 143 1863
6 134 998
3 124 611
1 60 2688
4 21 2511
2 62 1607
3 11 2198
4 182 505
6 131 2121
6 97 126
7 94 315
6 53 1632
5 3 2202
2 48 1287
2 7 762
3 122 1031
5 132 587
4 84 2007
4 88 2184
7 16 243
5 204 2698
4 103 2463
6 20 1748
3 154 1411
7 26 853
2 95 1611
1 27 2298
1 78 1816
6 15 248
5 19 2147
4 113 1971
7 113 1120
1 5 1540
1 121 836
5 201 1562
2 126 2303
1 120 2368
6 82 1445
3 185 2125
7 9 1436
5 35 1797
5 173 201
6 136 952
4 199 2837
7 39 441
5 81 2559
4 157 1795
1 33 1695
7 94 1477
