450
3 51 1895
6 142 1080
4 252 2779
1 211 1318
2 176 556
3 36 2410
5 68 2980
1 24 1116
7 1 2875
3 85 1065
1 79 2029
5 227 1306
4 103 1779
2 70 2286
4 43 837
4 229 2280
4 54 1509
7 82 2759
3 73 846
1 212 2016
5 156 1187
5 257 2973
7 39 2419
6 105 2443
5 8 2968
2 196 2182
1 102 2461
1 88 2653
2 237 560
7 45 1719
7 106 1407
3 68 683
1 251 1126
7 230 915
7 50 2161
2 133 2918
4 101 121
2 156 549
4 216 1441
1 58 2285
1 242 1874
4 150 1578
1 74 550
7 38 2367
4 239 2988
7 226 364
1 155 1423
3 88 1249
7 123 2286
4 232 539
1 22 2888
2 175 1930
4 236 1565
3 208 1707
6 234 2170
7 203 2844
1 79 671
3 3 845
2 87 928
4 260 1151
2 83 2160
4 58 643
7 118 1160
3 101 2501
1 115 2069
7 211 148
5 2 2691
6 250 2782
2 153 1351
3 116 2504
5 183 270
3 265 1695
7 15 2871
6 191 124
4 142 875
7 107 1972
7 109 2077
6 26 642
5 209 900
4 95 654
5 209 2559
6 99 2501
3 22 1886
3 141 2416
1 18 494
3 86 2091
3 79 594
3 71 461
3 0 2189
6 26 364
1 253 2299
7 18 704
5 96 866
4 84 175
3 150 1610
7 243 2946
3 229 2046
4 225 1824
5 16 2886
6 121 1853
5 68 1521
5 185 2483
4 185 2499
6 192 787
2 6 1875
6 65 2942
4 65 220
7 245 2634
7 102 2998
4 26 1184
2 217 1957
3 224 2419
7 244 1766
1 74 961
4 211 2257
1 99 1466
2 85 2991
4 199 2100
3 52 1765
7 185 749
5 141 2630
5 73 2860
2 111 1171
4 117 384
5 42 2823
3 266 2397
6 115 1188
6 12 1535
2 199 2954
2 127 602
3 81 1019
6 268 982
3 35 1053
1 194 1027
1 258 1614
6 127 2538
3 222 2346
2 53 488
1 250 1205
2 247 761
3 204 2518
4 94 2320
4 69 1256
6 5 511
4 151 1131
7 27 2390
1 216 2465
6 244 1768
4 243 2628
3 55 727
2 152 2165
7 160 287
4 146 368
2 2 2364
3 157 1211
6 92 882
3 180 893
1 181 2445
2 171 744
4 245 2129
7 249 902
1 232 1029
7 238 1688
3 193 2209
2 226 742
6 245 1796
5 109 760
7 105 1295
1 261 1430
2 259 931
2 113 530
3 184 1441
3 59 388
7 53 1892
4 231 2466
4 7 1056
3 132 1557
7 201 973
5 240 1501
7 233 1375
1 64 1605
4 74 489
5 252 2874
3 232 1004
1 12 1174
5 38 677
4 26 1060
6 111 1733
7 72 2998
3 118 2947
7 35 1958
3 195 1913
2 84 2572
7 105 2148
6 91 614
2 102 1370
4 56 160
7 162 1582
2 32 2057
6 80 2337
1 48 2618
2 112 2662
3 77 694
6 19 1173
5 229 2153
7 43 1378
3 267 296
4 172 2840
6 178 1138
7 91 1928
5 217 537
4 242 1427
3 65 369
1 0 1068
7 57 1459
7 221 2142
6 180 2989
1 144 765
2 106 584
3 66 910
2 86 758
7 236 1546
6 136 1234
7 65 2171
4 45 1121
7 0 2126
6 250 1761
4 165 2108
1 69 2020
4 139 2043
5 238 2274
1 53 1651
3 33 1254
5 202 2354
4 91 2890
4 57 1516
7 178 1018
2 216 2022
4 158 2396
5 162 280
4 132 1581
7 161 2094
3 129 1873
5 191 658
4 160 1955
7 182 856
1 162 1091
3 156 1037
7 72 299
6 157 1925
5 85 422
6 196 243
2 99 247
1 43 937
6 96 1237
7 69 839
7 209 1875
1 166 2937
5 252 1655
2 112 408
7 262 1263
7 55 1316
2 54 2366
3 201 1517
2 139 2507
4 222 1216
3 175 429
3 100 1372
5 88 1469
2 177 1894
5 109 2204
5 246 203
2 114 2195
3 211 2560
3 159 2970
1 265 149
1 126 443
4 56 2783
3 139 1413
1 136 760
5 36 787
4 87 736
6 14 1720
3 238 667
7 27 2260
2 104 1736
4 173 2138
5 190 2485
7 133 1170
5 32 187
6 208 1024
1 44 1263
7 29 2589
2 65 826
1 160 2028
6 109 930
3 170 208
5 116 1872
3 57 1193
6 157 666
6 98 2238
5 33 1499
6 171 2853
5 14 2552
5 199 896
4 105 1031
1 19 351
6 171 1697
2 237 1058
3 33 2530
6 143 697
1 253 2483
4 232 2297
3 240 1241
4 167 196
5 80 1297
1 99 2396
5 6 2076
2 144 246
4 132 2377
3 267 2876
5 65 2845
3 166 135
2 51 1884
2 172 1490
6 269 2046
6 4 2307
4 124 1742
1 13 2731
2 93 239
6 268 2011
7 242 1772
6 203 1836
1 187 808
7 162 1637
4 116 2782
6 239 1947
5 23 512
7 255 1739
5 97 2702
5 174 1707
4 139 1738
1 124 318
4 188 1280
7 261 2702
7 37 2311
5 230 2867
5 174 796
6 140 466
5 21 1581
5 20 2106
3 178 868
3 177 916
2 51 2002
4 106 2654
6 195 2344
6 162 136
5 94 2118
4 143 1992
3 35 463
3 233 2614
1 231 1662
2 72 2013
1 240 384
1 93 613
2 188 588
5 89 2963
1 66 1684
2 206 2699
1 128 388
5 148 579
2 95 603
6 263 268
5 45 1516
1 224 2854
7 12 141
6 152 2249
3 225 1305
4 182 1778
3 99 1387
7 56 1286
2 102 501
5 97 2011
1 49 2234
1 47 333
5 220 2251
5 256 789
4 150 1555
5 108 473
6 205 1755
2 112 1010
3 173 2898
1 108 492
7 253 683
4 131 2626
3 110 1490
6 169 2207
4 237 984
4 88 2512
1 122 2696
5 171 2742
4 103 1055
7 200 674
7 125 1696
7 140 779
3 248 2150
5 169 148
1 230 1159
2 188 2634
2 265 2530
6 31 2464
4 164 1079
4 74 357
7 17 922
7 259 2242
3 23 1159
4 270 1512
7 237 2674
6 194 838
4 35 2839
1 79 2775
5 263 955
5 250 1542
6 95 932
7 269 439
1 140 1017
2 48 1195
3 157 825
2 143 2971
7 34 1565
4 79 198
6 158 1947
3 24 115
2 266 1974
3 123 2087
7 138 858
6 126 1141
6 166 1492
5 216 388
7 167 1121
2 91 937
3 10 2485
7 0 1086
7 207 2844
3 161 2655
3 201 201
7 235 2013
6 35 1524
4 255 771
5 176 2737
