300
4 10 1025
7 8 518
7 104 2741
6 168 470
2 83 1803
3 90 438
5 170 371
2 101 891
2 72 452
4 2 677
3 91 2549
2 100 156
4 152 2828
3 72 1823
1 89 1825
2 7 654
1 153 921
3 111 644
7 147 1355
6 143 2736
7 112 1338
4 7 905
4 113 2475
4 129 2473
6 43 486
1 51 207
3 154 778
3 129 2310
6 152 2825
1 86 1017
4 117 1224
7 154 173
1 75 894
7 55 340
3 9 2062
7 153 2626
4 66 1845
6 91 464
1 130 2123
1 46 1482
2 70 763
1 115 116
4 156 986
7 57 1357
4 83 1027
1 74 1621
6 169 930
6 26 1560
6 140 1000
6 33 2946
2 160 2521
4 73 1443
2 57 1124
3 122 728
2 103 148
7 172 1904
2 32 1206
5 149 1874
2 84 2012
4 173 2704
2 19 1461
7 59 2976
1 127 507
7 142 1702
6 64 589
2 126 1514
5 19 1947
7 111 2931
4 153 2413
3 66 2970
2 113 1453
6 78 2195
3 145 504
4 151 1784
2 82 887
5 14 2250
3 69 1806
3 30 2450
7 94 139
3 174 2839
6 44 2121
5 98 2405
4 42 512
3 163 2844
7 12 1889
5 123 734
4 16 682
7 114 1808
6 154 1527
7 30 608
4 63 1175
4 42 2978
2 115 1162
2 17 1798
1 111 185
7 58 676
4 106 1424
6 89 2767
5 112 702
2 23 2479
3 135 2347
7 136 2903
6 71 1169
2 51 680
3 113 1148
7 33 2239
3 113 1033
6 91 2654
6 86 1466
3 146 1461
3 150 296
6 16 726
4 95 698
3 31 2211
3 145 2748
2 81 111
4 5 724
2 143 2550
5 58 2944
6 65 1430
4 89 2742
7 78 551
2 71 293
5 5 2426
6 62 1789
7 5 1352
2 93 1749
6 146 695
3 82 2099
3 24 890
7 70 573
7 24 1214
7 166 2006
6 108 136
6 122 140
3 103 502
7 23 857
4 169 1011
3 116 1453
3 61 2089
1 4 2044
4 29 2559
3 8 1664
1 43 2657
3 63 549
2 142 1747
2 136 145
6 9 2174
1 76 1522
5 150 663
7 105 767
5 170 957
1 145 1601
5 112 271
3 179 1922
2 140 2079
5 163 389
3 143 258
1 142 2847
7 177 2128
4 61 1215
3 112 1535
7 40 2260
5 27 2319
4 46 2840
1 41 1007
6 119 1192
2 175 2559
6 171 821
3 5 1561
3 58 1432
4 155 1502
6 122 2127
3 13 2106
5 53 524
2 159 588
1 100 2960
6 53 2553
7 92 2436
3 61 2374
1 113 2682
3 44 2513
6 119 1771
5 43 1274
7 121 2158
7 11 1865
5 153 2926
5 92 2893
3 159 454
1 112 1756
4 156 1564
6 1 618
1 107 125
7 144 191
6 66 571
1 87 2703
5 128 918
4 122 510
5 53 2076
2 19 1540
6 140 2631
3 168 2695
1 73 202
1 173 1205
1 0 446
6 69 2318
4 53 2418
7 160 2996
7 95 269
5 71 436
1 103 2195
5 9 1854
3 41 282
6 60 1899
5 167 2480
5 109 1924
5 74 257
5 122 863
3 84 608
7 161 1809
6 80 1092
7 170 2966
3 138 1591
7 73 477
7 175 2124
5 170 2524
5 83 2885
4 177 2255
4 126 2012
7 164 1877
3 14 1131
3 78 687
1 18 2320
7 71 286
5 135 828
5 8 2566
4 63 2940
6 158 820
7 64 262
5 41 968
6 88 978
7 171 2177
3 125 1027
6 83 335
7 6 2827
1 7 1848
3 63 509
5 151 1736
4 29 1055
4 124 2040
4 144 2039
2 86 2899
5 177 1659
5 133 2971
3 77 463
1 156 2893
5 140 2185
3 64 1968
1 52 684
4 144 1513
6 55 2691
5 11 796
4 6 1078
4 179 1850
5 55 1653
2 80 437
7 44 1481
2 52 1176
7 93 559
2 27 2038
2 60 499
5 158 632
7 151 320
2 0 2490
2 128 176
1 134 469
2 2 2861
5 6 988
3 63 2375
4 34 2200
1 103 1630
7 58 1697
3 66 112
2 180 195
1 13 1322
6 155 1745
7 112 920
4 61 2156
4 72 1321
4 170 1372
1 53 2754
4 140 1049
7 118 2834
7 164 1042
5 176 1444
3 5 2025
5 18 2618
2 52 1162
6 24 877
3 2 1441
