150
6 89 2066
2 53 612
2 18 2224
7 89 378
1 53 1710
2 30 1600
5 25 1037
3 68 246
7 46 2526
5 75 1671
5 44 113
4 2 2902
7 85 2545
6 38 1544
7 86 1856
6 8 1399
4 12 115
3 54 1362
7 69 925
2 59 1562
6 50 919
1 50 2508
7 47 1051
6 8 2367
3 86 2155
6 5 2854
6 17 2166
7 78 1087
3 72 138
3 10 1274
1 37 789
2 7 366
5 59 947
6 40 1791
1 26 1823
5 63 1647
6 80 1462
7 16 373
6 46 490
5 39 2637
1 29 632
2 28 835
6 67 2355
2 7 2078
1 59 2473
7 53 1554
6 81 1294
6 28 1096
5 47 1896
5 82 1998
3 32 2237
7 88 2497
5 77 2867
5 82 322
1 28 1094
6 48 1419
6 85 1737
2 67 2529
6 1 769
2 89 2160
4 58 1908
6 9 1595
6 10 1548
4 25 2316
5 49 1608
1 0 2275
3 75 1110
4 45 2150
1 46 681
7 22 2218
7 67 1391
3 3 1336
3 4 2689
4 32 2454
4 25 749
6 20 1002
3 7 815
3 77 420
6 7 2770
3 21 1843
7 14 1919
6 38 2405
5 10 2923
5 32 1309
3 79 1992
1 65 577
5 72 1880
2 23 2156
1 48 2773
3 30 957
7 50 1871
3 67 933
6 76 1352
6 7 603
3 80 2398
6 39 2929
6 47 1674
3 53 146
7 51 996
1 4 1453
3 54 1653
5 31 2840
2 25 1688
7 66 1654
4 75 2664
4 31 2097
7 72 143
5 26 1305
6 46 149
4 52 1398
1 50 2426
5 34 393
4 44 1915
3 23 991
7 49 2885
4 32 138
5 34 1240
7 48 2741
2 17 458
4 34 153
6 61 1703
6 51 2656
6 14 1094
2 68 629
3 4 1858
7 38 2257
6 58 235
5 86 212
4 4 1394
2 28 1112
3 70 1739
2 59 658
7 61 2640
2 51 1474
1 35 2115
4 37 2863
5 46 2834
4 30 488
1 32 491
5 13 438
5 70 1009
2 33 2657
2 4 1443
1 26 796
7 17 1890
2 45 524
3 26 814
1 8 857
7 25 377
1 77 2128
