200
27 442 27
19 0 29
11 638 49
22 432 32
39 297 35
28 708 37
24 277 42
30 616 43
1 298 47
18 262 41
18 162 46
20 327 49
22 875 29
18 51 34
26 0 43
42 272 26
27 158 41
16 780 38
25 710 30
25 525 31
32 374 30
21 919 41
21 444 32
26 723 46
16 594 49
25 100 46
15 590 37
27 897 46
15 147 34
15 1015 50
40 880 25
18 146 45
22 212 46
21 826 49
25 574 45
27 436 43
24 451 49
23 846 41
31 953 41
26 888 38
21 713 40
24 735 50
28 810 29
34 648 28
21 276 37
27 349 44
27 613 41
24 552 40
31 110 33
24 705 25
29 947 38
40 615 42
31 706 35
24 442 41
28 825 25
28 39 44
31 0 29
29 916 36
8 1064 47
23 284 35
28 17 31
19 12 26
5 1069 42
34 258 39
39 370 25
50 427 45
36 334 43
37 803 29
33 780 33
32 587 37
15 60 46
33 571 45
21 941 40
29 663 46
37 144 26
9 124 46
17 266 35
7 322 46
22 527 44
30 295 35
25 507 38
20 109 39
17 72 34
34 903 27
41 120 42
18 256 33
15 605 32
22 870 36
19 684 35
25 72 44
22 987 26
20 528 29
15 634 42
26 618 37
44 940 30
32 426 45
21 991 42
30 981 28
29 124 42
20 327 38
24 518 33
16 941 33
22 895 38
18 283 44
27 492 50
29 264 43
25 480 36
18 683 46
25 624 32
22 785 30
30 871 34
29 616 29
29 1018 43
24 378 37
11 320 49
20 438 48
20 578 46
20 665 28
31 727 29
30 30 49
1 830 26
25 686 43
14 192 32
23 926 32
21 126 34
32 41 38
34 300 50
20 273 36
22 714 32
27 938 49
35 733 31
23 514 39
24 438 35
32 230 44
36 0 44
11 80 41
10 876 41
26 506 32
22 971 43
16 155 39
27 968 35
12 143 47
43 52 42
13 566 45
18 690 37
36 802 36
14 813 32
21 871 46
36 123 48
20 477 40
27 306 28
42 591 30
14 154 27
19 1007 42
14 219 26
29 447 27
28 485 37
26 224 29
14 609 41
25 874 30
32 998 42
37 246 34
26 564 42
30 352 25
29 697 27
26 827 45
15 385 42
16 577 49
20 957 42
23 941 32
40 652 38
34 456 33
12 298 33
24 605 28
21 741 42
18 968 25
23 581 25
32 445 50
31 12 27
33 620 47
15 279 28
25 594 26
25 200 38
27 198 50
31 342 46
34 868 36
40 508 40
22 466 48
12 237 45
26 679 31
20 792 33
17 997 31
19 688 30
17 171 35
33 539 38
22 113 27
25 290 48
26 301 49
17 232 45
17 965 44
