250
22 1244 48
25 332 44
19 625 33
21 555 39
6 515 46
36 581 46
29 1156 39
31 1018 44
30 675 39
33 994 50
26 1144 35
32 897 28
30 562 36
29 0 34
36 609 39
18 347 49
41 110 42
24 124 45
11 1021 47
29 156 47
39 852 38
28 644 28
24 171 48
21 1274 40
39 321 27
38 259 41
23 0 41
12 938 39
16 1314 41
27 689 50
35 1073 46
25 459 29
6 886 38
40 429 46
20 711 40
25 1180 47
35 529 33
20 882 36
24 697 48
29 146 27
24 1003 28
31 1059 36
15 1326 45
18 659 36
32 1226 33
25 996 44
16 1275 31
9 1188 32
34 1062 29
23 711 30
19 73 46
21 828 46
7 1014 45
13 1199 33
27 1031 33
31 1259 36
34 594 29
37 478 42
16 581 44
35 1287 44
25 625 41
22 814 25
35 0 37
18 340 48
13 585 29
20 937 37
19 591 39
17 335 49
13 654 45
22 964 26
30 625 33
27 999 42
13 640 36
32 1305 42
19 1086 37
35 710 28
23 180 36
28 848 38
33 124 46
16 622 30
19 385 36
33 924 37
24 222 45
36 721 35
19 752 26
29 146 37
25 441 27
36 812 26
18 85 26
33 1306 38
25 692 34
39 31 32
20 612 43
24 257 49
27 729 38
42 62 48
29 924 45
30 782 28
17 900 37
18 799 48
48 1274 40
10 892 37
14 222 39
28 0 38
25 61 32
27 616 40
11 75 25
28 282 48
39 809 28
30 306 47
33 1184 45
37 289 35
22 1035 27
29 256 44
43 1216 36
3 507 27
33 354 32
31 1100 29
23 147 39
10 289 43
34 1241 48
17 1022 43
26 37 27
14 1149 33
17 446 32
39 1082 49
27 1309 40
50 987 37
29 1138 39
26 971 35
32 1052 30
28 1196 37
38 77 30
29 371 29
22 471 26
14 817 44
14 89 40
22 773 43
27 1236 36
28 503 44
36 1005 27
22 318 47
31 302 42
25 1201 48
28 1134 32
30 578 44
26 1240 32
37 86 32
16 152 37
16 522 43
19 444 47
24 566 41
20 351 26
32 245 45
24 260 32
42 709 45
21 51 28
23 5 29
22 1159 46
28 1289 46
14 965 30
28 1055 47
32 839 29
20 156 34
36 1146 38
29 622 38
26 1300 30
28 1107 39
27 271 49
36 723 29
27 303 27
42 194 35
28 214 46
31 640 37
23 840 44
27 199 48
33 41 38
27 1229 43
23 463 35
18 486 40
19 698 38
26 107 36
27 310 45
18 32 47
33 88 28
16 840 27
14 990 27
17 1138 43
20 70 32
19 733 35
21 457 30
34 203 25
12 1152 37
14 306 37
20 452 36
33 297 28
25 117 39
36 1 42
18 246 32
14 514 29
16 688 35
19 1037 38
15 111 30
17 523 46
13 1112 27
37 382 33
40 1035 30
24 231 30
25 757 31
27 280 42
36 963 45
30 1136 30
23 8 31
32 911 34
28 1184 41
30 674 42
25 905 30
23 933 46
17 589 38
28 488 38
19 377 49
24 1173 28
28 141 45
18 783 26
33 896 41
25 548 50
29 1101 46
16 305 35
35 1024 37
14 1206 40
23 607 43
12 1007 42
27 517 48
20 995 26
23 0 40
12 758 36
38 116 41
21 1165 36
25 1195 30
36 1215 37
28 561 43
28 105 26
34 61 29
1 1307 27
34 168 45
35 858 41
24 1169 32
36 224 49
13 1271 48
20 888 40
