400
20 2127 49
30 1243 28
23 443 47
10 1168 45
12 619 48
28 1756 36
29 1020 28
31 2102 25
36 2108 33
20 1069 43
26 400 33
25 726 36
23 783 42
26 1526 31
38 1737 26
35 677 44
23 89 43
23 883 35
40 1301 36
26 1704 43
17 480 45
25 1161 49
23 1227 47
35 1521 41
20 1064 42
29 325 34
32 1546 40
25 13 39
13 530 26
19 997 26
10 1510 47
22 258 45
26 1902 39
38 2060 37
25 1082 44
31 1947 27
35 42 39
30 608 46
39 222 26
14 288 38
29 1349 46
32 295 39
33 1317 49
26 484 38
23 591 35
30 338 49
28 1863 45
15 418 30
17 1595 26
26 1662 25
34 1615 29
37 533 47
29 505 40
23 937 26
30 455 47
27 2075 45
19 2036 30
27 1405 40
30 421 47
23 1314 44
11 2061 36
36 967 35
28 1395 30
25 576 30
28 1711 39
23 1819 41
23 595 50
34 900 26
22 949 49
21 978 36
3 704 26
5 896 39
17 1357 29
31 1114 37
20 71 32
34 1715 50
9 951 33
36 2037 38
31 1206 42
33 1227 42
26 1098 30
22 2032 34
22 512 37
15 323 41
31 748 49
24 599 47
26 1819 25
10 1166 42
35 2008 34
34 702 50
32 744 42
21 170 49
16 644 32
25 1151 30
17 33 41
14 213 42
26 241 46
22 1805 48
51 836 30
40 633 49
27 508 26
9 622 39
26 1417 33
26 1674 31
29 1628 49
34 52 26
24 996 32
38 1046 41
33 918 33
27 1470 26
39 910 32
17 552 30
14 640 36
9 18 45
43 783 48
15 1946 34
21 844 47
37 892 45
14 866 41
41 0 32
26 152 48
24 936 40
24 2073 47
28 174 45
27 634 49
26 102 40
24 797 36
32 888 40
35 1747 39
14 1928 42
26 1158 50
27 1646 28
33 1313 36
38 1277 40
38 811 43
22 735 40
23 464 28
25 1178 38
15 2090 48
17 1773 36
26 81 40
38 1084 39
12 45 38
10 116 46
22 1271 39
22 1468 29
31 8 25
18 1627 43
36 1631 49
23 228 25
14 1678 28
19 927 28
38 1815 47
22 1420 43
31 1639 33
31 1137 39
22 1633 45
24 1586 42
16 1227 47
15 42 40
26 396 26
20 929 36
26 1308 47
18 1989 40
35 2005 44
11 1703 45
24 0 36
14 792 34
21 24 40
26 1030 34
13 1603 26
12 819 33
20 2058 32
32 1666 36
32 109 34
54 1925 48
31 2069 49
11 305 49
31 1736 49
33 549 25
16 2088 48
30 30 32
35 945 47
26 1810 46
24 687 43
15 802 46
24 525 49
27 533 25
18 105 42
27 2069 31
26 1480 26
22 916 26
25 1623 48
41 765 42
31 299 37
17 1974 45
21 1766 41
16 1389 30
38 1469 26
22 173 32
20 1267 38
21 205 30
11 276 26
35 81 47
29 917 42
18 655 37
34 1101 29
27 1020 30
33 377 27
24 1810 30
18 178 34
12 1430 34
18 1673 49
16 999 37
36 2034 27
37 1750 30
33 1158 36
34 380 39
29 2003 29
24 1799 34
39 489 29
27 156 39
20 677 49
12 1795 34
16 434 39
25 1551 43
35 596 37
28 240 48
26 2084 29
22 1214 31
14 279 31
23 1409 41
20 1015 40
36 707 38
38 1204 26
37 0 47
16 1034 37
21 1260 33
15 680 44
24 196 31
29 2103 28
24 527 44
23 1531 36
21 968 44
28 1358 41
35 793 38
33 1380 39
29 950 27
22 676 36
23 446 26
23 1553 29
6 1771 41
37 534 25
30 567 48
26 1825 28
24 174 27
18 510 27
20 1961 48
23 2003 34
22 1148 46
15 1835 31
32 1515 28
17 1294 28
28 1794 33
16 684 35
28 94 36
20 208 29
22 1941 39
20 0 47
22 520 43
30 2036 31
38 534 49
38 809 40
21 791 39
20 2023 44
24 236 49
27 135 41
11 889 42
28 157 41
39 637 46
25 1392 41
22 181 44
22 627 47
27 368 44
16 946 47
30 1961 47
24 20 36
17 953 43
22 1049 46
19 1302 32
22 577 43
27 539 31
36 497 44
32 2080 38
13 1586 39
23 267 28
37 1006 45
27 487 33
19 335 46
37 341 35
22 1679 45
29 714 41
27 296 26
31 1731 40
15 2004 33
27 1260 45
26 1991 29
34 68 27
18 994 46
26 493 43
19 1681 36
32 2019 40
18 1141 34
5 646 36
6 716 39
43 1227 47
39 125 41
22 657 26
14 1459 38
25 684 50
28 900 26
24 1109 39
20 1464 35
23 270 35
26 1193 39
19 5 30
22 40 48
17 829 25
39 130 42
24 244 31
25 688 35
25 631 28
35 0 45
29 5 25
39 1765 49
17 708 36
33 1947 39
23 1469 29
15 681 46
21 627 38
24 385 26
18 2061 45
33 1951 32
28 2095 40
33 1971 34
18 1510 30
22 1183 25
22 1696 34
23 929 43
26 429 49
20 1636 26
15 1395 42
32 822 30
27 602 41
10 417 43
35 849 26
29 438 32
37 1272 40
21 229 36
37 758 42
24 673 32
32 129 47
22 1690 26
14 799 28
6 1340 38
28 691 45
34 1637 27
14 1302 31
16 1258 32
33 1451 34
39 1426 44
40 181 34
32 919 37
28 1236 45
45 1497 43
26 744 49
26 831 40
26 1894 37
19 89 36
32 1423 42
20 188 32
15 1324 37
25 1357 44
5 1375 47
27 1128 39
36 1257 29
9 846 45
19 1683 28
20 368 34
15 1984 47
36 1580 45
20 1158 31
17 596 34
18 1519 32
13 1385 38
32 1110 31
17 90 33
29 365 39
23 2076 29
33 1409 40
