500
22 477 30
23 279 49
27 798 39
34 2447 37
25 1927 46
21 2000 49
21 1233 42
21 114 31
13 1858 42
19 275 47
29 2475 38
28 2335 26
22 2486 28
23 2434 45
26 1441 25
30 1643 38
33 384 37
12 295 42
17 503 34
34 1180 31
33 2564 27
35 2271 39
21 64 26
43 2357 32
34 409 34
14 2084 27
17 2435 42
15 1633 39
22 1806 37
28 565 34
25 743 33
26 2472 27
28 1130 46
3 1675 41
20 2092 42
34 156 44
24 300 44
34 2499 48
34 1618 39
36 1779 47
34 2128 40
29 2584 42
30 1868 44
27 103 32
13 1729 40
33 993 36
31 2107 41
31 2271 43
33 1511 40
35 2081 44
31 1879 45
25 334 47
27 736 40
25 2204 50
11 1087 31
28 2390 39
30 2273 46
25 1284 38
36 225 32
4 2350 30
29 1040 26
29 978 45
25 760 47
21 516 36
35 1767 42
25 2122 27
18 2277 35
46 0 28
35 1304 46
24 376 27
19 758 32
32 1423 45
29 1089 45
23 2478 26
23 621 46
34 2295 48
34 1813 50
44 2410 39
18 1613 42
33 1747 29
29 1965 37
37 1039 46
29 324 28
32 1477 28
1 515 37
16 1865 47
34 2587 42
22 1704 46
31 2646 29
31 494 31
33 1162 26
11 2165 43
32 1587 45
22 466 48
38 1854 35
21 584 37
21 1160 46
25 2316 39
12 1875 35
32 728 39
35 1259 34
15 826 28
30 1444 41
25 379 49
14 1738 35
21 2180 38
35 1463 47
46 2329 33
15 556 38
9 2226 32
15 1746 33
23 671 47
50 1102 50
24 77 30
18 2360 40
27 1542 48
16 812 46
32 2416 33
47 143 38
42 1755 38
28 1266 50
27 832 41
31 919 45
16 390 29
35 166 29
25 2174 29
23 701 46
15 443 26
29 421 40
17 1402 36
12 1944 46
21 641 37
22 2200 43
22 2544 41
23 2077 37
28 1754 45
29 557 30
28 319 26
26 1713 45
16 726 35
28 1689 44
31 427 36
27 929 35
23 2160 46
39 2502 30
19 1956 29
40 1515 27
33 1600 45
28 1668 35
48 702 32
12 2073 44
21 1772 36
11 488 43
35 1132 47
21 2421 33
26 2311 30
26 2606 38
36 360 26
7 1405 33
28 1969 39
32 676 39
18 1212 42
24 201 25
19 1733 43
37 2342 27
21 9 28
28 1670 49
23 1999 31
29 2009 30
19 1786 43
31 1775 41
29 1909 47
38 2499 45
18 1332 41
24 1952 40
31 2415 36
45 214 29
26 390 42
29 2607 28
31 2317 32
22 148 42
33 2332 40
39 1403 47
29 1247 47
26 2519 35
21 2393 47
18 822 42
25 1360 40
26 2150 28
33 2519 45
17 2645 49
27 56 35
28 989 37
23 745 33
35 463 41
17 677 33
10 678 33
25 1354 49
16 1185 40
45 208 49
25 1668 33
31 705 50
33 758 44
24 1705 45
38 540 37
24 1235 30
20 75 30
28 1552 27
30 1438 26
21 193 33
37 1615 41
28 2050 27
27 575 40
27 1804 31
15 576 27
28 2516 45
16 2367 25
20 2459 49
31 386 27
28 2560 28
13 1732 40
16 2536 46
34 1240 35
17 1605 27
20 342 34
18 2480 34
20 1603 40
31 803 32
8 586 25
23 2281 38
23 2540 40
26 1819 26
23 1150 38
22 1033 42
25 2378 43
8 562 32
26 390 37
28 1318 45
42 1500 43
29 2124 35
45 194 45
29 399 32
26 1715 28
20 2262 29
15 943 27
29 565 38
10 1726 40
23 311 36
15 2019 49
30 809 42
14 1418 43
27 1534 47
21 708 48
17 27 41
30 2352 50
33 2291 49
29 800 27
33 1310 30
22 936 49
47 2286 29
19 481 27
33 116 28
21 1344 38
22 1135 48
10 200 36
6 369 48
22 1127 27
18 1185 27
21 558 43
16 2089 37
32 2562 38
42 986 41
20 579 33
37 151 46
30 351 46
37 252 44
25 865 43
13 2388 35
24 1397 47
25 707 36
12 1498 31
3 2609 30
22 2237 43
29 301 31
19 1341 50
24 229 47
28 943 45
38 274 41
22 554 27
19 1971 28
15 1616 28
35 2238 34
23 1085 46
25 1347 35
26 99 44
43 685 45
24 429 48
28 2102 44
15 1777 44
26 794 38
39 1752 44
44 1270 26
10 595 49
24 1174 37
43 902 39
11 1330 47
11 2376 40
27 2111 35
24 2544 40
11 1217 31
29 701 45
15 2180 27
18 33 37
21 1729 36
33 365 36
29 1794 40
17 1104 27
47 828 31
25 1458 47
25 117 41
6 1115 44
25 1142 43
30 1965 34
35 2381 28
35 533 46
16 987 49
32 1820 41
20 1916 49
33 242 50
10 923 26
20 1172 47
39 404 36
21 462 41
21 4 32
11 2640 43
48 997 36
34 1154 41
22 2327 50
36 1089 44
17 2615 31
25 1808 45
27 944 31
37 1273 31
20 1455 25
28 1598 45
23 558 26
18 2025 50
35 1906 25
17 906 42
16 2069 37
9 285 38
30 2228 43
13 1291 47
27 450 31
19 795 39
20 46 40
26 1199 37
24 2234 40
21 660 42
14 2078 39
26 1899 30
28 994 42
14 2359 32
20 382 45
21 1887 30
10 1977 36
26 2532 34
24 419 27
31 1987 34
20 1377 27
17 2666 47
18 621 30
23 188 49
35 453 49
14 2570 42
29 1589 41
21 2351 40
35 756 33
8 2370 31
33 1139 28
29 531 31
25 1735 29
27 886 26
26 374 34
5 655 31
25 2475 49
36 259 27
34 109 26
26 954 46
34 1643 30
40 2148 40
24 708 39
22 1816 47
5 1717 30
24 1340 42
24 2214 40
43 1124 48
21 777 26
31 1073 25
21 1039 27
42 1455 33
25 393 29
25 2355 31
27 25 43
26 1436 41
28 561 25
27 2370 39
10 1806 44
23 1130 33
47 2257 33
22 1642 28
32 2558 45
28 114 44
41 922 30
34 2220 26
26 387 40
19 1054 37
31 2041 39
8 1249 30
29 711 31
49 675 29
11 1036 50
29 782 38
36 542 44
31 1452 27
23 547 45
33 1097 45
32 1937 34
20 1905 27
29 1194 50
30 1050 49
32 2173 26
31 1172 41
13 349 47
29 1933 25
14 1291 26
16 1189 48
39 927 32
27 2466 46
17 2340 31
21 792 38
17 2653 33
26 2132 31
27 1962 37
27 678 50
25 334 48
26 2009 34
22 2262 28
13 1046 31
26 0 46
25 1665 27
19 2081 31
14 2109 41
28 1877 38
29 1796 32
31 1202 35
30 414 37
19 1172 42
21 2553 46
16 2453 42
30 2355 30
23 1956 35
18 1731 40
28 2435 25
28 2264 27
35 2015 34
18 2312 33
18 219 42
31 1819 29
23 793 31
26 455 34
17 1517 26
33 863 34
10 1590 25
27 2385 37
23 2408 44
13 1114 40
11 346 48
23 938 32
33 2209 33
33 195 31
40 1811 43
26 1036 31
26 216 31
36 890 28
32 1411 25
22 1364 38
28 130 27
29 2170 38
19 1283 45
35 2395 37
29 1312 36
13 551 46
28 2077 46
33 1827 43
29 1991 49
33 1236 40
20 2082 46
19 807 30
35 2460 38
