450
28 1953 27
41 510 29
20 304 49
16 1459 39
30 1745 28
20 1743 28
9 2213 48
11 935 31
34 974 35
27 1949 40
28 911 46
13 1240 47
26 1483 41
36 1572 48
33 445 49
10 1595 47
31 1108 48
17 1707 27
18 590 36
38 371 39
36 856 40
28 1527 44
29 589 34
21 845 43
22 427 36
28 2157 26
26 593 47
26 1694 33
35 1116 34
18 4 28
19 1808 49
35 781 45
38 91 41
22 493 48
32 906 26
33 325 30
36 1255 26
23 750 28
19 426 45
35 704 32
17 815 30
38 1949 40
26 1491 43
17 2387 30
30 125 41
11 1468 44
15 2245 46
17 716 26
30 332 35
27 391 36
29 608 26
24 836 41
24 884 26
34 1262 48
35 1999 33
22 30 49
35 65 31
26 1372 42
19 1016 49
36 2352 39
20 0 48
14 1685 41
34 983 45
43 2146 47
32 289 26
28 829 38
25 1306 38
16 969 32
28 892 38
18 829 44
20 1788 33
27 2298 42
23 1656 30
17 1354 36
40 960 26
24 334 29
12 596 28
21 256 36
26 1030 39
48 1899 48
18 57 38
29 410 49
36 1326 28
35 853 37
27 2281 43
24 2098 37
17 2237 33
4 1569 49
32 141 45
43 504 27
4 472 35
18 2040 48
29 2263 37
9 1631 39
35 1300 49
17 1410 35
38 981 28
35 1644 47
23 2018 46
29 165 25
9 1591 36
34 1090 44
17 936 27
39 1435 26
21 2308 33
33 1142 43
22 1158 41
25 1486 28
25 647 27
32 626 49
36 548 31
18 45 27
18 1938 48
24 1080 32
23 1792 31
20 2196 44
30 2179 41
19 554 35
17 608 26
26 1235 49
15 2224 38
32 142 27
13 2153 37
28 311 31
46 1707 28
19 2154 36
29 1250 48
34 950 45
31 831 33
25 2248 44
11 305 26
17 1105 33
17 972 43
21 1628 31
43 2024 35
18 2302 39
28 294 32
1 853 37
35 1889 29
26 501 27
37 1619 42
22 1537 29
25 2285 41
34 586 40
21 2275 47
18 867 35
29 384 29
18 1398 29
39 1370 27
12 2028 27
22 27 35
19 819 37
30 1129 38
20 2017 29
24 930 46
27 794 38
17 180 46
32 658 40
21 638 27
25 766 36
46 833 50
8 1118 26
16 1464 30
16 401 25
22 23 28
18 1927 44
17 1378 46
8 529 49
24 1725 50
19 1129 38
25 1806 47
32 2351 31
12 1658 31
19 2323 39
1 1386 33
27 278 40
28 1629 50
35 1456 47
25 2294 28
12 170 38
13 1742 37
16 172 28
36 316 38
23 1129 49
22 2108 25
38 454 29
28 2343 28
29 61 40
23 180 48
28 1222 33
18 52 37
23 1981 42
46 216 26
19 834 39
22 911 36
37 1753 34
13 2011 31
19 1919 40
24 2256 43
35 853 44
26 756 31
28 665 36
15 939 33
14 1157 35
39 2213 27
27 1246 42
11 1630 37
46 1751 39
34 553 39
36 1560 33
15 625 41
19 1407 47
8 2048 40
38 1476 36
27 383 41
33 1804 30
24 1612 32
39 1306 34
15 626 41
28 1768 37
27 1714 28
22 2301 38
13 132 29
21 1157 26
27 2161 38
20 2260 46
20 268 43
25 106 47
35 2 39
24 877 40
22 336 26
15 1285 28
35 1934 32
33 1610 40
24 1730 26
24 1223 47
12 703 46
21 2233 47
24 786 46
21 1933 41
39 1799 45
22 1326 31
34 403 42
34 842 44
26 1721 32
11 121 44
21 873 41
21 1764 29
32 2197 31
24 1662 45
41 2255 25
40 2194 39
40 374 42
43 486 48
33 2158 29
17 2126 29
35 2365 37
21 2314 39
28 2386 31
32 734 38
28 1817 36
31 1841 30
24 1012 43
14 2038 48
29 2144 45
25 150 45
25 1941 42
27 1018 32
12 1599 45
36 321 39
33 943 33
29 1821 46
27 1213 27
35 1794 34
16 2076 26
32 987 50
24 1992 48
24 1340 50
24 1980 28
24 995 47
26 2106 46
21 851 42
28 683 27
26 579 37
32 793 37
26 2206 34
42 1557 33
20 961 26
18 1506 34
32 1161 50
20 2396 31
14 1831 28
27 698 47
22 1098 38
36 849 35
19 1252 32
42 680 28
25 0 41
36 2326 40
19 523 41
8 5 39
43 1630 28
31 1798 43
21 765 37
28 1581 42
26 2072 31
23 2317 31
39 2022 42
29 681 28
22 1102 49
40 1412 39
27 2085 38
20 1597 35
25 2044 26
13 535 48
27 1083 28
6 2145 46
37 2142 42
20 1893 37
34 1719 40
23 1914 35
32 671 27
20 2358 40
17 2146 34
26 1411 43
26 308 48
30 159 42
23 1885 42
38 2030 46
32 119 37
19 1472 35
13 1150 27
29 1477 29
28 1098 34
45 772 31
11 759 49
39 607 32
29 2067 27
21 824 47
10 359 28
36 1774 35
25 786 33
21 504 44
19 631 44
28 1589 32
27 69 29
33 2232 42
21 953 34
31 2091 45
23 196 35
33 1963 27
36 1426 46
27 1853 30
20 1322 49
22 146 40
29 374 49
29 991 33
26 1335 34
26 2329 30
33 1481 45
12 849 31
35 407 33
29 1607 33
18 585 31
15 1263 38
32 2022 45
34 674 29
43 1301 26
34 2177 27
16 1372 34
22 683 50
12 2371 50
14 1846 36
20 2345 50
30 795 27
25 2275 41
24 2362 35
31 1234 37
33 1097 34
23 261 35
25 675 34
25 635 31
36 971 30
36 770 36
14 1623 30
20 1256 31
29 1012 44
29 608 31
23 787 47
23 1834 33
26 126 31
17 2340 39
28 1659 46
37 288 29
27 0 33
35 2012 44
30 2122 40
38 2316 36
17 517 47
45 1893 44
39 2194 27
8 699 33
22 163 36
47 877 42
27 18 45
27 623 29
26 133 35
17 705 43
7 2327 48
29 793 40
27 505 47
13 1201 46
20 1560 30
27 1662 47
35 918 31
19 604 27
28 1276 44
25 2069 47
22 1164 40
18 1331 43
25 1941 48
24 638 28
36 1311 46
41 332 36
24 2281 33
35 1386 33
26 1162 44
34 1050 40
15 86 38
34 413 33
17 2209 45
10 1018 49
34 186 49
30 254 35
27 1346 34
31 1009 50
33 906 40
28 506 41
28 421 29
39 276 45
23 237 38
19 2271 27
19 1533 47
29 215 45
34 2037 48
32 2 36
25 1146 28
22 840 48
23 840 42
29 916 38
