350
40 1137 47
26 1639 32
17 643 48
35 469 38
26 932 45
1 679 31
42 270 26
15 492 32
31 1678 46
31 94 28
27 1021 38
26 1699 48
31 1699 48
33 1470 47
28 507 28
35 1000 43
19 93 41
18 422 27
23 1206 47
18 255 36
29 1253 37
33 1416 25
34 893 45
26 703 42
31 1668 37
19 834 26
29 1507 43
7 875 30
15 1132 43
35 1794 42
29 339 37
27 1284 41
30 984 45
33 1347 40
18 318 36
35 265 26
25 1799 47
29 0 41
33 823 29
23 858 50
22 413 37
39 1698 44
19 361 34
20 285 41
26 871 44
37 1502 36
38 1272 28
43 465 41
39 1469 35
33 237 35
24 1045 37
21 1805 40
17 1379 41
32 1601 27
26 1140 36
36 301 43
26 1732 39
11 555 33
22 1637 26
22 126 37
34 1529 43
30 1059 27
28 1438 43
37 1132 31
21 255 27
18 304 41
33 1231 42
30 847 42
16 1071 45
21 739 42
31 701 29
10 925 49
30 189 44
19 993 31
19 394 36
35 719 29
26 578 37
24 862 36
25 206 40
35 1766 31
32 22 43
22 1124 33
24 1346 39
21 1683 46
16 1582 47
24 1446 49
20 1650 42
15 1366 28
32 1219 41
32 1144 34
35 1416 27
15 1330 43
34 1385 44
26 1445 28
26 1206 46
19 982 40
15 70 35
31 20 45
28 802 38
20 1108 35
13 1810 43
36 1831 41
19 1611 46
26 650 32
13 1164 50
25 123 35
25 1199 25
45 1555 44
25 0 40
21 825 47
27 1256 38
29 999 37
12 1558 32
31 1403 30
23 288 26
33 1652 31
23 1595 29
31 1816 29
41 542 29
26 1792 48
12 443 34
35 206 43
31 70 29
22 602 40
31 272 35
34 1837 25
29 1764 40
41 6 41
31 1167 30
28 1435 44
18 1858 37
10 1075 47
48 1434 42
29 1346 49
26 466 26
31 60 49
33 1347 40
16 153 33
39 314 25
15 1450 39
24 501 47
40 807 31
33 477 48
18 1142 37
23 1029 36
35 0 40
27 583 49
28 689 41
27 631 40
18 52 49
32 95 29
19 721 36
23 18 26
27 574 31
38 1828 43
25 541 28
31 1843 33
23 871 28
26 1379 28
19 569 25
13 712 30
18 1204 47
25 1656 33
39 1777 25
29 706 36
29 1473 30
16 1738 28
27 379 26
11 470 42
25 370 27
19 1307 48
29 1228 29
26 122 44
22 1108 45
31 1460 38
11 1593 36
29 562 49
24 1353 26
41 62 30
28 475 38
26 159 28
33 244 26
33 1524 30
20 1672 27
24 1435 33
23 798 27
20 1406 30
15 1496 49
32 1729 48
24 1384 32
5 731 33
16 234 37
18 96 31
16 283 28
28 1441 50
33 158 39
29 556 47
25 1608 33
34 1730 35
26 1010 47
23 937 32
24 1376 35
28 1511 40
37 1145 36
27 1778 28
18 1387 30
32 1448 32
20 1284 49
14 377 46
24 1062 33
21 318 41
26 1396 26
18 1280 37
32 777 37
23 351 36
31 988 39
11 1387 46
9 109 43
25 1820 32
18 667 39
42 1821 28
26 782 29
23 932 30
22 0 50
18 684 29
34 1307 27
27 1424 28
17 146 28
21 1551 31
23 905 38
18 71 37
14 1122 28
16 1378 35
23 702 43
24 1442 40
31 1517 37
30 873 30
24 1256 25
35 352 44
20 240 39
25 303 41
29 1590 44
28 1217 39
17 1355 34
14 303 42
23 5 44
5 1128 28
33 95 28
27 476 36
32 1573 25
14 4 32
21 313 47
39 1201 26
27 1537 41
29 723 46
33 10 33
12 935 28
24 237 28
29 1237 28
17 1526 45
36 1621 29
34 162 32
11 1300 38
32 151 50
28 139 39
24 1648 42
31 40 40
30 1119 49
28 1468 42
20 1245 29
42 6 29
34 924 28
19 705 46
29 1565 48
28 673 29
24 213 33
27 1568 33
22 208 31
27 1382 34
31 540 41
18 1827 37
28 847 43
17 656 41
18 1861 29
35 1450 27
15 1080 27
22 598 39
13 444 49
22 1799 35
22 540 33
18 3 44
25 613 37
29 1738 29
41 430 46
32 777 44
18 1247 28
27 994 28
24 240 27
27 1405 50
35 1434 27
37 207 40
22 823 30
33 715 45
8 652 47
32 0 49
25 284 30
28 950 44
15 223 27
34 1374 47
23 371 35
20 1831 37
19 1859 42
8 575 45
17 1506 29
37 413 28
37 265 31
31 602 25
16 172 27
21 113 33
18 1237 33
28 341 46
42 204 40
21 1393 41
39 878 43
18 1660 40
23 369 46
20 1406 29
36 1019 42
21 1040 40
41 340 29
27 767 43
18 946 27
35 772 36
28 709 36
21 435 36
18 1780 28
25 980 26
12 1132 33
28 366 48
11 944 48
27 1344 33
29 1460 36
23 227 31
23 336 39
44 1011 37
25 181 39
28 221 29
28 1096 25
18 404 33
26 299 39
