300
25 1266 29
32 998 46
25 1126 30
17 883 29
26 78 44
24 893 50
22 468 27
39 0 42
18 220 26
38 870 46
33 757 43
19 600 27
35 468 29
16 213 30
21 345 36
25 619 32
16 1026 35
25 1139 43
21 1275 49
35 403 43
26 383 45
12 421 29
17 1559 35
20 210 48
31 624 27
24 657 40
33 702 46
25 232 46
19 820 30
15 1334 33
22 550 50
30 1340 33
13 1493 36
37 347 33
28 20 27
25 1527 48
26 958 41
19 875 33
15 1324 47
33 827 49
18 633 44
23 208 28
22 264 35
19 535 49
31 317 39
33 668 32
27 168 38
24 0 31
23 1339 48
16 1161 42
19 796 49
16 1592 48
21 940 26
27 1301 30
23 1012 36
24 891 25
40 1511 42
24 1360 41
24 623 33
22 168 26
27 1231 35
35 1128 45
25 1490 50
37 832 26
15 655 46
30 934 43
31 768 30
9 1465 29
36 0 48
24 1526 49
30 701 33
11 1334 37
24 925 29
28 146 38
24 1445 30
27 1068 35
31 185 40
34 160 28
26 760 39
33 943 35
17 70 37
33 849 39
34 7 26
19 441 40
6 273 41
21 770 44
17 1389 44
25 621 29
19 1107 35
27 395 26
15 223 47
29 534 45
19 307 40
19 1330 26
32 417 37
26 608 34
23 652 33
29 1342 36
24 398 30
24 432 27
42 648 28
6 914 49
33 12 43
25 747 44
26 1186 47
39 260 35
13 376 47
35 1032 45
30 846 26
38 111 38
21 140 42
34 1230 35
19 0 43
22 760 26
17 1039 27
31 1095 26
33 66 34
40 1493 43
28 801 37
25 1477 26
34 1230 25
28 953 48
22 1452 30
28 1216 34
38 208 33
19 1111 36
22 1549 36
40 1481 36
24 1019 47
31 1399 38
22 389 46
30 722 39
34 346 34
23 1179 39
24 1440 44
23 1575 27
26 387 44
20 868 44
37 614 38
26 1108 28
19 640 40
29 495 48
24 557 45
25 1028 30
29 1174 48
24 236 36
27 543 35
24 1387 39
20 930 46
13 1402 33
15 811 36
23 923 37
34 745 40
24 1294 31
27 1119 31
19 399 39
18 993 47
19 764 49
19 1578 47
28 726 50
23 1399 42
14 75 43
9 258 35
13 1461 44
24 1232 39
29 1482 38
26 780 44
15 449 34
18 1102 26
10 752 35
32 405 30
24 181 41
23 826 37
26 92 28
17 1175 38
24 681 44
27 1330 41
31 580 50
21 460 38
30 26 32
20 1394 34
17 864 28
34 82 42
20 491 33
32 1155 30
19 1345 35
39 57 37
26 1131 49
25 1279 38
28 1465 26
35 1232 33
28 1478 45
3 195 27
25 388 31
32 1277 33
25 980 39
16 1534 26
28 1478 29
34 883 47
29 1439 42
22 566 38
22 712 47
33 507 44
26 1568 41
16 361 36
27 53 38
19 7 50
28 753 47
25 984 37
31 1175 40
21 476 43
26 927 27
32 1578 38
32 391 26
23 1347 44
28 211 44
26 488 35
18 1217 34
30 238 30
14 1261 38
28 185 47
28 628 31
36 990 40
22 721 26
33 960 33
44 577 33
35 666 31
24 368 36
34 809 42
28 1432 41
22 1084 40
34 1236 30
30 931 39
18 775 50
16 753 32
37 574 40
31 783 42
30 1245 34
28 430 50
28 40 48
12 1573 38
24 160 42
25 1266 29
30 0 36
51 1261 30
30 41 47
34 350 39
10 1383 31
29 126 37
20 1319 33
18 353 29
8 856 46
28 1478 39
19 717 48
28 1495 43
40 77 47
21 1557 45
35 1264 46
19 582 45
32 1044 47
24 276 29
34 1428 46
29 541 28
27 1385 26
26 397 45
30 871 44
1 732 38
27 68 39
22 1450 28
33 1430 31
22 887 45
23 920 49
17 119 28
26 639 34
15 1533 40
35 1343 32
24 954 26
24 1218 48
30 7 37
17 1558 38
20 192 29
22 512 34
18 900 38
18 442 48
28 1513 29
28 1410 32
42 1401 38
17 1106 32
19 934 49
30 1529 45
24 1073 40
33 169 48
16 538 31
25 782 38
25 888 31
20 1394 34
37 1002 33
21 1473 46
19 1219 29
18 686 39
