50
35 0 46
12 67 43
6 217 36
25 120 34
28 56 29
15 68 34
16 174 31
23 238 41
18 227 25
37 80 28
17 172 49
38 24 32
32 228 47
2 85 47
31 236 42
18 110 42
21 197 37
14 129 42
17 12 27
23 242 48
17 128 32
22 181 45
35 17 44
34 184 40
25 70 39
30 107 48
26 8 30
18 105 27
16 98 42
12 249 36
29 109 35
34 0 26
11 133 43
19 71 35
36 120 41
32 47 43
30 224 47
18 236 44
33 26 43
37 36 30
22 192 40
29 228 25
25 16 41
27 135 50
35 0 41
26 75 43
23 57 34
26 107 49
24 165 38
22 127 25
