100
18 122 50
13 230 41
20 33 33
22 152 42
34 287 44
19 320 43
33 377 32
17 408 47
25 246 37
27 36 38
24 168 34
25 112 30
18 0 41
17 73 30
24 98 38
30 442 31
36 208 45
13 170 26
21 221 40
28 40 46
45 299 48
28 48 31
19 342 35
18 478 38
27 409 32
29 0 25
28 347 43
19 140 34
29 492 33
9 446 31
27 226 44
19 487 48
15 469 29
30 451 44
21 0 46
23 0 43
18 129 28
28 276 36
24 340 34
29 135 42
32 461 30
28 507 49
33 66 32
39 296 48
23 213 28
17 159 30
38 57 38
35 106 42
27 147 28
31 0 46
33 498 36
29 0 44
28 4 42
28 135 33
12 342 26
20 325 48
22 354 31
39 416 31
24 402 40
43 219 27
36 441 28
25 358 31
20 130 29
39 344 34
32 140 38
33 102 50
35 0 32
33 386 45
34 364 43
18 237 32
25 326 33
23 274 30
19 460 25
20 122 39
16 449 44
38 361 43
21 443 46
48 308 25
29 154 45
24 221 50
40 0 29
15 207 46
25 205 29
38 70 35
24 0 30
33 189 46
31 6 32
33 440 31
17 90 48
31 473 34
38 0 32
24 184 35
28 217 35
27 74 36
12 142 47
17 174 48
13 0 44
17 222 33
30 327 46
22 132 27
