150
24 365 36
23 135 25
14 492 36
28 670 41
16 646 31
18 675 28
16 325 49
23 29 40
25 764 36
25 668 39
30 502 33
22 364 43
22 705 32
23 582 28
16 103 29
29 128 48
22 600 32
19 439 43
19 188 41
33 34 37
21 109 27
34 611 33
13 188 33
20 336 34
27 90 37
31 0 32
29 0 28
11 215 29
31 684 36
24 511 36
14 24 26
26 529 34
18 382 30
22 454 39
28 726 32
27 668 27
17 0 50
28 609 37
25 502 32
31 80 27
24 632 37
10 629 45
19 70 40
34 469 26
38 104 38
25 427 38
34 326 42
19 736 36
22 645 28
23 36 32
23 137 29
25 140 37
29 700 28
7 194 39
20 254 50
24 606 27
29 386 49
30 335 36
21 75 31
41 156 32
38 249 31
8 413 32
27 436 47
24 2 39
37 611 45
24 290 27
23 679 44
29 557 42
13 618 31
18 550 49
33 0 33
20 524 41
19 18 28
20 545 31
20 719 47
19 653 31
24 421 39
34 721 46
17 516 50
27 459 41
19 689 30
41 573 45
7 2 44
11 287 30
14 170 49
23 703 35
14 111 38
29 0 36
30 156 29
22 401 36
28 743 27
17 734 33
25 224 41
47 151 27
37 425 29
28 199 43
30 243 41
26 88 45
24 92 40
21 525 27
25 725 37
13 498 41
33 536 27
40 419 39
25 685 46
23 542 38
43 603 35
32 609 30
24 361 40
15 0 36
31 608 40
25 446 33
28 497 48
27 339 34
5 201 28
36 355 25
26 76 26
9 425 32
31 712 30
34 335 43
25 308 40
24 739 40
28 534 29
38 318 42
26 0 33
34 319 35
16 732 42
25 0 45
24 770 36
26 253 43
32 70 47
35 597 45
30 474 50
22 562 46
22 177 30
11 533 32
14 81 39
36 78 31
20 321 41
27 125 32
16 77 45
30 509 48
33 152 46
30 665 46
14 0 30
28 511 34
24 100 32
20 662 36
17 6 40
31 421 31
