500
60 1404 20
27 581 10
59 414 17
9 189 11
10 867 19
4 1472 18
31 1262 18
29 714 18
28 868 19
24 1092 11
58 981 20
9 1215 17
2 1469 13
33 843 16
20 15 16
5 357 14
49 995 16
9 307 17
49 337 15
47 42 17
6 698 11
11 899 10
37 171 19
39 1434 15
51 187 20
10 1192 13
54 545 19
21 135 19
23 935 19
15 609 19
30 808 17
24 1432 18
8 1072 11
6 573 15
48 6 14
24 472 12
55 791 11
15 76 19
25 239 14
39 1229 17
43 1441 20
55 1312 11
42 366 12
20 24 10
44 1399 16
41 717 18
58 409 16
3 696 16
28 374 16
2 303 20
54 1220 10
26 1089 12
11 255 19
45 236 11
55 787 11
30 364 10
44 1080 17
24 769 11
17 1056 15
18 451 19
43 522 12
18 198 11
17 307 20
31 594 15
44 333 10
51 1442 10
37 764 16
19 467 14
17 956 16
36 1177 17
40 694 14
56 104 20
35 400 15
15 1120 11
11 630 15
49 1172 18
12 444 20
53 1062 11
29 288 13
1 1457 10
40 310 14
26 347 14
20 568 10
40 917 13
33 1106 13
43 723 19
13 316 20
34 722 17
54 66 20
8 771 17
42 1464 12
41 406 17
52 626 16
42 1392 15
56 71 12
16 174 10
39 701 12
53 409 19
28 1424 20
6 703 17
47 677 17
41 270 19
35 569 15
46 896 10
44 1340 14
55 1125 16
31 889 13
30 454 19
31 439 17
1 854 15
54 262 12
16 1467 11
38 1223 19
40 392 16
31 285 20
11 517 10
48 1294 12
20 521 20
31 748 10
24 1346 16
7 501 18
27 152 17
16 504 14
57 80 16
16 461 17
28 100 10
8 1350 15
41 1159 18
21 866 19
40 994 10
48 901 20
43 937 12
29 376 15
7 1470 12
51 905 18
26 1135 11
15 497 12
40 277 13
16 295 12
60 1096 12
48 927 14
26 1398 17
53 171 10
8 649 11
23 1431 20
23 1129 15
11 466 15
34 1217 16
30 991 12
50 247 12
47 287 17
35 1062 19
44 653 12
55 868 13
14 451 14
54 351 13
24 1337 12
44 1096 19
56 931 11
25 920 14
20 1062 18
3 1278 16
6 1343 20
33 114 10
43 1171 11
14 392 19
51 1281 13
31 1033 17
25 1179 19
15 1485 13
14 343 11
30 39 12
27 1062 19
38 264 12
15 311 12
6 1123 20
4 452 10
12 503 13
17 1168 14
50 256 13
27 581 11
8 713 12
9 1370 17
14 188 15
50 1259 15
46 1021 12
43 1321 13
53 1291 13
10 1066 20
3 1325 13
38 1498 20
53 677 16
4 799 20
12 928 13
15 353 20
23 298 10
18 364 18
21 765 10
10 673 10
18 876 16
1 790 16
19 936 12
54 1307 14
56 1314 15
2 499 18
21 1205 17
14 420 16
17 697 13
44 1041 10
54 341 13
30 496 12
37 1069 16
33 1317 15
1 1353 19
20 702 14
12 276 17
6 515 16
9 417 11
30 984 20
19 1285 17
24 807 13
3 721 20
1 282 13
59 480 20
36 1098 13
38 140 14
8 704 12
21 1362 13
50 988 11
16 1184 14
34 1040 18
38 570 17
18 850 20
56 47 15
47 337 11
37 1302 11
20 1497 20
39 694 16
51 81 19
32 749 16
57 1266 16
40 256 20
6 1065 10
25 1408 14
55 1004 14
7 1263 10
2 1325 17
60 533 15
19 1142 19
31 1118 18
16 289 12
58 48 20
12 744 14
34 1220 13
11 450 12
48 1157 15
22 1172 20
32 1100 18
9 128 14
9 285 14
46 1365 13
21 234 20
21 138 18
52 927 12
41 313 12
56 847 18
28 1248 12
19 385 18
30 100 11
14 1003 14
23 968 15
27 308 18
8 553 14
24 1476 13
29 619 14
17 1412 11
48 1192 15
2 147 14
58 577 20
17 1294 19
52 785 19
15 159 19
10 988 18
11 294 10
44 1222 16
35 314 17
9 192 15
43 424 13
39 95 17
56 275 12
15 1021 13
33 1483 18
40 1108 20
6 28 18
50 260 18
46 1003 13
49 874 10
11 1280 12
46 1008 11
39 867 11
6 1396 11
28 490 16
18 945 16
14 1167 16
30 123 14
20 998 18
25 1364 17
58 1311 15
3 404 12
17 463 10
29 1003 14
37 318 14
38 1277 14
47 680 10
30 189 19
52 895 17
53 1047 10
32 45 20
7 1258 11
9 1151 11
56 229 18
10 1128 14
48 91 10
9 888 15
15 1103 16
1 992 12
49 545 17
30 1439 10
52 1034 11
40 1426 19
51 966 13
22 1416 13
53 123 14
25 536 12
38 190 15
49 47 16
31 279 16
54 605 20
11 628 11
52 826 20
44 1361 10
52 792 17
8 1339 13
58 293 17
35 413 12
18 322 17
45 548 20
44 403 17
16 768 15
3 1104 19
22 648 15
47 454 13
59 207 15
11 1017 20
46 201 12
37 401 20
17 908 10
44 1335 11
59 195 11
24 1203 16
18 217 15
47 975 20
39 1326 16
17 619 16
37 1436 15
22 1080 14
38 237 11
28 1125 12
22 170 10
11 1454 19
8 615 13
13 953 20
49 395 12
42 461 16
29 146 17
60 544 11
12 110 20
59 293 15
27 953 17
3 1499 20
41 981 16
20 972 10
15 255 19
6 499 13
49 815 15
39 1382 12
17 838 18
57 937 20
56 76 11
6 30 15
35 327 19
19 1310 13
32 403 18
1 13 16
24 99 14
29 660 14
29 1088 11
1 23 13
30 1431 18
1 1086 15
17 1261 15
4 707 15
52 889 17
14 1178 14
14 979 14
21 1402 17
9 794 20
40 1238 13
2 1244 13
10 1335 20
4 1404 20
15 1089 15
44 1399 11
47 1193 10
38 1418 11
9 242 19
12 566 15
58 1260 18
10 485 10
17 1439 13
34 737 10
43 652 16
12 723 14
27 980 16
28 709 20
11 1468 18
6 169 17
14 167 14
5 123 17
24 786 20
47 291 13
49 455 16
5 715 18
58 823 18
30 371 13
44 907 19
9 929 12
10 728 11
24 1238 12
10 234 15
37 1432 16
41 144 19
59 937 20
35 219 16
12 1369 12
28 413 12
46 912 11
24 1172 17
5 1015 10
18 172 12
43 1477 11
23 1224 18
54 578 15
39 846 14
53 1053 20
7 708 20
43 1266 20
30 1150 13
16 609 19
33 78 12
27 224 14
3 289 15
50 183 10
45 1356 11
32 554 13
59 556 14
13 1365 14
2 612 15
41 909 14
49 525 11
1 985 11
47 246 18
3 778 15
48 1036 19
49 498 10
47 1292 14
30 963 20
9 1249 20
21 1430 14
59 491 11
20 963 10
45 1035 14
28 1217 12
31 1449 17
38 908 13
4 124 12
39 1223 20
33 1398 16
32 38 18
38 1466 12
3 774 17
19 731 12
16 365 13
13 1176 16
24 1235 19
31 31 17
41 1062 19
14 1275 17
18 885 11
14 460 10
