400
17 938 12
3 1159 13
30 411 14
32 402 12
22 722 12
36 1106 13
23 344 20
55 507 14
52 810 19
17 262 11
27 63 13
16 953 20
27 9 18
22 697 16
40 1106 15
19 173 11
1 488 18
17 964 18
58 570 12
3 946 18
23 490 14
13 1185 20
54 685 16
58 467 14
44 908 12
15 626 10
53 819 19
58 8 14
11 618 16
52 93 20
30 711 15
51 660 11
30 1168 13
8 448 20
3 1156 19
41 881 14
46 844 18
21 904 15
27 581 14
53 449 18
10 948 18
50 305 15
45 560 18
39 1043 13
58 1200 16
31 1081 16
57 820 14
57 1064 16
45 454 15
56 368 18
8 955 17
43 1029 19
33 545 14
41 974 14
29 143 15
1 337 11
32 254 10
49 854 13
35 767 12
41 1127 17
10 542 11
6 208 14
26 356 15
37 616 16
1 256 19
51 972 20
44 373 16
26 812 10
37 766 13
6 381 19
23 587 10
15 1160 15
20 772 13
15 644 10
40 1181 17
27 71 14
31 61 10
60 150 11
21 379 19
15 517 17
48 187 17
19 289 13
23 282 19
22 1016 16
9 2 12
41 964 19
3 992 18
49 1082 13
7 851 17
8 574 14
8 108 12
12 768 10
47 360 17
13 891 12
26 233 12
15 64 14
40 701 16
16 490 18
46 801 18
11 216 11
11 439 18
58 774 12
18 1055 15
31 926 15
18 874 19
24 22 15
55 168 19
26 1152 18
38 970 19
27 957 17
54 1194 14
46 312 13
16 521 19
47 89 19
16 336 17
22 885 15
60 764 16
2 984 11
29 179 20
3 459 17
21 384 16
5 176 12
52 564 10
55 615 14
5 1017 11
20 663 18
9 423 20
10 249 18
27 1195 12
22 1126 19
31 401 15
50 10 11
5 287 13
14 361 15
17 1164 10
52 1084 18
40 266 10
13 1035 14
27 185 17
22 961 12
6 380 18
34 426 17
6 251 18
13 1183 11
5 444 20
15 247 12
60 247 14
32 120 13
13 213 17
11 623 18
4 30 18
44 140 19
40 861 11
36 36 11
60 70 13
13 919 13
32 160 17
47 571 19
44 103 18
17 1195 10
2 779 20
39 966 17
31 657 18
4 247 15
4 1080 13
57 429 15
19 136 13
13 504 15
60 507 13
49 626 14
3 451 14
25 712 20
45 841 11
10 724 13
50 77 15
12 1104 19
16 558 12
16 719 17
32 997 10
47 461 17
15 1085 16
37 873 18
57 632 20
2 63 15
28 1094 11
38 724 20
29 329 13
59 759 12
16 155 19
57 989 12
28 953 17
31 201 14
57 875 20
31 183 13
60 1068 14
50 987 18
1 798 16
37 550 17
18 189 16
15 333 14
60 793 17
6 654 10
35 80 15
43 573 16
43 116 14
19 1040 15
33 971 20
25 528 20
21 528 19
40 318 10
24 566 20
41 855 15
17 415 15
58 474 17
52 1187 13
55 996 18
24 200 16
57 526 18
3 954 20
55 580 11
41 494 14
5 164 14
37 189 16
3 631 19
1 631 10
5 1083 17
15 345 13
52 721 19
27 546 18
28 1185 14
58 612 12
3 649 11
13 898 14
9 1009 17
14 430 15
58 1140 15
5 1173 11
29 702 19
40 1083 18
22 535 17
55 674 13
36 551 17
22 618 20
37 830 11
19 936 14
14 790 11
27 305 10
24 983 16
8 0 10
30 296 17
35 926 15
18 1002 10
3 650 14
8 646 18
10 438 14
22 721 12
28 534 16
16 1054 11
15 81 15
37 1124 11
31 292 19
14 449 11
2 421 12
9 1197 12
3 825 11
21 422 16
4 942 14
18 946 13
60 426 19
17 395 12
54 805 14
4 704 11
46 109 14
54 686 19
45 701 15
50 168 12
45 129 16
32 283 20
6 241 10
5 502 10
48 1144 10
43 12 13
37 741 14
44 1124 17
34 96 13
16 509 10
52 971 13
11 252 16
18 674 10
2 918 20
22 910 11
27 64 11
3 920 16
57 646 14
43 847 12
59 45 12
24 485 19
24 1041 20
47 684 18
41 862 15
48 147 13
58 1122 18
21 1094 19
2 53 14
4 1146 20
24 100 20
5 190 20
28 375 19
23 435 17
49 70 20
58 1097 12
11 476 13
14 1197 20
25 48 17
3 636 15
7 887 20
50 73 14
40 793 13
7 850 13
32 956 10
25 0 10
31 293 15
21 1198 12
46 159 11
47 300 14
10 237 17
13 32 20
58 450 18
21 958 20
44 466 20
55 772 10
47 897 11
37 979 13
20 506 18
9 445 18
45 518 16
33 1054 16
58 249 16
53 803 13
2 1017 16
54 463 18
46 654 17
18 1046 14
22 575 10
10 1065 16
48 999 11
18 429 13
54 115 11
44 96 16
12 187 18
13 231 18
60 861 15
49 373 18
42 122 20
48 405 15
56 783 16
37 362 11
8 897 14
34 404 12
58 119 14
33 183 11
50 57 19
17 1043 10
49 36 11
17 1066 13
55 1061 11
12 416 11
47 26 15
39 362 18
22 868 13
42 6 12
54 1200 15
18 441 11
14 44 15
14 369 13
46 1053 14
8 82 14
27 9 17
29 263 17
16 787 17
24 982 10
31 977 15
38 265 17
40 410 20
45 1147 13
5 702 11
35 308 19
39 859 12
43 815 10
45 917 14
44 934 20
23 1160 12
20 182 20
39 195 17
12 949 11
24 783 10
35 851 16
58 954 16
6 500 10
58 711 18
