350
52 776 15
39 125 17
31 731 17
2 30 18
33 468 17
22 803 14
7 990 13
3 934 20
6 281 11
20 864 19
30 321 20
54 575 13
59 911 12
7 859 14
39 183 14
15 185 12
15 184 13
30 863 13
50 428 17
16 225 11
59 45 20
1 780 20
12 663 16
31 237 17
44 421 16
56 574 20
3 444 10
2 136 15
51 932 17
27 757 14
19 322 13
57 768 17
55 936 17
20 807 18
39 473 16
53 386 13
13 534 15
31 784 18
41 657 16
8 39 13
4 909 12
28 18 16
37 977 18
33 794 19
13 381 15
16 153 14
34 323 17
52 544 11
1 455 16
51 440 10
56 746 12
27 247 17
20 428 10
34 940 17
43 706 20
34 1016 20
44 284 16
41 299 14
1 910 19
29 86 18
29 324 17
36 560 13
56 320 14
19 710 14
22 814 14
34 558 16
38 882 13
19 556 16
54 222 11
57 153 15
24 499 17
27 10 17
31 252 11
34 828 11
29 992 20
28 144 14
22 572 16
20 377 17
19 299 17
42 26 17
5 901 14
49 312 11
17 763 13
37 332 11
10 538 13
17 34 18
47 243 14
18 61 10
1 29 16
13 165 10
26 444 10
30 818 12
58 480 17
59 386 12
41 786 18
28 465 18
53 33 11
31 859 10
12 490 11
59 897 11
26 803 14
21 746 18
4 497 16
60 990 19
51 466 11
36 188 15
38 313 20
37 457 10
39 171 19
35 344 10
12 792 15
2 724 15
56 209 20
35 457 11
9 281 10
37 958 10
36 748 10
43 605 11
50 226 15
55 1014 15
45 170 13
18 773 18
18 544 15
25 607 11
16 158 13
7 295 13
2 366 13
21 488 17
30 939 19
10 45 12
12 670 19
45 858 14
18 826 13
9 348 10
29 633 16
30 363 15
15 263 17
45 39 10
31 629 18
45 444 13
16 23 12
12 970 13
20 733 13
38 31 20
37 873 14
26 152 15
25 1048 11
37 497 20
9 485 17
47 930 19
42 743 17
9 716 18
16 554 18
23 111 16
40 200 13
31 644 18
28 729 19
27 651 14
31 170 10
47 679 18
32 655 11
12 180 17
30 96 14
50 751 11
3 128 11
44 101 16
36 356 17
43 815 14
18 53 18
22 949 12
45 29 16
25 34 13
52 697 18
53 7 12
26 118 17
49 352 19
16 100 17
5 416 16
48 556 11
49 789 11
48 749 16
47 383 17
16 278 15
12 391 18
28 517 17
42 284 12
43 564 18
11 565 11
5 788 18
46 781 17
10 879 13
52 381 19
29 443 20
38 386 19
7 169 17
37 139 20
25 344 14
60 983 17
60 403 20
28 405 14
36 272 10
3 915 11
1 373 17
26 456 19
53 601 11
9 394 10
16 28 12
58 894 17
30 599 16
52 492 18
24 692 15
15 494 19
30 834 17
40 539 12
16 204 12
12 295 15
41 931 10
32 818 13
51 964 11
20 533 14
19 329 11
19 717 13
38 515 11
12 404 20
30 838 12
23 346 15
3 910 12
21 1035 10
35 662 19
38 357 15
30 1008 13
51 574 10
27 491 12
11 586 16
5 290 11
53 1026 10
46 0 18
47 17 20
18 431 15
28 241 13
31 984 15
12 171 16
27 554 11
2 876 16
16 207 14
30 791 11
17 569 19
9 668 20
44 773 14
4 274 19
31 743 17
8 852 14
20 194 15
27 45 15
35 433 17
5 71 19
23 913 20
49 727 15
3 852 20
32 925 16
60 441 11
29 772 18
21 120 15
18 314 11
9 961 11
37 121 19
3 338 11
29 174 17
20 1047 14
29 800 10
14 189 10
2 944 19
7 611 16
44 862 10
38 234 13
34 362 14
58 864 19
37 510 10
5 617 13
43 651 18
17 330 20
1 323 11
45 770 11
43 40 18
8 543 13
36 344 20
43 929 13
40 449 10
45 227 16
29 15 11
37 711 15
1 125 19
43 514 11
13 727 12
6 1035 20
38 291 14
31 822 11
4 162 13
58 124 16
18 548 11
50 417 14
51 952 15
48 285 10
46 43 12
11 260 10
50 261 13
9 97 11
36 198 12
11 841 18
22 72 19
13 408 20
1 502 14
49 1003 18
56 845 18
47 44 11
24 610 17
53 391 10
50 555 15
7 4 11
20 966 18
53 785 15
50 904 20
45 173 16
36 739 10
42 8 16
47 918 13
39 717 15
34 656 14
4 728 14
41 837 12
39 438 16
36 942 10
58 123 16
6 163 20
4 210 13
2 504 11
18 76 18
9 601 18
7 862 12
14 27 17
6 10 16
1 398 10
58 936 15
56 887 15
53 1021 10
26 858 13
6 955 19
7 540 19
15 14 13
57 341 15
