150
1 159 13
19 59 12
26 120 19
44 204 20
46 197 14
16 99 14
57 290 17
1 31 11
29 262 14
60 108 20
31 25 12
47 50 19
57 391 18
60 238 16
31 242 17
31 288 16
18 414 14
7 9 18
48 402 11
50 217 14
57 291 19
55 355 11
41 320 13
34 357 20
32 433 15
23 2 13
43 419 11
25 389 17
11 292 14
57 284 19
28 116 11
22 4 12
42 286 16
6 194 16
14 353 16
8 321 14
55 372 10
34 143 18
21 125 12
35 268 13
8 431 16
42 371 20
25 238 10
32 209 10
26 240 13
19 251 15
36 408 16
46 415 20
25 94 11
3 34 16
25 63 12
29 266 11
51 261 13
16 381 10
33 58 15
2 422 15
9 336 20
46 21 14
36 420 14
37 346 18
31 30 15
32 338 10
44 183 18
25 293 10
19 195 19
55 148 17
17 342 14
19 144 13
23 109 10
56 318 18
10 51 10
32 428 19
13 68 10
40 337 19
19 258 11
54 338 17
25 394 17
60 329 13
1 229 18
30 425 13
55 67 15
36 229 15
21 433 12
1 180 13
23 389 10
49 444 11
50 26 10
17 54 14
26 302 15
51 317 18
40 86 12
56 360 13
43 445 10
4 396 19
52 262 16
53 235 10
21 299 11
7 416 11
34 110 20
51 243 13
21 275 18
36 446 18
24 158 10
17 69 12
23 424 18
40 361 19
11 403 13
20 318 17
46 409 11
43 43 19
53 364 12
20 404 12
41 108 10
18 69 19
53 218 15
8 301 17
19 246 18
25 382 16
12 133 19
1 15 10
14 51 19
35 166 10
14 298 17
1 215 12
4 250 10
44 424 14
58 105 11
33 189 10
26 283 11
11 348 20
3 304 18
22 163 17
27 408 19
59 386 19
5 364 15
28 57 11
33 127 20
29 315 12
56 9 20
28 341 19
39 57 11
8 408 20
53 293 16
7 69 17
57 233 10
53 57 13
19 37 16
52 279 18
38 82 11
9 122 16
