200
30 16 12
14 598 10
11 235 16
56 339 12
30 440 15
17 437 16
10 112 17
55 208 20
54 144 13
34 401 13
58 362 12
27 99 11
27 121 16
48 227 11
21 306 13
58 356 20
20 328 12
16 130 10
18 149 14
40 567 18
39 197 15
21 412 20
39 309 20
40 36 20
56 486 10
1 301 13
14 509 19
55 184 20
46 469 15
31 181 10
5 509 18
7 526 17
55 259 10
34 146 15
42 87 16
17 302 12
32 582 17
47 286 19
29 206 15
36 321 11
55 568 18
2 66 14
43 41 17
8 30 17
37 279 15
46 447 10
59 63 11
49 171 20
54 367 18
55 491 17
57 455 14
11 13 11
55 600 15
43 116 11
31 394 19
26 38 11
14 453 20
40 333 18
13 89 16
54 485 14
15 250 15
25 448 18
42 599 11
27 95 13
54 44 17
36 45 10
42 137 10
49 41 17
42 160 19
26 561 10
52 356 19
18 493 19
51 370 11
5 256 19
39 11 16
20 408 14
2 221 16
21 410 13
39 507 13
18 122 14
46 178 10
29 326 20
8 535 19
55 395 18
26 448 13
6 16 10
9 207 14
30 496 12
34 379 19
60 387 11
10 442 17
51 370 10
50 368 15
40 10 14
26 546 12
21 54 19
35 120 15
53 47 20
31 296 10
20 223 18
45 442 13
2 368 16
5 271 18
35 105 18
57 117 20
43 212 20
12 86 16
56 63 17
34 32 20
38 598 18
11 388 19
3 582 10
39 46 16
17 587 10
18 170 17
18 128 17
35 126 18
7 94 19
3 379 12
9 420 17
50 373 11
31 211 14
11 303 14
6 410 20
24 78 19
39 207 20
18 344 15
52 411 11
49 114 10
7 260 19
12 502 19
55 284 19
41 417 13
18 61 12
11 226 12
37 152 18
48 223 19
52 489 12
60 397 19
28 172 15
6 274 11
38 75 15
37 522 17
40 402 12
47 558 20
19 315 17
51 340 14
26 191 18
49 377 11
12 196 20
50 293 16
46 255 17
21 89 13
10 261 19
22 10 18
50 136 16
11 79 10
15 335 15
31 485 16
8 145 17
11 378 18
48 375 16
59 280 10
2 102 19
24 130 15
35 494 12
33 54 16
7 243 10
23 194 17
58 481 13
12 291 19
18 79 18
48 367 11
5 571 19
5 373 11
44 436 12
56 173 20
32 361 15
6 470 11
28 202 11
59 446 20
18 144 13
12 78 16
59 129 10
49 343 19
60 367 16
25 218 18
29 530 19
18 255 20
45 593 13
35 494 15
12 170 15
42 182 14
29 507 13
48 529 18
10 67 11
23 346 15
47 489 20
55 155 18
6 264 16
