50
42 16 20
44 134 16
17 29 12
34 145 17
27 63 13
25 68 10
54 18 20
58 33 20
25 141 15
26 144 14
40 131 14
12 84 13
23 75 17
18 57 10
44 14 16
54 1 19
30 96 17
53 54 15
51 41 10
12 51 10
52 145 16
43 147 20
3 129 11
46 38 16
53 77 19
24 22 11
12 143 15
29 51 13
32 46 13
38 88 10
10 13 20
27 48 18
32 87 18
57 141 16
19 81 17
23 95 15
48 19 20
47 112 17
15 29 18
44 71 12
30 98 10
14 58 14
14 142 20
37 99 14
30 131 20
39 63 15
29 142 16
27 63 13
47 145 12
22 128 11
