100
57 56 14
48 86 11
34 149 10
29 174 11
13 33 14
36 130 18
52 47 13
14 200 20
3 178 13
19 154 16
35 251 12
24 142 19
28 49 11
38 206 14
14 217 18
28 112 14
8 77 19
60 211 17
10 5 11
26 155 16
5 10 11
42 84 18
16 88 15
12 61 11
14 113 10
20 123 14
56 159 19
19 282 12
58 50 19
22 38 13
31 152 10
19 110 18
38 52 13
60 220 13
58 24 17
53 222 19
11 145 18
16 22 11
59 224 11
41 282 17
44 220 12
37 167 17
53 127 19
57 292 12
20 54 19
44 152 13
34 179 15
6 101 19
35 144 11
4 162 14
52 250 11
47 8 16
44 215 18
16 150 14
39 179 18
15 235 18
24 187 19
27 220 18
44 211 10
57 155 12
46 213 18
32 8 12
11 267 12
49 113 17
35 268 17
38 261 17
24 17 13
30 155 15
46 1 12
14 163 12
14 122 13
36 197 18
33 90 16
20 216 15
13 192 11
54 83 17
40 230 19
8 57 13
3 45 13
49 251 12
32 233 12
26 31 19
18 239 11
41 190 10
33 177 17
43 179 12
32 229 15
39 242 11
53 38 10
53 120 18
39 181 14
55 93 20
47 265 20
33 196 18
43 166 13
18 260 18
43 12 20
8 177 14
47 147 15
7 81 17
