300
25 409 12
25 524 15
29 402 15
45 838 14
59 810 14
6 243 13
25 186 16
46 187 19
59 566 20
20 644 16
13 87 17
56 664 13
1 568 16
29 243 12
59 445 15
8 376 11
33 4 11
5 529 19
39 707 16
57 152 18
44 566 12
52 262 17
40 9 19
60 142 12
56 104 19
29 184 12
32 893 15
60 789 16
32 169 11
53 56 20
48 692 12
39 263 19
19 773 17
8 144 11
37 651 10
41 185 13
20 61 17
7 836 10
34 706 16
16 325 10
36 118 20
51 698 13
43 880 10
55 606 14
11 107 19
19 19 17
37 890 18
25 679 12
34 712 14
58 339 18
32 791 16
50 495 20
39 31 10
37 23 13
10 408 14
40 579 20
40 578 14
29 386 15
55 37 20
6 163 16
51 433 17
48 853 19
60 212 11
7 542 11
32 597 16
23 372 16
29 883 13
17 838 18
41 571 12
44 93 15
55 318 16
17 313 13
59 861 15
51 429 20
20 585 14
26 40 11
50 409 19
7 42 16
47 324 13
46 533 11
48 349 14
57 260 10
58 823 20
42 303 10
40 897 13
3 409 12
59 61 10
2 480 17
24 196 13
39 312 13
32 721 17
51 835 13
31 194 16
58 252 12
17 898 19
31 655 10
47 87 10
11 408 14
44 113 10
15 487 10
21 887 18
15 887 14
8 575 10
13 589 20
55 131 17
38 26 14
19 200 10
58 8 18
38 260 16
21 142 13
37 264 11
25 74 13
10 85 20
18 177 18
45 350 12
43 864 16
14 118 11
13 430 18
48 773 12
23 827 20
17 290 20
52 815 12
43 535 12
46 358 10
24 8 14
25 853 16
38 723 12
50 376 10
54 206 19
24 175 12
60 459 11
38 517 13
25 123 18
19 220 14
21 531 13
34 738 11
19 836 11
20 322 15
50 484 17
46 121 16
57 227 16
50 0 13
36 774 16
21 406 10
9 750 13
8 807 20
10 706 20
28 890 19
60 425 18
4 179 15
33 323 12
45 185 11
21 577 18
28 113 13
33 641 10
31 892 17
24 516 19
60 47 15
11 860 10
30 630 10
23 527 17
25 154 19
5 594 19
19 637 13
59 112 13
30 573 14
8 695 17
45 540 19
41 80 13
32 794 11
50 847 13
20 164 12
35 473 13
41 324 11
24 517 19
23 354 10
10 203 13
38 253 19
26 857 12
28 765 13
11 209 19
17 447 11
46 527 14
54 889 12
20 491 14
31 526 18
16 108 17
57 72 10
24 602 12
43 512 12
6 139 12
43 426 17
5 17 20
25 247 17
28 726 11
11 562 10
36 396 17
31 256 13
8 244 17
38 734 10
29 802 14
8 29 19
16 23 12
30 634 10
9 555 20
28 473 11
52 179 16
40 767 16
60 217 15
34 546 11
31 584 18
3 11 15
15 533 17
37 788 17
24 88 16
50 583 18
23 233 20
22 544 18
13 315 20
25 896 14
57 803 10
12 865 17
47 574 19
9 577 15
42 23 16
11 760 12
3 299 12
13 286 20
20 894 20
22 615 20
57 341 10
11 130 18
13 838 15
10 666 13
47 101 17
52 123 12
13 698 15
39 189 10
60 723 17
27 779 10
15 698 19
15 165 10
39 174 20
22 873 13
59 320 12
56 428 17
20 492 14
17 858 18
42 652 12
30 638 18
10 224 20
35 814 19
59 325 15
31 65 16
6 724 18
60 350 20
37 329 11
20 93 12
44 203 20
34 148 10
13 442 19
9 529 14
55 136 20
10 100 14
26 528 12
2 722 12
51 390 13
35 745 20
43 582 17
25 267 20
5 128 17
20 512 14
37 758 20
19 882 12
10 866 18
52 419 14
26 815 14
26 579 10
14 593 10
7 280 17
29 870 13
31 400 10
58 693 19
9 632 16
47 457 15
36 762 10
15 253 13
35 110 15
52 687 19
57 700 10
34 596 14
51 5 16
35 678 12
18 132 13
28 151 19
9 431 18
28 844 18
55 826 14
27 700 15
42 461 11
