250
50 565 14
32 146 15
33 482 18
33 61 19
43 437 16
1 591 11
18 440 19
28 731 20
53 189 17
37 78 14
59 634 20
33 351 11
16 184 20
32 363 15
12 649 19
23 24 18
16 7 17
16 375 19
51 586 13
56 369 13
17 455 15
55 255 19
30 113 20
28 539 16
25 426 20
23 378 18
53 638 17
26 382 16
50 241 16
46 442 10
21 362 13
38 50 10
47 611 17
24 96 14
13 101 18
26 210 20
16 105 18
60 317 15
1 284 10
30 305 15
53 383 16
56 9 18
47 87 10
29 473 11
35 121 11
45 576 19
24 114 12
58 65 17
26 634 14
49 484 20
52 323 20
11 437 17
7 668 12
41 582 10
10 534 16
46 290 20
21 513 17
58 432 15
3 114 18
9 536 18
10 673 16
48 378 16
19 440 10
41 230 13
29 376 11
14 234 13
41 116 17
23 11 11
60 607 18
18 357 13
29 137 20
49 320 18
2 270 19
47 219 14
36 576 15
5 7 15
2 17 15
16 77 14
53 255 12
53 632 19
29 690 17
48 376 13
11 662 16
54 114 20
39 702 20
21 742 11
24 338 10
7 671 12
59 1 10
55 670 13
14 90 17
15 539 19
16 322 10
46 499 18
31 482 11
32 510 10
13 275 17
1 414 19
36 316 10
24 229 13
46 454 10
46 224 11
10 79 19
35 493 10
28 103 15
26 534 14
29 405 12
16 434 16
26 258 20
40 122 13
13 309 14
26 191 18
54 618 14
39 476 19
34 590 14
56 446 11
25 201 18
8 612 14
25 379 15
51 501 16
1 710 17
53 420 17
5 84 14
30 610 20
54 56 16
51 209 19
7 617 16
12 350 11
47 436 19
29 716 19
21 670 18
18 324 17
46 418 13
30 696 14
16 114 10
31 333 15
20 68 16
22 401 13
13 37 18
3 106 16
58 394 10
40 433 12
23 16 12
9 206 18
49 460 12
8 100 15
55 437 15
26 228 15
59 392 15
49 474 16
26 643 12
33 481 11
40 386 16
13 582 13
30 37 14
39 153 19
20 254 10
52 453 15
6 277 11
48 74 20
44 625 11
56 735 11
1 639 15
11 383 16
42 226 15
20 136 11
51 219 10
39 704 18
2 471 16
10 506 18
23 537 14
49 48 14
35 29 14
48 693 14
38 297 12
19 644 15
44 621 14
5 70 15
21 82 14
26 276 13
2 492 13
23 673 15
24 515 16
3 473 15
20 467 19
45 257 11
15 179 15
40 405 11
39 436 18
33 608 15
10 349 11
26 703 15
26 586 15
4 491 19
2 159 20
13 328 18
4 590 12
36 147 12
19 302 10
49 28 14
25 698 11
28 348 15
26 6 20
32 422 11
17 565 14
42 707 14
20 470 18
21 325 12
9 170 17
40 480 19
7 157 12
45 72 13
3 362 15
11 547 13
2 627 20
12 225 17
10 573 10
39 579 13
41 31 11
46 332 16
45 696 14
16 648 19
25 280 11
18 330 15
54 119 19
32 90 19
47 186 11
23 154 10
36 87 20
24 189 17
51 483 11
53 670 11
41 304 12
34 659 16
11 117 20
41 103 14
41 117 10
20 556 11
58 192 14
59 386 14
44 459 11
26 34 13
32 216 14
26 568 16
43 740 20
23 380 19
9 30 19
36 661 14
40 60 16
31 646 10
