450
26 573 13
59 59 20
12 1256 20
16 106 14
50 768 10
1 592 12
47 128 19
9 1338 20
41 1085 16
53 1334 16
29 1254 13
17 1350 18
29 1164 19
29 838 14
26 659 12
55 377 10
5 1063 20
43 369 10
46 503 12
28 878 13
56 888 19
38 149 10
46 796 17
55 1006 18
31 373 10
18 242 17
31 1032 14
51 869 15
3 820 13
57 92 13
5 433 13
23 632 20
10 616 13
30 1139 10
31 718 14
47 775 15
35 1063 13
39 427 14
54 464 15
7 606 15
4 609 12
54 185 17
60 1067 11
28 693 15
7 94 14
10 92 11
38 715 16
2 59 12
46 546 16
45 899 20
17 779 15
59 377 16
30 633 12
21 47 16
6 395 18
16 324 11
24 468 20
22 1278 16
4 912 15
56 421 13
44 655 20
45 733 12
38 1128 14
24 742 11
40 620 19
16 893 14
7 963 20
17 95 13
31 1039 15
1 296 12
59 752 15
20 726 15
56 966 10
9 809 18
23 914 17
3 1103 18
48 1235 14
25 453 13
56 1107 10
4 808 15
60 1092 11
36 740 10
30 1335 20
25 71 13
43 739 11
21 42 11
41 1345 10
25 952 10
31 781 10
11 587 14
58 1349 15
5 1106 15
26 1325 17
53 1187 18
13 34 15
18 843 17
48 540 20
15 1118 15
30 95 19
25 783 10
10 230 16
29 696 13
56 197 17
40 1182 14
5 1261 17
14 1340 11
27 835 15
55 257 15
60 134 14
22 1137 13
60 475 11
32 46 16
57 728 14
20 56 19
45 110 15
29 187 15
11 803 13
3 638 15
7 1312 11
56 681 16
56 1174 13
57 767 18
44 11 10
2 673 11
13 724 16
6 752 20
2 722 11
59 1244 19
24 127 14
58 1135 11
51 662 18
57 1134 14
53 1163 15
3 812 11
53 825 17
55 1232 20
27 763 20
51 569 11
38 588 17
25 819 10
42 1171 18
21 1249 15
36 286 16
33 968 15
1 676 11
35 412 19
8 186 12
53 1026 20
4 521 10
44 215 15
7 1148 16
47 1273 15
9 43 18
25 655 18
22 503 10
18 408 14
60 601 12
10 924 18
12 962 14
30 187 17
30 767 20
41 1237 20
13 153 12
54 1026 15
13 249 13
37 1271 12
20 1197 10
4 1197 18
30 1306 20
13 481 19
43 1016 15
16 837 20
25 1233 19
11 1037 16
32 212 19
48 593 14
27 280 11
28 494 19
33 1086 12
24 317 16
42 1130 19
15 819 12
48 111 15
12 676 17
60 738 19
4 733 12
46 308 15
54 50 18
24 760 14
26 599 10
40 1058 16
39 1213 14
10 348 20
52 917 11
52 711 19
18 676 12
51 883 13
46 962 10
11 277 17
15 134 14
12 1225 15
16 539 13
46 1115 11
57 862 15
48 1158 18
4 389 20
21 800 15
42 543 13
2 268 14
60 69 12
47 406 17
33 1236 15
50 1273 14
54 51 14
11 907 12
19 1115 15
43 125 10
23 166 12
5 358 14
28 988 12
55 1085 14
13 310 20
37 164 17
40 994 16
38 423 12
1 338 17
49 95 16
18 698 18
44 81 13
42 82 18
45 353 17
18 814 16
41 950 17
12 835 10
14 1085 11
3 1052 12
43 1170 13
43 987 17
54 385 10
57 532 12
20 1142 19
14 1081 13
39 720 16
48 501 14
13 921 12
35 1158 19
19 1176 19
6 1208 12
60 494 15
57 715 16
33 717 13
46 768 11
13 526 18
44 1141 13
23 895 15
5 1118 12
58 565 20
5 1219 11
29 267 11
26 67 17
57 1027 13
57 453 19
44 691 17
32 306 16
44 287 10
16 444 15
8 453 17
40 1004 17
30 1083 20
30 1289 19
50 933 18
29 1201 18
44 421 15
37 1240 15
51 839 16
60 428 18
25 804 15
54 674 19
4 83 11
47 40 11
47 1326 20
43 1260 10
60 204 11
48 209 20
26 1026 16
36 36 11
60 1256 18
17 91 12
21 360 18
48 263 17
45 1251 16
34 751 18
43 440 20
33 702 17
6 904 15
60 1281 13
31 261 17
50 1145 10
13 539 18
9 523 20
54 709 11
33 388 20
5 194 11
37 678 19
52 827 11
23 407 20
3 1226 20
5 406 18
41 987 10
58 898 11
16 35 14
32 104 10
3 255 19
53 459 11
46 289 12
11 229 12
24 955 20
36 869 16
51 296 17
18 863 19
59 923 20
46 680 20
19 916 11
57 936 19
58 1052 20
38 752 18
36 1056 18
43 552 20
11 288 19
32 16 18
44 399 15
8 306 16
59 1329 18
57 189 18
47 244 13
48 120 11
24 1046 18
20 895 17
60 887 16
11 1350 18
50 808 16
27 768 15
5 249 12
23 1190 12
21 996 16
17 734 10
27 0 13
29 1272 10
28 1252 20
24 1048 20
39 1227 17
40 336 15
46 968 15
49 1212 11
2 1071 10
5 304 13
24 837 18
33 464 15
51 1152 13
21 607 17
3 240 20
46 1197 13
16 371 16
10 926 18
28 470 15
6 385 10
34 1242 11
56 799 16
8 1119 13
14 464 14
30 901 16
54 374 17
12 924 10
50 347 11
42 1271 14
38 1126 13
49 44 13
52 1222 20
58 1149 17
54 583 19
45 852 16
50 176 17
49 848 12
33 383 10
37 997 16
51 1187 14
30 632 13
51 52 16
23 307 19
7 926 14
26 1310 12
42 958 18
25 243 20
18 680 19
17 469 18
27 850 13
50 786 20
19 387 15
6 488 14
44 8 18
3 877 17
53 456 14
31 284 14
51 784 16
46 344 19
24 59 17
51 96 15
25 583 19
28 661 18
28 756 18
51 440 19
24 78 14
39 761 15
31 1149 12
32 6 16
32 833 17
58 1011 15
11 1315 10
17 332 19
17 621 10
32 356 19
52 1006 11
43 1032 15
13 200 11
46 200 15
13 636 11
35 871 17
42 180 16
39 881 10
38 733 19
2 569 18
58 463 15
27 493 16
20 933 14
1 1341 15
41 750 19
45 30 20
23 1339 16
38 1307 12
25 593 12
31 217 11
45 192 20
56 929 11
45 360 13
57 342 18
11 904 12
47 897 20
9 80 16
29 698 13
10 595 20
