135923
12
175 52 293 164 56 133 9 178 33 42 181 174 170 34 21 231 107 207 265 49 234 209 258 136 54 217 245 177 266 106 281 262 126 222 102 277 2 243 83 66 105 80 214 50 220 271 210 235 131 44 36 129 122 45 299 103 270 203 62 61 267 199 300 263 211 109 206 35 4 59 291 48 139 23 260 82 69 229 244 202 236 110 5 155 134 287 147 283 137 145 188 58 241 240 176 180 
255 252 115 161 154 11 162 278 151 60 264 73 288 167 273 259 248 16 223 24 226 99 88 96 18 98 225 94 141 40 93 183 289 215 113 26 14 159 100 125 74 274 46 148 92 86 31 227 257 239 166 276 152 247 57 127 12 81 121 78 39 153 189 116 179 
285 205 193 135 192 111 230 108 224 20 232 72 216 297 84 22 13 185 261 198 89 190 32 233 171 294 29 120 251 191 213 15 71 1 182 201 85 275 25 272 51 150 200 
295 138 254 186 70 28 195 269 249 132 290 27 286 238 142 144 280 140 17 173 101 212 47 194 196 208 156 204 296 168 219 43 143 256 
3 123 97 79 7 63 55 158 146 41 76 75 38 282 160 221 130 64 67 268 87 292 
19 165 128 8 218 242 279 187 237 124 163 250 114 157 
90 246 169 284 104 119 149 112 68 
53 118 77 65 184 228 197 
6 37 117 30 91 
298 253 
95 172 
10 