256201
10
125 189 27 77 302 3 117 169 86 329 6 175 102 35 220 248 7 116 104 136 216 303 78 14 48 152 224 185 94 159 239 164 52 121 61 162 304 343 120 16 195 336 99 4 56 317 50 106 200 134 145 196 89 68 237 337 297 272 341 262 135 263 23 191 350 177 158 173 277 140 138 153 322 100 74 154 258 1 273 188 186 313 342 63 146 243 249 215 181 332 251 292 307 236 91 81 95 276 269 178 204 174 167 296 163 266 39 233 109 316 291 234 5 247 217 309 344 
141 132 166 105 122 335 110 76 300 279 59 79 2 31 318 289 301 115 47 199 280 209 201 15 278 330 325 345 282 112 73 334 42 37 66 130 113 87 295 214 123 260 327 182 284 11 226 275 290 142 238 324 107 32 22 108 203 338 41 26 180 286 111 92 235 305 190 308 242 328 265 197 150 13 208 254 210 128 58 194 36 
46 198 28 244 126 306 98 223 143 18 267 57 53 144 319 245 211 148 231 85 60 205 212 45 9 156 347 62 315 310 72 240 160 165 256 294 349 219 228 183 326 51 193 340 155 29 65 299 103 331 149 71 348 38 19 
259 88 281 268 184 80 221 293 274 222 119 30 246 270 114 54 213 21 133 271 283 287 285 147 264 253 70 49 101 320 202 127 17 230 129 
40 339 171 252 10 261 20 241 151 8 96 44 206 124 314 90 229 250 298 312 218 24 93 118 69 
139 346 161 137 333 33 43 227 157 176 321 34 83 168 172 
82 131 311 64 288 84 67 187 75 12 25 207 
257 179 225 170 255 323 
55 232 
97 192 