254213
18
335 241 245 82 23 147 349 25 222 132 325 352 214 250 248 94 92 131 119 254 129 55 208 353 244 343 65 299 191 320 378 149 205 367 43 99 188 101 49 351 296 104 373 36 87 281 304 166 393 187 41 306 347 114 42 110 210 234 17 316 169 171 383 295 19 253 303 14 336 271 137 28 290 79 375 211 74 190 308 54 357 311 5 192 262 170 193 143 162 
180 181 256 153 133 385 323 198 45 255 360 247 18 227 1 21 138 314 315 284 70 150 80 95 329 2 339 268 340 219 391 160 252 338 233 399 151 302 16 117 267 266 113 67 240 275 134 173 362 387 88 356 366 11 135 184 100 374 389 185 265 118 282 348 69 376 35 179 178 177 
276 158 251 51 369 84 68 85 331 76 47 346 355 97 202 321 156 176 386 159 294 286 200 197 345 372 209 207 116 155 279 400 273 392 145 217 301 203 174 189 139 249 146 59 7 8 228 285 257 90 297 126 
270 230 71 194 75 196 164 310 50 6 62 261 56 226 98 269 61 186 243 274 291 107 318 123 278 172 195 341 201 260 390 263 12 168 37 112 365 175 72 
125 332 300 10 364 106 120 246 96 371 326 319 238 312 359 64 165 235 277 337 229 330 354 182 322 394 199 298 142 121 29 58 
22 381 328 63 30 91 78 223 370 221 280 289 77 103 384 293 111 167 237 24 130 231 48 52 397 15 
32 127 309 157 57 13 206 38 183 380 292 39 46 377 136 128 124 368 305 204 
218 40 34 73 102 220 212 333 140 396 361 288 398 216 258 4 317 242 324 26 81 
213 161 313 327 363 232 86 93 66 53 264 225 115 
141 307 272 154 60 358 148 215 33 27 44 382 122 
350 109 259 236 108 379 152 9 
283 144 395 287 
344 31 342 224 
20 163 105 334 
3 388 
239 
83 
89 