42875
8
143 12 61 156 88 8 134 49 152 95 127 168 83 136 99 185 77 184 72 98 50 194 70 200 175 180 123 119 131 76 148
183 125 122 3 29 172 18 107 87 113 112 84 4 64 157 147 58 31 195 102 17 129 163 22 78 160 80 192 94 10 5 24 128 124 137
33 138 150 48 28 82 43 75 35 146 39 167 56 130 20 60 74 32 120 55 116 106 188 105 42 69
121 7 166 179 111 173 45 86 52 81 142 176 118 199 165 89 140 97 162 117 1 90 68 159 91 34 154 25 37
191 190 197 110 6 109 63 67 170 62 21 171 23 71 198 2 187 178 114 132 44 41 19 108 15 181 51 144
36 182 196 145 133 9 40 13 79 177 14 155 96 16 11 38 59 115 104 141 126 135
93 149 54 53 57 161 46 153 158 66 169 85 27 100 65
189 47 103 92 73 139 186 174 164 101 30 26 193 151
