85238
9
71 55 12 79 151 52 74 1 198 244 56 192 160 136 128 75 121 190 208 185 211 116 169 156 179 114 176 15 159 37 158 241 115 126
247 194 129 17 161 245 50 7 106 209 164 154 30 155 20 11 53 60 95 87 197 119 93 5 222 68 183 184 18 168 38 3
29 140 152 66 111 103 181 24 163 44 67 10 224 59 26 147 170 138 189 139 62 146 63 14 203 195 86 157 166 118 4
72 45 200 134 78 141 250 96 89 127 76 167 61 229 225 123 65 105 187 249 97 142 174 231 143 2 132 131 199 69 153 177 82 212
235 207 233 41 80 171 98 6 112 172 117 130 47 191 64 42 213 49 40 239 101 94 148 102 125 242 23 201 27 145 25
73 232 58 218 210 223 104 48 216 144 182 110 173 205 237 226 120 238 204 122 9 175 246 57 21 92 51 236 180 46 36
33 22 165 227 196 16 221 215 234 81 108 206 162 137 77 135 39 202 43 99 85
248 178 31 188 133 100 70 193 113 228 219 28 84 83 109 90 91 220 240
217 214 149 107 150 186 32 230 124 13 35 88 19 243 54 8 34
