67369
9
214 52 106 49 2 265 258 262 234 50 107 245 42 102 136 210 54 170 164 175 21 34 277 207 33 231 209 83 56 178 181 133 293
203 271 291 202 299 62 44 235 48 122 300 129 199 59 177 35 243 217 103 270 82 266 61 263 105 45 131 220 267 222 80 9 36
162 273 110 241 248 240 99 145 113 260 11 58 244 176 93 167 180 134 225 255 18 154 88 147 252 66 288 137 283 139 188 60 4 278 151 223 115 211 236 155 264 229
57 166 116 152 141 183 24 227 239 16 12 98 96 100 226 215 159 81 161 189 26 153 257 259 274 276 40 94 125 46 86 92 289
272 192 185 251 25 51 142 224 127 89 193 200 22 70 39 190 285 71 238 261 111 232 20 233 294 78 32 230 84 148 14 135 182 72 150 179 171 13 121
296 85 1 208 280 47 168 186 130 204 219 123 28 196 256 275 27 292 17 268 143 173 29 286 144 191 76 43 290 242 212 101 120 64 282 140 132 269 249
114 77 284 149 237 172 298 124 160 37 128 157 187 253 30 250 38 158 119 65 104 112 68 197 87 221 163 218 55 169 117 8 91 246 228 19 279 184 75 97
198 156 10 79 201 213 108 3 63 118 53 194 73 165 254 295 95 205 247 31 5
74 138 7 287 6 67 15 109 126 216 195 146 297 41 206 281 69 23 90 174
