119704
10
341 200 125 329 4 3 102 78 140 317 52 216 77 116 135 121 86 6 304 68 220 185 169 134 106 224 120 302 35 336 159 136 14 50 272 56 297 94 23 61 195 162
27 258 100 16 273 262 99 173 236 177 191 158 332 343 337 237 243 276 152 174 74 249 48 263 277 303 342 164 104 313
39 309 300 110 132 81 291 115 5 289 247 215 76 217 181 154 251 233 269 307 330 95 167 204 163 316 105 2 301 31 91 296 146 178 63
32 37 15 79 22 290 199 130 201 123 280 260 166 42 318 335 111 238 325 203 344 107 112 109 324 279 59 182 282 338 47 73 327 278 234
126 305 328 345 180 226 53 26 235 13 197 244 18 36 306 209 108 194 142 254 284 58 295 150 41 208 190 143 57 98 128 308 242 186 165
60 85 155 148 38 193 228 46 28 294 103 231 29 138 71 51 275 62 267 310 65 326 80 205 348 240 149 19 219 347 265 9 299 212 319 315 11 211 331 183
114 72 17 147 281 133 283 10 49 246 222 241 171 271 129 320 287 253 202 285 259 274 20 221 119 213 293 268 256 264 70 101 151 160 184 127 30 93 21
288 229 44 257 67 225 124 25 118 206 12 69 252 255 64 227 75 207 314 170 43 312 311 24 176 261 218 187 83 157 339 139 82 168 346 172 33 323 34 250 55 333 321 137 131 298
161 266 92 113 84 90 179 292 340 223 156 210 188 239 87 7 230 88 248 153 144 1 334 198 232
117 66 122 8 89 145 141 245 270 97 45 286 350 175 196 54 40 214 349 96 192 322 189
