151517
10
147 378 114 65 49 208 367 245 188 23 320 234 101 222 253 119 349 214 43 241 131 104 304 244 250 171 352 129 187
25 87 191 94 311 347 335 162 170 383 336 79 262 17 296 393 169 133 351 82 303 375 210 45 99 190 308 137 166 36 149 193 373 254 299 5
67 18 74 340 240 2 295 290 329 362 314 110 284 14 28 387 151 252 143 150 1 192 21 160 198 357 247 385 267 268 227 302 316 323 69 211 360 54 138 255 95 70
366 134 331 88 177 251 356 315 135 118 389 179 184 16 153 185 386 173 100 374 219 282 116 97 35 339 275 346 294 233 391 80 338 256 76 266 11 376 399 178 369 276 84 321 85 348
194 6 61 263 310 96 72 7 62 71 390 228 400 68 226 156 59 37 155 145 56 50 217 202 249 75 164 186 243 257 286 291 197 195 146 345 297 90 126 285 189 301 200 279 201 261 365 174 51 98 12 181 107 8
221 260 112 103 175 38 229 364 39 278 91 246 332 167 319 121 330 394 168 235 353 230 312 106 64 318 182 326 111 277 271 341 78 120 300 63 354 322 15 58 30 359 274 392 269 371 293 24 337
292 102 77 157 32 225 258 44 309 124 204 397 52 57 280 327 4 93 384 128 377 363 142 212 216 368 34 398 48 161 328 136 46 148 242 199 86 379 370 66 81 26 13 29 317 53 264 305 237 324 40
33 334 9 105 231 350 215 206 381 31 307 287 395 55 342 259 224 236 152 154 372 313 60 358 333 20 144 273 272 27 141 163 122 165 117 396 382 298 115
239 3 289 283 355 361 108 92 109 127 22 207 281 183 306 130 83 380 180 196 388 176 205 41 238 343 288 220
158 172 140 132 113 73 325 203 47 42 270 10 223 139 218 89 248 344 159 213 123 19 265 125 232 209
