202441
11
192 325 327 29 449 88 232 261 260 53 42 270 22 363 116 103 145 402 218 321 185 244 153 222 274 323 83 362 424 413 430 208 407
263 68 94 349 203 183 398 155 120 32 369 317 87 397 220 399 39 99 193 319 406 305 130 52 275 446 141 289 142 418 115 414 162 235 215 6 180 379
163 179 82 13 60 191 182 151 376 296 96 2 310 26 221 262 8 17 404 417 37 368 358 217 187 328 45 338 209 373 280 385 195 375 51 318 346 56 408 19 292 427 92 111 11 387 294 109 216 47
58 186 288 370 97 38 371 197 154 366 431 105 90 299 35 137 297 135 437 226 351 229 138 95 242 159 44 240 46 84 16 246 267 290 78 367 189 411 124 409 311 63 315 196 353 210 108 178 128 377 276
344 129 104 136 443 14 372 55 435 15 365 257 390 110 171 245 158 304 428 301 41 249 69 139 177 291 336 23 85 282 119 426 309 334 207 224 160 147 343 332 444 303 293 72 320 122 241
161 40 298 125 285 360 438 174 113 238 62 212 239 1 314 66 236 237 28 175 206 335 234 118 423 219 223 415 24 176 9 342 214 102 70 67 100 394 391 436 27 392 227 403 121 33 198
225 133 300 447 61 329 18 340 341 73 259 380 281 165 200 86 355 283 12 420 266 388 117 190 400 313 168 21 59 170 123 114 166 148 77 134 93 324 173 106 247 202 253 333 48 422 107
356 231 308 169 316 188 347 345 101 273 89 433 378 79 54 36 10 284 194 412 439 25 34 425 143 157 450 81 181 295 50 401 112 150 80 381 361 91 5 405 442 30 172 251 268 248 357 76 354 230 205 384
233 255 434 386 7 213 448 74 350 441 146 432 326 302 127 286 312 254 389 330 71 395 132 184 277 419 396 243 252 272 75
279 382 410 440 152 140 211 264 445 429 31 393 359 144 98 307 258 271 57 421 126 383 339 4 331 278 374 43
204 250 20 287 269 65 49 199 156 164 348 256 352 131 3 167 337 416 265 201 306 322 228 364 64 149
