223165
12
341 203 401 325 114 18 326 487 24 248 80 307 426 188 173 389 414 236 144 391 234 300 88 152 95 273 486 298 187 296 34 353 365 12 352 366 330 252 459 191 316 4 259 314 481
198 328 376 128 44 317 39 269 38 329 79 299 436 331 235 357 70 305 83 275 291 192 355 183 21 289 210 257 98 337 220 232 322 274 206 348 193 297 470 158 474 216 127 479 450 87 324
65 253 458 222 409 334 434 82 89 85 277 439 412 310 47 383 243 422 384 61 67 390 276 16 427 397 97 215 369 8 454 491 287 284 105 333 15 477 207 204 370 350 77 398 212 9 319 60 488 496
250 473 293 122 363 116 35 286 201 347 321 174 63 133 244 442 155 23 66 10 25 500 460 359 57 456 164 358 241 178 137 31 194 484 169 74 373 396 120 279 420 343 283 151
29 36 96 189 255 379 26 132 247 413 312 131 166 394 62 445 197 437 351 245 72 374 453 380 119 7 107 451 371 372 256 179 385 387 135 268 170 295 106 498 111 266 104 455 149 478 94 251 403 75 159 393 27 342 28
46 55 490 400 421 361 485 172 466 335 327 482 32 153 263 177 125 196 311 147 157 402 14 483 76 58 140 91 182 395 200 239 438 146 254 112 19 338 214 40 270 392 129 443 180 360 109 404 113 51 448 115 272 280 213
431 265 411 167 186 271 260 2 425 495 440 261 134 447 54 497 415 37 110 52 81 176 118 71 246 136 349 306 464 11 121 86 285 205 1 225 184 368 281 405 489 386 417 332
428 100 160 230 99 143 73 5 93 462 68 494 377 185 449 69 446 345 154 33 139 294 48 430 471 117 432 452 108 175 59 354 429 278 3 492 84 320 433 123 399 336 339
424 49 209 231 199 344 165 190 156 195 475 162 142 228 382 103 171 161 202 499 163 465 233 90 444 410 101 457 375 493 423 223 217 181 406 138 224 441 315 362 229 472
407 309 56 126 435 480 6 227 288 282 302 290 124 13 292 381 238 102 30 218 168 323 388 53 242 237
313 340 145 148 20 476 418 22 41 50 378 258 92 356 367 304 301 43 264 221 467 45 364 416 468
130 461 262 346 211 17 308 267 408 303 78 42 249 226 64 141 463 208 419 150 219 469 318 240
