145208
39
293 181 56 9 33 21 164 175 170 265 178 52 107 258 174 133 234 245 231 42 54 281 49 34 266 102 136 207 277 83 177 209 66 214 262 217 50 126 210 106 220 129 2 222 44 103 105 243 45 61 80 235 299 263 271 36 62 35 131 203 300 48 122 199 206 82 270 109 291 202 267 59 260 155 211 23 244 283 4 229 5 58 139 110 147 180 69 287 188 255 236 145 176 154 134 240 115 151 137 252 162 288 241 11 264 161 248 60 273 88 278 167 223 225
73 16 226 93 99
259 18 113 24 98
141 159 40 96 289
274 215 94 14 86
100 183 74 239 26
46 92 247 31 125
257 81 166 148 152
153 57 227 12 285
121 276 39 192 179
127 189 224 205 78
193 216 111 116 230
13 20 135 232 89
297 108 84 171 185
72 251 261 190 22
32 71 294 198 29
85 191 233 213 51
1 120 182 275 138
15 25 150 28 201
254 200 195 272 132
186 290 295 238 70
142 269 17 249 140
27 47 286 212 101
156 280 208 204 43
144 296 168 123 173
143 55 256 194 97
79 76 196 63 146
160 219 41 38 67
3 282 130 19 7
87 165 292 158 242
268 64 75 237 8
218 221 114 279 187
128 53 163 250 124
184 90 246 157 197
112 119 284 65 77
169 104 253 118 30
68 117 298 95 149
228 172 6 91 37
10
