500
31 2911 2
92 2011 5
59 3906 8
67 678 1
23 876 8
44 1994 8
33 2306 4
8 241 8
47 1582 8
68 437 8
54 3199 6
86 564 6
71 2404 2
96 495 4
90 2792 4
62 1185 3
13 1397 4
98 1550 1
67 2648 2
82 1860 8
37 3695 7
80 79 9
85 533 6
28 4175 1
50 2373 5
7 557 3
86 2849 7
81 2535 5
53 1494 8
64 3326 1
7 592 8
29 1827 8
49 2593 9
51 2395 2
67 3301 1
35 691 10
9 4222 1
24 962 5
35 2866 1
3 1811 9
48 3848 2
86 2969 9
48 157 5
29 3783 7
26 1230 6
47 1960 1
90 2952 4
41 3711 2
75 2517 1
65 1507 8
38 1571 8
66 3627 6
26 321 10
47 3164 2
8 861 2
89 1977 10
52 1872 5
89 2 1
99 2452 5
100 351 10
49 4410 5
81 3382 2
17 2628 9
16 1674 5
3 499 1
69 1340 10
36 2105 4
97 3253 10
35 2443 4
72 3111 6
7 392 8
95 233 9
65 3813 10
58 182 7
1 3859 6
76 3541 3
67 2549 10
23 4349 8
9 742 3
51 2374 1
48 2594 5
26 1868 9
17 2404 1
95 3277 2
4 3323 6
52 1285 3
81 1020 6
41 3426 4
41 4153 10
11 1424 5
53 2258 7
27 900 8
10 2804 5
12 204 8
84 2075 3
3 2326 8
14 3407 2
43 3704 3
85 165 9
41 4141 8
47 930 5
55 1927 1
19 2607 5
77 2772 6
51 578 5
73 1304 7
63 388 7
91 1417 9
49 2297 1
32 3104 6
57 2937 6
87 2200 8
51 4018 8
19 4045 1
100 1378 1
12 3180 4
39 2897 5
16 1299 7
63 2684 2
52 4040 7
10 2742 6
68 3096 10
82 1227 5
17 203 7
15 4441 6
74 7 4
98 430 5
82 1686 4
100 2307 8
74 2787 4
12 2042 10
10 3485 2
38 195 6
19 2544 7
75 2679 1
84 1171 5
95 2846 8
69 4400 3
86 4493 6
65 2028 6
85 1681 9
31 4328 10
27 4289 10
39 1327 9
60 2038 3
42 571 9
44 4001 2
5 3272 8
49 2158 5
72 494 9
52 4268 7
97 3888 1
41 54 4
54 1097 4
55 4349 6
85 3173 10
16 2080 8
90 1822 7
12 1307 3
81 3848 8
30 3133 10
29 822 1
16 2347 3
93 3997 3
96 3291 3
11 4278 2
4 3076 3
27 2666 10
38 1993 7
20 1583 8
70 1108 4
30 1722 10
93 3748 6
13 4520 10
4 3971 9
20 1905 2
90 4534 1
45 2259 8
74 3706 1
15 3191 10
64 3004 3
24 1235 7
51 1886 4
67 1794 9
75 1598 2
36 3826 5
62 1438 5
69 1569 3
83 2184 6
36 3334 1
79 4350 2
87 3565 6
6 2512 6
19 1971 3
36 1492 8
86 2657 9
59 1951 8
31 2709 2
72 2087 2
7 3092 8
78 3769 7
19 3756 1
64 487 1
39 4389 1
4 1440 10
95 2382 4
8 663 8
35 2172 2
6 413 4
55 180 5
40 1729 10
68 154 7
4 3872 2
53 4104 6
14 1084 7
46 1959 6
49 2427 10
8 1033 7
93 577 10
47 3844 7
75 1235 4
44 1926 8
94 998 8
66 2581 6
10 3636 10
57 3122 5
86 4180 4
65 2094 1
59 1751 7
37 1353 10
42 886 4
100 3054 7
69 3567 6
36 3998 4
19 2117 4
58 1737 8
82 2400 3
70 2918 8
94 3676 4
78 3490 2
81 141 3
64 56 6
55 2957 10
24 1586 6
17 3653 4
65 2015 4
60 2704 4
63 2007 4
64 4285 5
38 1396 3
22 2589 10
38 2117 5
43 1135 10
57 1026 2
79 1476 1
27 772 2
20 3584 3
59 3344 4
42 4548 8
24 4144 8
68 3741 1
89 2709 2
1 1502 2
65 1106 8
12 830 3
97 1203 6
69 351 3
24 1958 7
74 2968 8
64 1922 6
34 4458 5
6 1055 3
39 2932 2
7 4159 7
4 3070 3
97 2025 9
24 134 8
73 3996 7
65 4086 6
81 3566 7
90 245 2
5 3369 5
22 2045 7
17 3489 1
62 3201 8
1 3912 3
31 2496 1
40 1583 2
15 3421 9
97 648 1
24 2871 10
44 3791 4
2 1679 7
16 2744 4
16 1216 4
1 2875 6
36 2875 6
24 1711 3
1 27 10
32 3931 5
52 586 9
91 824 10
5 3455 3
65 523 5
96 2688 10
10 4461 3
92 4242 10
28 3023 6
95 454 5
19 225 1
67 891 2
83 1172 3
11 3941 4
49 3718 1
52 1526 4
53 2122 1
6 4559 9
76 3328 10
33 228 4
46 4391 1
46 1708 2
38 3748 5
10 4029 1
30 3761 9
15 768 7
36 2336 5
13 559 1
82 4098 8
48 2549 3
60 4294 6
12 950 1
99 2820 5
97 4254 3
55 658 10
5 1300 8
62 1142 9
30 1691 10
2 4332 3
46 2067 6
50 886 1
86 3203 8
56 4363 10
24 317 3
58 1045 5
80 228 6
16 2924 10
71 2402 5
18 4549 2
61 756 3
65 400 9
54 810 10
44 802 1
19 4041 8
34 71 9
58 2132 8
2 3781 9
89 2670 10
42 787 1
23 100 8
63 2508 7
53 2760 4
24 3777 9
80 2278 6
89 321 3
25 2541 2
79 3210 10
77 3939 1
9 2246 5
72 1050 3
93 1277 8
67 1992 8
86 835 10
16 2715 6
65 1817 6
68 4021 3
100 1934 5
67 3211 8
10 939 7
42 4489 10
7 3991 10
44 1251 6
32 3379 1
61 3396 7
86 1710 10
13 1024 6
22 1017 7
45 1223 6
80 2665 8
88 4201 1
33 2164 8
15 445 6
59 2651 1
90 1715 9
89 206 3
13 4506 5
80 3428 1
87 2195 4
96 3027 6
21 399 1
70 2018 2
5 1569 4
48 4248 7
13 710 2
22 3721 6
28 2052 10
76 394 1
64 3920 7
83 2421 4
14 3087 2
10 3998 2
67 4272 2
52 1614 2
70 2362 4
50 2364 2
80 1284 4
2 187 4
42 3117 1
3 3468 1
93 1184 4
65 769 6
21 4056 10
63 2391 9
12 423 5
71 3880 4
36 2502 6
64 4149 7
36 2811 8
22 1600 7
5 2800 7
1 2903 7
47 53 6
27 2226 10
79 3325 3
5 4071 9
40 2759 2
85 3761 5
91 1120 2
83 3036 6
96 2416 1
68 3129 10
11 3355 5
20 269 9
55 2703 5
79 79 5
38 3046 9
27 1953 8
2 3351 9
53 2792 9
31 863 9
35 1025 8
41 1666 5
74 4516 2
76 3946 9
73 1505 9
57 2887 10
19 1837 8
75 796 4
82 2013 2
66 4425 4
47 99 4
6 1664 4
11 2854 10
4 2018 1
17 2343 9
37 566 5
49 3062 10
1 1424 6
62 1530 9
50 2913 6
52 3131 9
78 1164 3
85 405 2
46 1504 5
61 337 4
71 4360 5
66 4272 1
48 1636 2
65 949 1
34 542 5
64 3648 9
64 1513 5
96 3899 7
20 726 10
10 1014 2
51 895 8
4 1940 6
21 641 5
41 266 2
94 1031 3
20 4505 1
29 3592 3
11 634 8
2 735 7
65 936 10
35 1026 9
96 1777 10
73 1368 5
67 3941 5
47 3553 1
20 4551 7
