450
20 2182 8
4 3005 2
78 2778 6
79 321 6
94 573 5
92 3090 1
18 3958 10
48 557 3
51 2529 7
53 1534 8
39 3170 4
55 1335 3
57 1077 6
44 1517 6
9 1986 6
24 4149 3
37 845 7
79 2017 4
62 3731 9
82 3077 2
35 1312 1
42 1876 1
17 1103 7
21 1737 8
20 1905 5
100 621 4
72 2022 1
10 1794 10
31 1253 8
89 2434 10
68 2734 7
50 1854 5
67 630 2
92 2493 10
44 2423 9
48 976 5
22 3964 8
36 1511 1
3 2126 7
67 3677 5
92 1418 9
34 44 7
64 378 1
44 1059 2
90 2033 7
15 531 7
65 3547 8
66 760 8
67 2555 8
47 1957 7
48 2959 6
82 3080 2
35 3198 10
40 529 5
21 169 10
83 1333 7
76 2181 1
66 3900 6
56 2716 10
2 408 6
2 3024 6
96 562 4
89 2415 10
12 766 5
12 753 5
24 2684 8
5 2207 10
76 3582 7
90 4003 10
38 1566 9
73 2087 8
32 4079 6
89 2074 5
50 606 10
35 2573 4
19 215 6
89 1063 2
18 2063 1
68 174 7
69 4241 2
68 727 6
28 2689 9
35 3875 6
41 3840 6
5 2022 9
40 2817 6
97 3538 3
36 2329 5
33 2795 7
4 347 5
86 2636 4
34 2980 7
92 2371 7
76 335 8
19 1929 2
61 1436 5
9 1567 9
54 3175 3
28 3419 3
74 438 1
16 1323 8
99 1718 4
62 2667 2
49 1515 3
98 384 10
28 1576 9
13 2220 10
72 2697 2
4 4086 2
96 786 4
12 301 3
59 919 8
58 1702 2
93 254 1
27 516 7
42 846 7
23 312 3
52 2695 4
60 3550 10
15 106 8
2 803 2
4 2953 9
51 3611 4
12 516 7
66 763 7
75 1361 1
45 1551 4
95 404 10
5 123 1
20 898 6
43 1515 5
21 2282 4
35 3111 5
44 875 7
85 3929 4
90 3000 3
5 1951 1
90 2106 5
25 220 8
70 3473 4
84 3346 4
25 3781 2
67 2140 8
81 1429 8
42 3383 10
83 2443 6
20 541 6
64 4129 5
66 1344 3
91 230 7
49 2500 6
7 2970 2
97 3586 3
93 3920 3
66 2025 5
71 1756 1
89 3034 1
26 1858 5
63 2252 9
65 2580 4
44 2728 3
76 3431 2
61 3688 4
33 3892 4
92 1543 2
56 2690 4
52 95 4
98 2751 7
43 2402 2
27 1026 3
89 43 2
97 1857 9
43 2372 7
51 2066 6
14 434 9
40 51 9
15 2238 9
79 496 9
68 2768 9
49 1683 7
74 4089 9
36 854 8
38 1750 8
53 4022 8
60 2770 7
69 3656 9
96 1047 3
6 4271 5
89 4212 4
65 849 8
50 1488 7
61 2551 1
3 1232 6
55 57 2
8 504 7
86 2526 6
92 3812 10
84 2951 1
78 1746 10
1 3875 10
71 2259 8
8 2773 2
38 3538 5
93 3680 7
83 4227 1
8 1371 6
25 2438 7
95 419 8
71 1791 1
18 3731 2
74 2433 7
88 126 10
55 826 1
8 2240 6
91 2722 1
51 2545 5
65 2368 6
94 2853 4
24 583 8
45 1659 8
75 2947 5
44 2303 6
95 1504 6
86 44 2
38 1545 3
59 352 3
10 882 7
14 425 2
31 3193 5
49 3388 7
33 3790 6
66 2314 2
27 3034 9
32 2114 6
75 3633 8
76 1751 9
50 672 8
10 1119 9
71 3680 7
46 2470 9
54 3713 4
3 3045 1
3 3116 3
7 884 8
24 115 7
86 764 9
18 3593 2
44 1164 9
44 741 4
58 1160 3
71 216 10
49 720 8
68 466 4
91 389 1
76 2516 10
32 4310 9
59 2282 4
41 3042 6
79 3261 2
75 1368 4
3 1938 1
88 1164 2
66 3137 1
70 2514 8
19 1564 1
75 153 5
68 3775 5
32 3827 5
70 3701 5
81 3623 6
33 4221 2
14 1414 6
28 1245 3
20 0 2
41 1494 5
19 267 8
60 3553 7
65 2658 3
60 1178 6
1 3361 7
91 2614 7
58 1939 5
8 3256 8
72 3172 5
80 1161 8
94 870 5
60 3967 10
72 872 9
35 616 1
34 2283 4
48 1125 2
18 383 7
59 2384 6
72 1433 8
16 186 8
17 2148 10
3 1963 4
53 3099 10
69 4214 4
57 3988 8
44 3620 3
86 4070 2
41 1831 7
91 684 1
75 687 8
84 2324 10
5 4087 7
71 1147 9
99 730 7
84 3046 6
6 789 10
16 1528 10
31 347 2
97 3531 8
23 3226 4
44 2199 2
4 1996 3
29 3171 4
39 1788 9
11 3109 2
76 1569 7
70 383 10
71 3147 10
50 3870 8
18 2445 5
5 636 9
46 258 9
25 2484 1
75 2053 8
29 1910 2
53 1856 2
28 3758 3
43 769 2
87 980 7
42 1913 2
36 1935 7
23 2508 2
38 544 6
100 3754 9
55 137 10
94 1727 4
67 2869 6
6 3867 6
94 3932 5
49 3158 6
11 3353 3
15 999 6
52 4161 10
64 3573 3
53 4003 10
81 373 6
6 3807 2
67 3669 4
99 4056 8
16 824 4
53 2701 9
37 3559 3
77 3552 8
91 3297 10
41 1103 4
82 3094 1
61 1118 10
61 2581 1
46 3331 7
20 4169 2
67 117 8
41 2464 6
75 464 4
6 839 9
6 2999 9
79 201 3
29 2075 1
8 4030 4
62 1900 5
58 1983 10
61 4078 2
46 69 8
18 2512 2
84 3521 4
91 1376 3
64 3133 3
45 3575 3
74 2739 7
79 913 8
20 1981 4
14 3845 9
64 1510 2
50 63 2
53 3288 8
73 3941 5
92 77 9
86 1002 6
44 4055 3
68 2515 8
32 611 10
94 79 1
96 4144 3
12 1597 7
60 4212 2
69 3994 7
65 2260 5
37 3538 1
49 947 7
36 2979 8
95 2204 1
66 3920 2
43 933 10
96 1034 10
53 2525 1
21 1824 9
54 2479 9
83 1081 7
78 471 1
90 1359 5
23 32 2
79 2834 7
22 2264 1
29 3774 9
64 1941 3
73 3392 8
29 1350 9
39 3028 9
17 235 8
64 2801 8
26 1063 6
46 1893 10
87 669 1
24 250 10
6 1803 7
68 4137 5
94 4200 4
33 2252 7
71 2762 8
9 3343 7
2 1835 9
53 3591 9
15 1049 10
60 3878 3
55 1365 8
70 3700 4
75 1436 10
43 2985 1
30 1172 6
86 3071 9
3 3856 4
81 1738 9
66 492 8
42 3976 5
44 602 3
26 3288 8
