350
94 1015 2
83 1132 1
8 292 10
41 1830 8
3 143 1
91 2001 8
67 2266 10
56 1425 9
10 2842 2
80 917 2
23 3131 5
35 1484 2
93 2595 9
96 1399 6
93 581 1
93 1359 2
80 2010 3
100 2753 8
33 679 10
22 1526 5
16 2552 5
52 3212 9
2 3058 4
20 2376 9
62 2225 3
23 740 1
89 1471 2
97 357 7
3 2302 1
4 1512 7
61 294 5
10 968 3
100 2890 10
15 1930 5
10 1758 1
65 767 1
21 2950 5
94 3166 10
64 2877 8
63 1285 1
96 1310 8
84 2324 7
76 2227 5
65 640 7
40 2062 7
29 246 10
55 666 8
36 1989 6
36 2760 3
69 1784 8
63 74 1
56 943 8
23 2513 8
67 3042 6
13 3029 2
41 769 7
89 1950 5
44 2153 4
60 3186 4
98 2885 9
12 1925 2
27 597 3
46 2110 9
60 1874 3
78 1969 4
62 218 4
29 1887 1
48 1927 8
22 1063 4
69 2214 7
83 1081 9
13 2305 5
67 449 10
83 2600 6
63 708 1
45 540 9
43 2222 7
66 1979 5
100 1350 6
40 458 8
82 720 1
18 383 2
71 3302 7
68 841 6
78 2755 7
39 630 7
76 3074 2
82 944 9
15 465 3
76 704 4
87 2915 8
39 3303 8
13 1279 2
78 1421 8
54 38 9
59 1411 8
63 2215 6
54 2434 7
10 1991 9
5 2986 10
84 1423 6
46 2649 1
63 3287 6
7 2894 10
2 2953 5
97 1949 7
15 2728 6
66 2558 9
15 651 3
18 738 3
53 358 10
95 1287 3
61 1318 10
41 2747 2
17 1832 8
7 645 4
13 3057 10
54 2275 1
97 2519 7
39 2039 3
34 1840 1
59 3133 5
90 199 2
72 333 4
49 596 8
65 2562 1
69 1844 6
83 2721 8
13 1396 4
9 409 3
68 2291 7
84 434 7
82 693 4
43 2054 9
6 2940 5
52 3164 4
72 2246 9
63 2650 5
99 1434 10
39 560 7
86 651 2
53 2703 1
15 3277 2
24 2356 1
13 641 9
36 3191 8
57 1222 10
76 620 10
35 1627 6
49 1931 1
28 1615 5
47 1715 7
42 2867 7
32 3295 8
63 2885 7
45 1928 5
26 2952 8
72 110 6
24 2346 4
74 3196 5
62 3317 6
24 2672 7
62 726 6
39 1614 1
99 1363 7
46 2428 3
61 1921 6
5 661 5
19 3041 3
94 2048 5
51 3235 8
28 2435 4
27 1216 8
69 752 7
4 2321 1
75 2717 9
9 1681 5
16 3176 10
75 2655 7
98 1528 7
97 1251 7
69 1896 1
50 659 4
52 1227 5
39 352 2
20 839 1
87 2700 4
76 2650 3
98 1277 10
36 2169 4
76 803 3
7 1996 6
90 466 9
33 829 6
100 2559 3
100 325 6
63 1677 1
37 131 4
46 219 4
75 3278 6
86 228 1
20 698 8
51 1706 10
21 1188 6
34 537 10
2 1084 7
2 67 8
22 1145 9
14 2640 5
27 281 3
71 1224 9
76 364 1
54 1177 5
37 8 1
24 1337 10
95 2970 9
97 1964 3
65 1693 3
79 2104 1
20 21 2
48 905 4
6 1699 4
46 377 5
21 252 9
34 2781 9
21 2525 2
59 1706 5
39 1197 6
2 2948 4
93 2590 2
82 2073 9
3 2585 9
6 803 4
31 2567 3
20 2518 7
24 1110 7
11 1911 9
71 1192 9
26 2349 10
8 2708 10
75 3058 5
80 680 2
80 1390 1
51 2629 10
40 29 3
59 2871 9
18 1580 3
54 841 1
24 1933 1
83 3108 9
61 586 4
26 2739 4
99 678 4
7 3096 4
82 241 10
70 2796 4
49 2754 2
98 1338 9
38 3223 6
12 886 10
49 589 2
49 2781 9
55 330 3
36 1703 6
9 79 9
1 889 1
49 1203 1
81 1507 6
38 1587 10
13 3345 8
70 1359 9
99 1599 1
17 84 6
78 3252 6
73 2744 8
49 172 4
92 1867 2
98 1717 8
21 183 2
69 2623 10
49 1149 10
32 1567 8
86 1059 9
48 1640 5
46 2220 9
98 357 1
62 82 9
53 132 7
72 969 8
82 3297 5
51 2665 8
38 1675 6
22 1832 10
66 1184 5
7 9 1
43 2302 8
38 2477 10
46 701 7
8 2430 4
63 2127 6
81 901 5
20 3173 3
79 2789 1
87 458 7
98 1879 10
38 1758 1
89 3162 10
33 943 6
92 2992 8
77 3290 4
14 2704 1
54 1877 6
1 2267 9
91 3143 10
2 1197 1
40 1967 7
46 2378 5
35 976 8
46 1089 5
3 1793 7
68 836 1
96 497 9
51 1451 10
71 2845 8
40 998 1
70 844 6
25 2001 6
56 1934 6
15 783 8
99 1087 7
69 328 7
72 711 2
88 2767 5
17 40 9
73 1760 7
45 152 7
43 2287 7
6 2898 8
66 1818 4
36 1461 8
50 2054 2
49 2376 3
31 3096 1
92 1038 10
98 362 8
98 13 5
47 1837 7
16 1626 6
1 2864 1
59 1249 4
