100
5 740 3
97 824 7
45 778 5
76 395 4
67 664 3
89 764 9
81 618 1
11 830 6
11 17 7
67 720 9
28 460 4
21 637 2
60 669 1
80 656 3
4 27 6
24 175 4
60 162 4
89 281 10
60 709 4
53 614 7
4 1 3
21 289 5
84 356 10
21 621 2
47 515 6
6 43 3
28 319 8
52 869 10
84 574 2
66 691 6
12 256 5
80 275 5
51 48 4
53 600 4
61 39 9
39 286 7
89 126 4
70 252 6
23 425 2
64 98 2
89 444 7
93 432 7
48 169 4
44 49 3
58 347 1
45 643 9
34 520 2
82 378 5
6 533 1
13 480 8
93 384 7
91 599 10
55 393 6
8 473 5
41 337 4
25 164 8
14 547 7
9 713 6
73 223 10
56 369 10
21 187 8
22 34 5
60 615 2
39 472 9
63 561 10
44 68 9
26 549 1
85 127 10
15 860 1
56 51 4
24 372 1
73 544 10
61 467 4
16 493 4
84 291 6
59 610 10
47 818 6
51 351 8
53 503 8
14 240 10
78 727 8
45 176 4
14 75 7
78 178 7
96 303 10
3 363 5
59 180 4
62 157 7
9 315 1
6 849 9
2 715 5
32 553 5
99 203 2
21 449 2
35 15 8
61 882 7
76 571 6
14 225 10
23 826 3
31 111 1
