200
74 1383 1
59 1836 9
8 1016 6
53 1598 7
22 1769 6
64 906 1
44 947 4
11 578 1
54 378 5
15 1035 6
25 1836 8
83 1387 4
16 1904 6
68 1349 5
54 207 10
6 518 4
50 905 4
50 311 5
30 588 8
29 1585 8
37 1283 5
85 1453 10
55 90 8
9 1676 2
59 981 4
89 1567 10
16 154 1
17 674 2
69 1358 9
44 1664 9
87 1597 8
6 759 2
4 307 1
96 1511 7
94 1666 9
5 633 1
38 1358 3
89 224 5
4 1375 6
22 857 10
83 758 2
60 491 2
26 1598 5
90 484 4
86 831 9
62 448 5
100 1634 10
51 1903 7
39 1854 2
87 559 6
41 1507 10
86 1735 6
76 25 5
89 983 2
39 356 2
51 1166 1
17 1546 5
94 1578 8
45 257 7
81 458 10
20 103 4
19 865 9
20 1098 9
40 1574 1
41 577 10
89 618 8
79 1271 3
38 694 10
71 1815 2
50 1350 3
56 911 4
31 1092 8
58 1145 6
66 765 6
34 1850 7
19 917 4
50 220 4
45 1172 9
84 280 9
93 250 6
85 1789 9
98 582 8
74 396 9
37 544 2
17 246 7
44 1020 4
47 594 4
32 973 6
16 1600 8
25 664 6
83 217 5
65 0 7
20 1363 8
48 210 5
78 1837 10
46 280 1
87 238 10
62 460 4
86 465 2
82 656 7
39 269 5
16 233 10
59 428 8
14 908 3
30 1770 2
36 1838 2
1 667 7
85 666 6
84 1078 10
83 263 1
73 1740 10
92 814 2
44 540 8
41 1522 7
28 122 6
86 1088 10
45 1386 1
13 1387 10
6 334 6
31 862 7
63 948 2
44 1159 4
39 740 2
19 697 10
12 1094 3
100 1391 6
70 1655 9
68 1622 7
3 1180 8
98 796 7
39 1338 4
36 1126 3
21 1535 8
87 503 2
83 1173 5
39 129 6
61 552 3
96 1318 3
59 1520 4
49 755 4
95 1382 6
57 1835 9
97 1117 3
41 1306 8
3 741 4
14 1750 9
40 388 4
96 1904 7
23 1031 7
65 503 4
35 172 2
94 218 2
42 804 5
77 616 5
30 1896 4
29 37 4
25 1774 8
62 1327 4
65 988 3
16 765 3
25 1541 6
36 721 5
62 1626 7
14 1880 5
86 352 3
69 816 7
17 397 8
22 636 1
97 1340 1
50 399 6
92 964 8
7 677 2
81 212 4
49 689 8
78 506 5
80 1424 4
40 756 9
65 965 8
18 465 3
97 1742 9
23 829 8
19 726 8
61 1264 8
80 1501 1
56 563 7
36 1271 9
33 1434 3
32 1137 9
87 1269 10
24 1543 3
47 1146 2
18 834 6
56 533 6
65 305 4
11 781 9
15 997 7
56 531 5
22 1325 3
81 571 5
77 1083 1
