300
44 2960 2
21 2033 6
77 2943 3
30 1841 7
21 349 3
29 656 10
34 2814 9
94 2414 5
82 2384 6
95 3062 7
59 1399 4
12 2675 3
54 2809 6
66 926 4
47 1074 5
87 2744 8
81 383 6
9 3028 4
23 1845 4
86 2823 3
66 2951 10
74 1180 3
38 2556 3
78 704 4
39 2592 6
46 1625 4
52 1596 2
86 1971 8
29 1020 2
48 19 10
52 1590 5
89 876 6
24 575 1
31 2628 7
49 2187 10
50 451 3
32 1358 2
81 1148 6
63 250 4
90 2924 5
42 2619 8
35 272 8
64 2138 5
74 1289 1
54 799 10
76 67 5
82 1713 7
70 3060 6
32 1349 7
86 2625 4
47 763 1
9 1574 8
49 2261 3
75 1325 9
15 1874 6
21 391 8
34 1093 3
82 1047 9
72 408 2
10 866 6
93 1515 3
22 141 1
77 874 5
79 2607 9
66 1693 7
3 1837 8
23 2568 10
68 2140 6
38 2254 8
59 1982 2
55 469 3
48 745 1
11 2900 1
4 1932 8
60 2486 2
17 1953 5
87 2680 8
18 1829 7
39 2871 3
48 465 6
70 738 9
19 1113 7
18 2517 9
38 1131 2
69 90 5
79 1944 10
67 944 9
83 1006 4
76 2063 4
12 2675 10
99 1384 3
53 2484 8
85 1156 7
45 465 2
17 365 6
72 435 1
44 733 8
69 3037 8
79 805 9
38 2247 8
34 1689 10
50 2844 4
53 1963 9
93 2245 7
87 2488 1
2 1006 8
21 1611 7
28 2873 2
3 2879 3
37 2847 5
87 1291 1
6 2112 5
98 489 4
25 2787 1
30 1299 10
22 1660 1
51 1308 8
74 753 3
55 1801 8
60 2606 6
66 2383 1
33 1291 10
33 103 6
49 1651 4
89 2183 1
96 2999 8
93 2155 5
95 2868 8
43 191 3
76 2294 6
77 1944 2
21 212 1
89 2787 4
19 1027 8
94 807 8
5 339 6
12 2568 5
78 234 9
98 2879 5
41 1489 6
38 2833 7
77 527 5
33 1830 5
62 1810 7
60 451 5
55 2738 3
90 1494 6
83 2510 6
4 2767 9
54 847 3
17 482 3
84 621 8
94 2900 4
5 2568 6
78 2707 4
98 1309 5
69 2691 9
100 2477 1
64 438 9
94 841 7
68 1840 4
87 869 5
10 3059 6
50 2049 7
81 2178 2
57 3047 10
50 243 5
96 1621 9
90 1494 3
57 990 3
73 767 7
62 1137 2
33 428 7
72 662 10
84 654 10
92 757 2
29 626 8
79 1345 6
89 445 10
46 2035 9
98 2590 4
48 1357 8
87 61 3
9 2971 3
29 1781 9
46 3045 6
77 2677 8
2 1735 4
26 1304 4
27 3036 4
38 745 2
33 358 1
81 2923 8
83 913 4
52 815 3
25 386 4
30 895 2
34 602 8
78 613 10
3 2865 3
10 298 9
36 210 1
96 1954 3
37 2019 3
45 1205 2
52 691 7
81 2651 10
49 2305 9
80 2023 1
92 2446 10
32 1126 3
28 1528 2
58 537 3
100 3044 6
99 2913 10
35 1713 3
59 1790 4
43 706 2
2 1699 2
63 2030 2
53 80 9
70 1775 1
12 887 5
68 604 8
95 1949 7
50 2279 4
43 1113 4
66 1487 5
63 1547 10
62 2420 6
60 1623 9
83 2918 10
94 915 7
67 920 3
38 1607 10
39 2228 6
6 2763 2
75 1355 9
49 1464 10
40 661 9
83 135 3
82 236 10
17 865 3
46 2469 3
30 907 2
34 1591 3
33 2878 5
1 1203 4
63 2726 4
53 615 7
75 256 4
93 786 5
13 1147 10
81 2026 5
28 985 4
73 31 3
66 344 10
64 944 5
97 2125 5
16 2053 3
85 447 7
52 2871 9
54 1356 1
67 337 7
44 493 8
89 1089 2
69 1080 1
42 736 1
80 891 2
10 2794 9
59 1955 1
28 2876 8
68 2489 9
52 2717 1
100 892 4
71 1933 6
24 2099 1
89 2282 4
44 789 5
15 2043 9
85 2716 4
88 1082 6
84 1673 4
83 2564 5
38 1189 10
47 1455 5
66 2128 9
57 2999 4
80 381 8
20 149 7
46 2388 5
40 3035 6
61 2961 3
44 2987 5
16 1617 5
52 2177 8
28 2002 3
39 2735 9
16 232 3
96 1648 2
