400
83 3134 7
96 2481 9
45 693 6
54 1823 6
1 110 3
68 1907 4
29 3650 9
94 2683 5
37 703 9
6 334 4
54 984 6
53 1956 6
59 2556 9
31 1909 6
95 812 1
54 33 3
15 521 4
66 3514 10
26 2766 2
79 6 2
29 1811 5
92 1001 9
85 1322 5
38 2543 5
89 1822 10
7 0 9
32 3027 2
21 940 5
37 3545 8
66 2657 3
32 2573 9
43 2836 4
44 1139 7
16 2845 6
43 2397 2
41 3466 7
56 2076 10
77 1331 8
88 1723 5
51 3235 3
31 1552 4
49 1075 9
35 2373 8
75 2102 7
1 2892 6
40 3352 9
53 2653 6
92 2458 1
35 1365 10
60 288 3
64 1850 10
73 1243 4
15 3531 7
64 1565 9
28 2496 10
9 1525 6
12 1621 8
43 1770 7
30 850 1
54 649 2
62 3027 3
3 292 9
3 68 6
64 372 3
39 160 8
9 2383 5
34 3624 5
4 2814 3
5 2039 8
85 3347 5
63 188 10
13 2829 2
27 404 10
94 851 6
58 2257 6
77 2576 10
98 534 8
40 2038 4
4 2925 8
78 64 2
20 1284 7
99 488 10
24 703 7
96 819 5
66 505 5
87 2996 2
68 2231 4
84 718 9
47 2707 4
57 3681 6
25 3009 8
98 3477 7
10 2377 9
77 3526 10
94 1198 9
34 2887 2
79 2150 4
34 491 1
6 681 9
22 1246 2
49 3577 10
55 706 8
16 1484 5
71 93 5
84 2162 5
77 3317 4
22 653 5
4 1970 8
66 3314 3
14 795 10
22 2164 8
56 3057 10
24 2555 6
56 2002 1
31 3437 6
41 34 10
79 1619 6
81 846 6
72 2056 4
44 1368 4
67 3572 5
89 651 8
35 0 10
56 2522 4
20 609 6
42 2263 4
3 3220 9
56 178 2
11 3154 3
44 861 6
5 360 6
10 2464 3
39 1147 6
37 463 2
77 799 3
66 3460 3
68 2637 8
33 2244 3
63 2829 9
9 593 6
76 3120 1
9 1703 5
54 3254 3
17 1424 1
14 430 5
79 836 8
31 175 5
34 356 2
40 2706 7
94 844 2
60 897 9
100 1889 3
79 1998 3
64 37 6
79 2275 9
34 3565 4
37 1559 9
11 928 3
55 2212 8
52 1340 10
76 3604 10
51 3629 1
20 2327 8
61 167 8
26 2825 9
35 2568 4
12 2948 8
51 2188 6
28 2707 2
86 2524 3
82 128 9
81 1100 2
85 1701 6
2 1862 4
11 2177 7
89 3102 4
16 1413 6
60 3579 7
12 1333 3
51 2949 9
75 1362 4
56 2414 6
58 359 2
68 1352 4
2 1883 7
21 2238 2
56 1017 1
40 3035 9
56 2430 3
83 197 7
11 1889 9
3 2720 1
51 171 9
17 844 3
74 3709 10
30 2747 5
21 3658 6
78 520 10
45 1254 9
78 333 1
91 238 9
79 3678 5
73 3649 2
4 343 5
81 648 1
68 2087 8
76 3177 5
19 1224 1
90 1997 6
79 209 10
20 92 9
22 2104 6
51 636 6
22 2657 10
19 3160 6
85 363 8
89 344 3
37 2388 2
61 539 9
58 2782 5
29 1897 2
52 2805 7
40 3463 9
48 3067 4
64 624 8
87 2106 7
61 2043 3
16 531 9
62 2171 9
6 1536 8
11 2768 2
15 118 9
94 2411 6
58 3565 5
61 1348 1
61 640 6
15 374 2
54 1466 4
83 3561 3
71 2690 10
52 2349 1
5 732 10
56 3700 8
3 3412 9
18 3619 6
11 2273 4
100 602 8
59 1404 9
14 1231 9
68 2460 10
51 3536 7
82 268 7
2 3055 1
49 1263 6
66 3195 4
6 2012 8
84 1424 5
21 1335 8
40 1238 9
28 2961 8
73 149 8
100 2944 4
65 3217 4
53 2977 10
41 986 8
23 3660 6
42 228 5
22 220 10
82 2843 9
42 3617 2
98 1765 1
38 642 7
61 2298 5
31 465 7
59 273 4
52 1038 2
90 1875 8
20 2930 4
21 559 10
46 315 6
7 525 1
35 1442 9
11 2807 1
13 194 7
10 526 1
3 1398 5
63 3644 8
34 1209 9
99 1630 9
62 3656 7
68 1528 8
22 227 6
81 823 9
11 1876 5
50 1147 1
17 2740 8
34 358 5
78 2134 3
32 1896 7
56 3050 6
24 1661 6
73 3680 10
5 1528 7
81 270 1
25 1441 6
27 3562 4
18 1671 5
73 3007 6
44 3621 10
53 3185 6
8 1148 7
97 3533 2
32 2255 2
7 1482 9
87 3571 3
7 492 6
34 3138 10
67 2419 7
59 968 10
90 1215 7
94 2888 4
39 2605 7
75 1243 1
33 1615 4
72 2993 7
87 1189 2
57 1545 2
41 3639 1
54 1092 2
91 3447 8
44 1896 2
34 248 3
70 2911 3
67 1129 1
12 1276 5
85 2160 5
47 3598 3
94 918 6
9 2130 3
97 2771 3
63 3531 10
55 961 9
100 3536 5
27 2516 6
52 1864 4
100 1997 5
8 334 3
83 1860 10
49 240 2
51 3335 5
57 2566 6
67 2761 5
48 3653 4
85 3268 8
69 1311 10
84 3032 10
80 662 4
50 2508 6
86 2952 9
91 1978 1
35 1414 5
69 2734 4
49 3392 3
24 2421 6
96 2012 2
97 3631 1
100 2613 5
61 2664 2
66 485 1
20 1464 8
37 786 1
84 1157 2
40 3248 4
86 887 1
80 1865 9
25 2753 7
65 3718 8
89 1480 1
28 1560 5
13 3529 1
33 2521 3
37 2823 1
59 3546 4
62 1200 6
58 2095 4
68 2595 6
31 3463 7
14 571 5
21 897 3
97 1704 2
59 1731 4
34 1364 8
37 2801 10
93 3087 6
17 3190 3
75 2636 1
96 2074 7
47 3349 10
40 981 5
80 286 1
