250
47 276 6
52 268 6
73 2139 2
32 1601 6
38 1929 3
94 1016 3
74 1436 3
96 403 6
43 877 6
85 161 3
28 1433 3
19 1784 2
30 655 10
20 773 3
83 2269 10
56 923 10
19 1364 3
15 1885 7
79 1294 10
89 580 6
71 320 1
11 1509 6
40 307 1
70 2008 3
44 737 1
91 500 6
97 2249 3
53 2199 6
29 313 3
9 442 2
34 1792 2
46 2044 2
39 1381 9
54 1287 2
21 80 4
31 703 3
94 1739 4
32 1627 4
10 590 4
57 590 10
91 1403 9
68 1598 1
100 368 7
14 2289 7
36 433 2
17 2043 2
60 2137 6
51 38 1
55 2201 9
97 1571 10
33 451 9
3 1156 8
25 809 3
32 1408 1
5 143 2
38 596 4
55 1821 3
35 1926 6
42 339 1
28 688 3
76 1541 2
71 1351 2
96 69 7
75 1278 3
18 514 6
37 832 8
66 1586 10
17 2026 2
5 1702 7
11 2119 6
24 110 2
95 2278 7
60 1479 1
34 2066 2
80 642 1
36 925 4
16 1852 6
30 2221 2
88 2082 1
94 1173 9
91 937 5
73 517 1
15 1163 9
88 1586 1
76 105 7
87 1529 7
57 352 5
31 1782 4
49 1933 1
1 1579 6
83 655 8
4 1537 8
63 1737 3
57 605 1
22 1996 1
93 1575 6
28 1311 6
75 307 6
73 497 3
9 1234 4
1 1629 5
63 1447 2
33 67 1
37 2106 8
48 1494 4
71 1491 4
44 1200 4
52 1301 1
30 374 6
59 899 8
51 2153 8
41 173 8
20 1024 7
65 182 3
62 1916 1
24 2107 7
88 88 7
55 407 3
35 279 3
75 1543 10
34 398 3
24 1501 10
84 2260 1
48 100 10
87 1785 10
66 356 9
70 1880 4
21 2118 3
8 1962 7
22 629 3
61 1702 10
19 247 1
38 510 6
32 197 5
16 1167 2
38 766 2
8 1689 2
35 2028 3
55 1677 4
18 1214 9
13 85 3
69 419 8
71 1887 4
50 871 7
18 1339 6
62 69 10
74 915 6
99 226 10
80 1739 8
32 300 9
31 1289 10
49 1788 1
87 899 5
67 631 8
32 2225 4
33 497 3
4 1574 7
58 766 1
83 2083 9
31 1454 3
6 436 7
20 1447 2
96 956 4
29 60 10
82 1487 7
24 2157 1
11 1553 9
97 55 6
13 288 10
99 1796 9
39 21 10
71 1860 2
74 1145 5
41 802 4
75 311 10
51 1574 1
81 684 8
95 1448 3
67 347 3
39 1646 8
15 1198 2
23 1286 9
8 693 10
40 1632 3
36 609 10
31 433 10
59 1706 5
48 204 8
69 1807 9
29 979 5
78 1142 2
85 2049 6
13 1273 7
37 1539 2
51 628 6
38 1329 10
44 97 10
51 2043 3
86 597 8
49 953 9
87 318 4
56 2238 7
9 1635 8
74 368 5
64 2163 5
90 272 4
55 595 2
68 665 9
10 912 8
71 139 7
58 1360 3
14 305 7
64 1704 1
32 1251 7
61 1540 2
11 1258 10
57 242 2
88 1058 6
46 909 10
68 1324 4
33 2271 5
21 1006 4
19 1105 2
49 736 3
52 911 3
54 1744 7
45 1353 5
27 1631 5
60 1064 2
34 1033 3
96 125 3
46 314 4
2 89 6
35 657 2
7 519 7
94 1217 2
40 1365 7
9 214 8
30 397 4
5 1848 8
67 1716 2
95 399 3
77 2015 8
13 2278 8
61 2084 7
65 1 8
19 790 10
84 1770 10
38 811 7
98 202 5
