150
61 1246 8
13 574 6
33 563 7
26 448 2
41 1091 7
30 1094 10
70 218 10
32 642 3
61 1413 7
52 12 9
31 761 10
52 840 4
5 877 2
85 484 2
20 1117 10
23 66 8
78 138 6
86 1166 8
47 1369 6
14 1300 2
61 1030 10
99 159 5
57 605 1
72 282 4
56 1204 6
94 1139 3
96 151 1
52 694 8
1 1089 9
55 1111 5
11 285 5
9 498 9
88 970 7
65 1302 7
81 69 4
59 1123 5
45 1179 10
1 325 10
10 1459 4
18 1470 4
79 166 1
12 330 1
80 44 7
95 430 5
12 901 5
65 1205 2
36 830 6
97 753 7
88 253 3
100 1292 6
59 642 6
3 1318 3
11 1284 2
73 544 6
56 955 7
48 382 4
86 461 7
52 217 8
74 1180 8
47 708 10
100 409 4
58 653 3
58 153 10
47 239 1
21 1360 1
78 1167 7
68 729 5
95 1344 7
73 25 1
57 207 5
50 452 3
85 542 6
94 312 9
14 793 6
50 907 3
30 710 3
29 388 6
59 478 2
32 875 7
93 694 3
9 880 8
57 96 6
36 881 10
7 1033 1
69 1231 6
76 1456 1
16 168 1
47 1342 2
7 1306 1
16 560 9
34 430 6
80 556 3
55 1127 5
62 1442 8
21 1173 5
37 484 6
6 466 6
30 294 6
3 1332 9
63 1309 4
53 516 9
28 608 9
24 1332 8
93 640 9
46 1385 3
85 1063 3
8 538 1
65 1039 1
9 757 9
69 1051 10
24 494 7
80 741 4
74 1050 7
82 1003 3
83 1450 5
74 562 6
9 581 8
29 783 6
73 474 6
16 698 5
94 411 7
49 652 6
54 891 5
13 593 1
74 301 5
69 418 9
74 1216 10
64 56 6
53 826 2
92 1030 6
43 1458 2
56 716 6
39 521 10
96 730 2
47 1006 6
76 76 8
90 530 7
35 501 6
99 57 7
13 112 3
20 534 3
96 1155 7
61 888 5
100 369 9
27 1309 6
95 936 4
31 414 5
45 760 5
86 952 9
70 254 7
