34590
14
35 29 42 73 44 135 70 13 107 114 51 128 132 71 37 59 82 16 46 18 143 133 93 60 142 92 109 36
144 17 140 111 104 45 125 47 38 6 86 112 141 8 145 34 55 122 69 110 43 65 85 78 14 27
139 108 39 72 67 131 103 2 11 81 24 91 77 64 105 48 32 115 33 95
54 99 23 97 4 116 56 57 75 130 149 12 119 30 120 123 9 124 49
136 5 137 102 1 106 96 40 138 15 150 21 25 20 3
58 53 79 61 41 87 63 26 101 84 127
68 100 80 19 10 147 50 22
31 7 62 66 76 117 121
88 52 134 146 98
28 126 74 94
83 148 113
118 89
90
129
