41178
15
152 76 127 134 83 175 61 99 8 131 119 77 88 98 184 168 95 156 24 123 136 70 200 49 72 31 148 102 57 147 12 185 180 143
194 183 3 58 195 172 78 160 157 87 17 112 188 124 22 122 163 125 84 10 29 128 18 80 107 94 192 82 137 129 5 4
56 130 120 74 39 86 167 106 146 75 48 28 43 50 105 173 113 35 138 42 69 20 60 33 32
55 41 52 89 121 142 117 1 150 118 68 179 25 159 162 140 34 116 7 154 176 81 199 91 111 97
132 45 37 71 187 23 178 114 197 51 108 144 191 190 153 21 44 165 9 90 181
13 198 171 38 19 67 15 59 16 11 110 170 2 109 126 6
115 104 96 135 182 141 196 133 145 177 14 79 36 63
62 40 155 53 66 166 64
158 65 46 149 101 151
100 169 30 27 161
93 54 85 193
174 103 26 92
189 47 186
73 164
139
