85203
16
183 56 198 74 176 52 75 128 71 208 79 179 126 160 182 62 203 159 169 136 211 115 156 245 87 116 151 1 190 15 187 185 12 192
164 244 37 5 241 209 154 197 68 18 14 7 158 121 95 89 222 3 26 20 50 55 78 138 17 247 119 53 194 66 11 114 106 184 4
170 38 129 161 174 118 163 224 166 140 93 30 147 63 10 111 67 228 60 152 153 86 103 29 44 59 181 168 145 157 146 24
82 72 155 105 64 139 25 45 96 250 27 199 42 177 212 195 65 142 127 134 23 69 200 189 225 2 131 249 6 97 141 132 61
167 171 101 94 117 172 125 191 213 207 112 242 80 47 73 41 104 137 40 148 235 232 102 49 210 144 229 98 201 204
110 57 21 99 76 246 180 48 173 233 223 46 51 238 130 123 239
92 9 108 196 36 227 39 236 231 120 175 237 205 226 85 216 218
58 162 165 16 202 81 215 43 135 143 77 221 234
33 22 206 31 70 90 100 122 240
91 83 13 248 84 178 109 230
113 188 193 28 220 8 35
54 243 219 150 124
133 217 32 88
149 34 19
214 186
107
