62843
26
175 231 42 262 33 265 258 136 162 293 54 214 277 106 291 2 299 220 164 107 170 133 245 49 178 210 207
80 50 34 222 283 243 177 203 48 105 209 181 52 266 125 9 44 240 62 271 93 82 24 56 151 300 267 217 235 122 61 45 21
103 270 60 155 276 199 288 229 211 18 83 202 260 59 263 182 36 248 129 11 99 131 241 66
180 176 134 145 167 236 289 230 188 58 154 137 139 110 35 166 255 5 278 147 4 264
94 171 226 102 96 225 115 259 16 273 23 252 208 274 113 159 88 223
183 179 98 127 296 86 244 12 196 92 234 72 161 227 130 251 189 100 239 26 152 46 141 256
232 190 22 153 13 132 215 81 40 51 20 57 78 192 32 111 116 135 285 39 294 233 257
238 261 85 212 191 71 185 193 200 148 272 70 269 84 275 89 1 25
242 268 249 28 17 286 27 292 173 140 142 43 168 295 29 64 254 144 120 186
197 219 76 158 280 204 97 123 47 150 77 55 290 143
172 282 218 101 187 38 160 221 19 157 165 8
149 279 117 65 184 250 75 163 30 169 112 124 114 119 37 87
91 246 104 228 284 128 253
79 118 156 237 298 68
53 95 121 14 10
194 174 3 108 224 198
205 73 31 213 297
41 15 90 63
6 216 146 247
281 74 201
195 206 109
287 67
69
126
138
7
