119014
26
332 304 94 277 220 169 68 86 5 243 14 102 249 16 78 336 56 134 276 4 215 185 52 262 104 73 313 125 158 23 77 258 263 195 61 164 140
167 35 116 317 301 22 341 162 135 74 50 193 200 327 273 100 303 337 2 115 329 120 138 236 121 136 152 219 343
174 106 316 191 342 132 173 296 282 172 177 269 3 330 6 25 27 146 159 224 272 99 163 53
318 38 130 233 289 307 235 59 309 109 302 242 112 297 181 182 178 251 15 278 105 32 308 279 91 291 63 234 39 47 300 194 254 76
244 154 284 81 280 79 247 111 48 290 107 142 37 36 217 42 108 325 186 31 201 127 110 294 335 197 260
70 344 58 62 199 328 324 238 237 338 190 204 216 345 13 18 113 46 98 205 150 299 123 128 203 306 41 211 57
153 212 265 51 202 165 305 180 295 319 28 226 148 85 126 166 208 95 60
231 274 29 281 347 65 259 256 9 228 240 143 72 19 26 310 348 267 183
283 21 80 326 103 331 221 334 155 11 71 275 149 101 287
129 246 147 230 315 20 264 293 171 213 271 24 253 184 286 119
218 268 311 222 176 17 320 255 88 168 10 114 124 285 261 49 44 33 151
225 250 323 321 69 229 252 241 93 34 206 314 137 339 312 118
84 288 257 207 67 83 346 64 75 333 170 227 187 157 30
160 179 232 82 139 55 131 298 12
90 43 209 161 239 133
340 92 87 188 7 223
45 40 266 292 1
156 349 248 210 144
270 189 54 198
8 117 141 192
145 97 245
196 89 66
322 350
96 175
214
122
