141692
37
137 104 241 188 250 211 245 129 192 164 253 262 367 320 43 18 28 147 311 70 295 393 254 373 347 234 236 316 1 131 99 150 162 25 74 55 166 394 169 82 296 171 378 23 271
352 79 308 302 36 69 362 193 336 210 349 340 151 67 294 255 101 304 375 54 45 252 187 244 284 339 178 2 240 65 383 94 357 143 385
149 391 321 50 138 190 181 133 267 219 268 49 356 227 88 376 110 134 214 68 21 251 87 222 351 135 290 17 247 160 95 360 198
173 323 184 185 389 11 120 191 256 35 335 348 387 399 261 80 366 84 354 279 275 14 97 170 85 266 374 315
299 228 208 329 145 116 155 51 5 346 177 76 16 100 118 285 92 386 276
365 400 314 156 146 7 126 179 301 46 257 197 225 369 119 372 186 303 310 345 353 56 343 229 273
8 90 282 175 167 249 297 75 107 98 12 153 233 6 332 338 202 62 217 71
37 291 331 364 300 103 30 194 274 128 278 59 390 39 189 243 235 201 242 72 200
263 286 319 260 337 117 114 61 96 312 106 230
277 174 359 269 168 330 226 392 322 341 246 293 38 326 165 78 24
48 199 63 111 91 195 309 15 371 224 112 328 29 292 368 221 121
58 384 142 13 280 370 206 32 377 77 305 157
398 258 182 102 40 327 124 397 212 298 381
324 136 379 333 148 93 216 57 53 4 204
317 272 363 81 26 259 44 215 396
60 34 318 115 220 264 52 66 161
31 86 33 20 358 122 154 307 27 287 237
382 313 342 334 395 163 9 64 152 141
3 350 105 144 388
127 108 205 239 231
306 183 355 361 380
176 207 130 213
83 196 232 289
288 139 180 109
248 159 283
238 325 19 281
265 344 123
22 41 10
132 270 89
209 42
113 223
172 218
158 203
73
140
47
125
