221170
20
154 83 92 370 180 217 413 408 349 315 235 318 346 120 145 218 232 195 289 260 163 103 203 397 275 274 8 398 402 6 317 449 343 371 70 417 427 327 183 68 197 130 212 159 87 379 285 369 41 263 376 283 209 270 294 325 109 353 171 418 261 220 363 262 53 323 368 424 99 39 414 94 11 22 244 42 406 362 215 305
47 208 185 430 249 404 63 95 82 387 155 153 222 133 26 29 358 96 407 2 221 373 267 321 191 252 13 329 216 135 141 296 409 116 193 124 138 375 19 56 210 17 192 44 90 35 280 60 182 58 297
385 377 328 104 88 142 288 189 45 365 411 51 105 282 319 38 78 187 399 246 437 128 4 179 111 240 226 351 225 242 115 198 301 137 310 37 292 46
119 366 311 178 367 309 196 338 372 334 444 122 443 435 276 108 446 151 303 162 186 438 97 211 304 23 206 129 245 290 55 84 431 380 158 320 177 241
291 100 392 391 1 299 176 360 336 110 15 405 66 214 224 69 85 174 52 14 403 344 33 259 293 238 426 432 102 332 390 136 234 335 147 422 160 374
28 298 24 257 266 400 170 139 62 428 9 161 118 40 16 342 394 200 436 239 219 123 202 72 107 415 223 59 423 125 114
236 106 48 93 300 32 134 253 77 340 12 355 324 27 384 447 175 86 247 150 113 341 54 166 314 237 207 168 420 21 251 173 227
18 181 381 190 36 169 172 89 268 230 194 277 188 61 388 442 248 357 412 254 433 30 284 281 165 143 312 313 378 231 80
79 184 91 50 255 81 157 450 112 295 34 361 401 425 356 101 345 148 76 205 10 121
347 75 386 146 272 5 286 302 7 434 350 439 316 354 448 74 396 117 333 25
213 419 132 273 233 278 73 330 152 229 243 67 389
71 127 43 445 271 441 326 308 144 364
395 382 140 306 339 98 359 393 383 264
279 258 307 440 126 256 331 322 416
131 421 429 57 64 31 410
204 265 337 201 3 167
65 156 228 164 352
149 269 49 348
250 287 199
20
