245982
24
474 479 234 300 391 105 355 19 341 383 307 39 299 191 459 220 193 255 88 236 128 206 365 144 173 322 352 333 401 370 275 491 232 180 245 83 357 252 235 325 114 174 289 187 319 34 67 426 4 291 259 353 366 47 77 18 481 216
87 487 95 328 9 314 79 348 253 183 326 158 210 152 486 470 376 436 414 296 207 21 422 298 330 269 454 477 465 133 70 371 334 488 24 316 203 178
337 272 342 450 120 360 361 122 25 61 16 147 317 134 104 283 495 358 412 390 297 331 287 284 310 473 329 15 305 119 80 212 85 155 389 65 89 60 38 213 106 277 379 82 247 243 439 96 192 369 204 198 373 350
7 279 295 244 66 12 23 286 312 197 498 8 137 194 251 434 397 57 201 274 453 215 460 222 98 27 31 257 273 374 456 443 484 74 396 301 384 496 10 116 445 276 351 381 264 420 321
84 500 242 75 254 266 393 285 170 179 455 131 380 324 442 448 241 153 169 458 166 63 188 177 293 466 44 385 97 398 387 94 256 189 111 451 343 151 409 363 335 394 268
437 478 327 471 35 14 413 359 29 172 127 107 427 113 336 344 140 404 403 347 182 421 135 2 62 349 32 490 28 405 248 115 280 372 159 164 149 250 46
51 76 196 55 125 311 400 483 36 417 112 129 200 482 58 91 270 392 146 72 214 338 69 26 102
438 332 431 281 118 37 56 428 186 489 52 157 263 306 261 447 462 184 288 40 246 368 402 354 485 464 425 225 440
136 1 33 11 181 497 123 271 399 386 492 260 429 110 265 395 320 339 81 132 73 100 86 121 59
139 171 239 3 185 71 411 205 103 230 294 377 5 449 48 446 117 190 345 143 108 99 452 433 415 410 430
49 218 499 167 441 53 228 165 54 68 199 472 423 162 93 444 278 142 160
309 406 224 231 382 209 375 233 138 457 154 195 202 156 315 229 424 292 163
223 493 176 494 475 101 290 237 362 161 90 175
217 22 302 378 168 407 227 388 467 432 30
258 109 43 238 13 340 6 282 124 323
50 367 435 304 17 476 480 313 408
463 41 20 148 318 267 150 126
364 418 45 42 92 308 208
221 226 346 416 145 356
469 461 419 468 141
64 219 240
130 262 249
211 78
303
