200
45 5049 199
38 700 136
76 7625 124
99 6996 143
170 2934 199
78 7264 113
79 6206 131
156 1569 179
60 4818 118
62 7719 111
52 867 167
85 4248 149
64 4420 139
140 5543 137
130 5907 129
162 6495 159
94 2986 183
81 2470 122
87 4726 115
114 7762 136
130 3414 172
134 1441 119
192 4305 157
163 570 159
108 1537 138
118 3644 136
186 3370 101
181 5781 106
80 2269 122
86 436 194
55 6030 184
140 5033 107
95 4416 186
165 685 143
49 3135 151
61 3374 162
173 6885 105
36 5478 160
42 5378 105
56 4647 200
173 3835 151
61 6784 114
146 5023 167
108 7639 190
54 5369 142
63 6773 108
46 730 171
135 1428 118
98 6395 174
54 7393 109
57 4760 123
107 7983 110
76 1890 170
125 4898 170
128 5932 160
43 1364 118
32 7831 199
52 392 143
139 5346 187
169 4140 113
38 5482 194
128 2216 153
82 5246 116
43 1646 184
70 920 199
47 3479 132
27 407 187
125 4905 188
90 780 197
190 1042 140
54 118 148
23 7935 192
166 4986 120
115 6369 144
50 501 113
125 6605 149
152 7885 105
28 618 135
149 5133 118
135 7706 158
158 5270 195
107 3458 113
125 837 138
34 1678 118
24 3981 131
88 1916 115
97 6346 156
40 1517 199
175 2635 107
199 1845 151
131 4162 173
187 6613 151
193 2896 175
35 2755 160
129 233 135
96 7524 124
25 391 116
77 2487 104
57 3069 166
111 2003 105
91 1180 198
119 5901 166
65 4796 189
99 5992 105
122 5061 114
159 1677 118
124 7476 103
113 6533 186
146 6712 168
138 6931 157
84 2138 147
168 2939 187
150 5284 163
137 1588 165
48 3699 138
188 2864 124
109 3417 148
40 7331 156
92 811 187
131 334 188
78 7470 178
131 2175 195
196 520 154
35 7105 198
64 1896 190
104 4046 169
59 391 155
166 5095 146
38 2066 110
113 6295 129
149 3491 169
176 7811 193
36 5192 187
64 1121 131
93 4437 178
181 864 105
187 249 184
41 3842 176
32 2406 193
158 2497 130
185 2458 189
147 3847 164
90 4583 170
80 2687 156
47 3744 141
53 269 158
130 6509 153
158 3889 155
20 3813 193
189 1546 157
187 2122 174
106 4424 172
42 7126 138
79 4060 165
99 5970 118
107 2284 123
45 6722 157
124 314 107
23 6519 119
161 1417 192
25 7648 152
185 1102 189
102 292 162
60 3203 120
186 9 158
198 2898 153
142 3483 129
180 4759 181
93 6094 170
186 5879 139
64 888 114
130 6920 138
134 1710 134
131 6400 155
26 368 136
82 7611 183
108 5290 154
79 4227 106
63 2603 107
129 5903 111
141 3084 102
97 6022 104
114 2143 180
140 3476 184
140 7037 153
92 1031 106
113 1179 108
189 757 109
123 7860 186
109 117 130
113 1186 182
45 4191 161
109 3494 155
35 321 185
86 223 104
95 2058 189
119 2564 193
23 4540 115
140 1705 116
121 6926 122
