350
216 11358 199
228 9034 140
342 3295 112
122 9505 150
47 16549 167
330 12811 193
154 2765 105
100 15446 108
328 18380 192
332 6416 138
254 18087 165
327 16848 146
76 21348 166
203 23594 175
117 17055 125
231 13764 181
257 22790 173
225 2513 184
314 14014 101
93 6248 173
289 249 151
225 14802 116
191 7433 156
241 15979 135
56 18625 126
188 6119 137
106 2370 152
183 21956 166
264 13342 110
66 13114 139
69 4671 135
190 6326 161
101 21909 161
284 10882 124
275 2478 172
137 6511 156
174 6280 119
155 6889 160
136 18141 119
237 5692 107
45 20438 194
128 2806 166
217 20052 177
269 4649 125
333 22987 120
209 11578 103
56 17738 108
176 10500 128
154 3998 160
155 4771 104
337 15277 180
244 4575 194
337 4140 166
261 9436 155
179 1632 175
304 4629 186
223 2568 105
313 1374 180
67 9576 154
304 21219 159
201 6634 112
113 24200 182
173 8188 199
248 9904 149
172 1691 194
107 12783 159
43 5732 158
127 13190 153
325 10894 199
77 13822 192
125 14728 167
268 7625 148
40 15963 157
135 13312 116
68 7511 184
299 13333 198
239 7884 171
318 1564 105
173 5054 112
107 21211 175
40 3957 140
67 21911 146
320 21222 171
280 21905 171
208 4790 177
241 18589 109
163 10521 115
153 4838 182
144 19692 194
271 2074 132
201 15318 126
149 644 177
199 669 186
127 5546 175
172 13150 117
229 1715 197
167 18870 108
185 9930 151
189 17760 104
274 13176 138
59 24003 134
79 6931 175
70 3180 119
210 20613 184
302 1417 139
165 18245 132
46 21986 126
193 1681 102
339 2445 153
175 12412 124
118 21780 142
325 24258 108
119 7889 148
199 1869 112
279 12184 129
64 20502 121
252 9183 158
201 12115 196
274 7330 172
227 18020 101
267 8116 135
241 918 119
153 6726 124
118 19217 176
152 6836 176
113 5003 103
179 9116 174
137 8465 160
215 22819 134
253 2657 142
165 5828 196
311 1038 106
221 16067 139
159 23695 176
262 14937 200
162 19129 155
334 23584 183
220 9862 112
124 8575 131
131 9730 169
237 5569 122
124 21197 175
297 2000 126
267 14759 146
109 11551 169
337 1019 166
78 20035 200
229 19658 107
108 4627 192
124 5531 119
226 354 180
93 1969 141
228 428 196
188 12345 159
327 19886 119
160 6491 141
308 10700 198
57 1917 155
229 22315 125
177 14484 108
172 4997 179
177 15606 108
294 24374 136
138 22403 185
104 13260 129
75 17898 129
312 17947 187
134 23834 188
52 20663 120
190 21653 123
212 23401 115
193 24205 200
208 2425 162
255 21074 195
337 7408 153
148 18524 106
105 23294 139
106 8217 103
349 3137 157
266 9198 199
205 12052 191
255 22244 125
75 11766 172
41 21725 156
161 12859 108
42 15779 114
38 23331 185
236 4406 191
43 10346 165
196 4588 124
148 2318 186
254 3883 187
200 5300 169
47 17364 198
264 2565 146
200 3491 170
339 18141 141
115 13202 103
228 9921 196
330 12906 142
329 14956 130
331 5201 178
42 12411 112
218 23946 155
348 23923 185
312 11708 178
233 11250 109
197 10223 117
349 13016 192
277 14607 176
69 5521 111
125 14528 144
155 729 164
301 18246 186
66 17100 173
139 20589 187
291 15633 164
193 1084 196
80 10633 108
128 8675 190
124 11438 142
184 2782 146
192 1365 106
187 5525 152
305 9365 172
230 24371 101
289 23560 153
45 10552 197
340 8535 181
134 21516 163
306 13333 198
209 13036 147
274 14305 148
244 22939 163
84 11849 167
217 20129 188
275 5721 156
106 710 140
283 10492 196
349 1326 175
111 17873 128
287 24315 117
271 15192 151
316 20634 106
343 16825 151
236 8909 136
256 13159 173
346 17887 122
320 12041 144
117 639 137
306 20443 111
49 17957 131
286 11352 179
176 15034 175
285 7337 171
111 1011 176
319 10847 103
278 6228 191
222 18056 194
38 10188 184
115 12430 162
297 3198 116
322 8192 135
74 3982 112
349 23153 131
99 10610 144
155 24061 143
252 16967 159
66 20823 198
154 4960 110
108 23992 149
322 9965 123
222 1953 141
134 1565 116
267 16481 197
167 5885 182
36 11729 174
291 17226 139
243 6960 157
170 17356 144
219 16549 175
89 13916 194
345 1126 155
240 20035 104
126 19024 173
206 17814 143
237 504 137
96 5133 103
205 9086 145
170 2138 104
111 2995 152
204 449 179
329 508 188
320 6984 108
327 16127 152
125 9387 171
89 13718 117
52 4171 159
132 14997 197
82 10824 154
273 358 158
281 17154 186
62 24434 153
77 5756 117
288 12037 110
271 22803 104
106 1810 171
169 755 182
265 8087 161
49 12317 102
313 22909 110
97 20517 181
237 2467 148
176 15550 138
204 18961 186
134 18420 127
118 20686 186
259 15258 159
195 6051 177
65 5555 197
270 2717 195
74 6775 145
303 7976 143
59 3555 147
345 21151 140
82 7458 137
262 23826 116
260 24243 192
289 12501 138
263 14758 194
242 17508 161
35 1704 164
325 21131 119
256 7931 183
113 17395 143
334 21738 117
327 4225 185
125 16333 159
176 14138 182
176 602 155
240 14499 105
283 14676 137
90 11477 122
81 507 141
193 19735 140
37 3376 123
313 13121 108
67 4825 139
82 5203 162
244 6877 182
