400
162 350 141
614 324 127
633 354 161
120 251 158
103 93 134
239 159 119
398 197 199
630 215 129
413 146 170
162 117 102
669 234 119
151 251 134
726 266 140
701 109 141
573 360 148
415 264 147
759 162 128
241 220 134
525 116 153
376 136 142
568 354 130
610 219 165
283 177 145
441 264 147
707 273 101
573 156 167
797 107 187
737 303 165
594 163 152
177 348 150
727 395 101
110 106 115
633 389 138
426 299 111
598 265 164
594 158 174
388 197 192
573 135 196
785 172 183
192 128 148
360 320 119
757 357 199
76 135 170
532 279 184
764 195 180
649 186 172
406 170 182
414 316 134
176 254 186
520 235 172
104 99 193
282 399 167
487 286 128
469 112 110
488 310 153
412 112 160
707 289 123
302 80 145
188 183 101
735 249 181
194 373 193
285 180 140
481 143 176
308 221 137
117 369 118
149 251 175
296 303 104
97 261 102
566 105 167
390 312 147
529 182 113
493 212 160
731 219 124
476 96 195
176 122 142
258 218 163
267 186 160
201 126 193
182 391 177
718 320 148
124 243 135
248 192 154
270 290 128
534 328 171
247 164 134
767 314 186
487 392 167
274 281 129
101 269 104
457 150 170
397 238 146
507 383 129
392 143 176
579 123 165
603 371 147
429 156 140
572 215 138
734 215 170
321 289 141
471 327 141
452 375 123
528 329 198
79 289 183
240 299 102
158 139 127
364 192 130
55 180 110
762 236 153
689 226 194
778 342 173
232 122 105
372 303 112
507 163 161
766 143 192
373 209 104
327 240 110
741 143 123
433 137 178
373 171 184
384 242 198
776 225 154
284 248 107
610 285 114
524 280 136
480 389 173
114 346 121
727 131 107
391 156 182
459 139 165
650 324 148
741 121 127
40 381 197
482 395 118
410 139 112
436 387 197
107 205 172
287 209 198
613 343 153
531 191 171
319 265 177
351 190 177
491 243 197
381 121 169
397 304 183
443 322 112
294 143 161
342 118 139
790 328 120
294 375 160
506 138 104
312 173 168
209 363 155
563 291 186
400 370 143
694 120 176
616 332 163
639 157 120
671 300 128
473 296 138
209 91 191
131 213 145
233 239 176
564 126 156
514 304 148
143 118 148
209 313 115
363 296 137
49 363 182
99 320 194
141 364 147
492 281 189
557 213 101
730 400 123
276 377 129
788 209 195
315 210 147
434 145 119
761 126 130
278 122 131
319 134 152
645 235 122
195 313 116
169 256 177
684 338 149
447 277 160
436 369 155
711 158 104
222 328 118
275 136 181
641 307 111
596 328 185
185 179 129
404 304 106
538 181 169
309 317 169
649 330 185
217 262 164
630 206 153
376 393 177
491 176 137
789 382 114
636 247 115
495 291 197
243 296 101
303 216 175
121 136 109
182 245 171
111 261 130
713 324 107
458 254 166
173 176 169
762 80 116
155 295 150
203 259 124
174 81 200
270 372 131
486 381 147
261 182 143
753 169 104
74 278 161
558 84 170
458 166 143
42 165 174
50 165 179
105 173 108
568 193 115
603 98 117
81 237 148
355 316 154
552 127 192
662 265 188
513 250 101
669 140 118
286 127 124
270 296 187
106 169 141
626 129 123
770 272 140
581 211 130
500 92 200
58 105 150
620 106 199
548 185 135
640 325 173
615 388 104
656 107 200
456 211 137
742 203 104
601 180 194
479 205 154
294 195 171
626 233 140
672 202 119
154 89 183
102 250 146
366 107 168
273 175 126
692 248 155
729 143 110
73 202 119
53 264 159
783 339 168
716 228 127
61 364 105
258 360 128
123 222 151
277 193 113
411 298 118
102 263 122
637 298 160
482 325 150
363 163 162
493 178 194
547 353 182
410 82 191
101 394 165
502 130 160
51 193 165
414 267 157
753 123 160
644 118 190
751 249 172
535 95 124
266 383 108
325 269 153
577 294 128
493 169 163
83 355 164
106 280 168
508 130 168
113 283 172
434 359 119
42 370 186
664 361 166
161 216 104
479 324 181
760 231 177
137 190 106
664 270 186
590 176 184
242 327 143
759 96 189
318 278 165
705 217 108
679 314 182
148 213 138
697 125 145
276 99 113
691 188 127
456 102 111
581 80 162
361 214 171
192 296 161
631 269 193
781 230 195
630 135 135
304 135 196
199 239 177
655 243 154
601 391 178
482 281 179
61 164 169
750 358 186
451 206 199
697 148 120
553 387 181
760 399 132
162 102 133
115 347 175
622 345 156
76 278 133
312 215 174
442 179 126
378 109 188
414 144 129
344 384 132
730 80 110
419 110 165
602 250 163
232 196 195
208 236 198
161 136 166
744 362 181
319 366 135
648 287 128
459 87 145
519 268 154
506 261 159
477 194 186
739 284 150
440 182 180
708 383 109
365 319 161
498 255 164
437 164 190
185 212 102
261 319 172
532 149 159
115 286 101
85 369 198
701 197 182
199 381 152
138 173 195
478 180 128
169 166 135
140 226 157
487 142 199
61 381 145
427 162 172
67 278 177
194 198 167
791 163 193
278 325 184
367 393 165
772 344 139
226 250 140
552 345 200
757 332 115
665 138 127
511 232 187
204 160 145
402 157 118
320 389 134
555 311 182
757 242 104
616 246 185
480 123 138
365 129 108
137 139 103
221 370 177
258 80 191
582 318 114
191 252 122
752 299 137
403 311 131
363 243 142
735 285 157
744 237 129
607 179 139
586 348 152
