300
143 814 188
294 16265 127
227 3357 137
236 15940 176
129 17026 186
53 2468 137
208 15349 188
152 15039 184
268 5037 140
141 9643 150
268 9797 194
153 13626 173
210 14904 143
167 6145 116
231 3054 114
286 3981 175
142 5112 159
251 1774 109
91 14339 197
271 7720 103
228 6892 169
218 15149 154
272 17643 132
231 15168 139
265 14819 130
209 13949 144
289 9533 115
40 1804 156
51 9987 131
218 501 200
138 7100 163
220 12599 183
250 5372 187
196 2263 162
104 10583 161
286 8447 104
70 14202 186
242 3247 172
169 5867 151
105 10863 161
135 3943 145
38 8620 155
212 4026 193
285 2582 137
208 4022 181
263 10798 110
292 13373 189
152 17052 104
100 6877 118
201 7962 124
281 17285 102
85 6578 194
181 17411 116
282 16947 157
284 13606 180
170 6990 107
143 15641 110
222 3322 182
119 12547 132
87 15607 150
48 704 145
104 1225 129
199 9663 109
32 16908 124
104 10479 151
276 12002 151
110 16330 196
44 12020 146
241 9861 172
65 15301 169
233 15707 111
141 12312 169
105 17604 195
203 9033 177
231 6826 182
264 1656 194
271 11823 118
173 3989 172
296 12346 156
75 5152 189
218 10864 147
232 9752 135
58 8584 103
135 16961 147
75 14213 177
36 244 138
73 14918 130
208 1837 187
256 4976 157
177 3287 194
167 5711 112
227 2551 123
187 9441 103
267 5567 193
182 12106 168
137 5275 128
38 1035 198
205 15673 160
255 15099 183
72 9244 122
182 2478 123
261 10010 118
269 8174 137
133 14771 149
192 17350 180
91 16869 173
231 10319 198
195 1361 136
114 12803 125
209 4007 149
53 5763 131
42 14465 118
298 3412 168
139 7294 173
63 17726 185
176 13047 196
242 15164 199
262 7221 130
34 15001 102
132 1210 113
61 1439 173
242 600 108
155 7500 164
129 10886 111
152 16617 151
54 10483 156
293 7376 108
130 12725 199
259 12210 190
198 1511 114
294 8883 106
112 4409 176
206 5633 142
182 11300 111
82 3908 192
162 6833 160
100 2846 107
71 1193 145
181 15269 188
180 6623 124
129 14558 182
295 4068 123
96 1893 181
278 17029 134
182 2173 122
163 2981 120
82 3460 195
33 6221 195
282 14521 101
233 10494 176
130 12905 157
109 16611 148
173 280 158
292 9173 102
160 218 141
228 13638 174
223 582 198
236 2592 188
237 3302 196
52 10213 178
228 16480 131
72 10376 124
239 14209 119
300 12871 178
223 4994 105
179 14612 111
236 6153 177
132 8870 172
207 11638 181
53 663 110
256 7955 105
127 10534 122
81 2563 148
109 14451 110
265 11362 113
239 13031 128
227 2990 145
128 5306 180
286 8639 185
134 2632 190
225 3489 200
63 16442 169
291 5398 134
188 10721 176
173 16791 105
204 2144 180
253 9011 136
223 6960 126
81 2241 119
224 4734 183
279 15660 104
258 6154 124
207 7875 165
114 12795 133
247 9331 155
116 12919 158
199 482 192
58 4625 130
249 7322 191
248 16882 113
131 13592 173
288 12336 113
130 2799 168
224 4896 197
68 6105 192
263 4147 131
35 5187 195
105 360 183
255 8130 169
81 7223 135
280 17294 140
56 11801 194
197 10572 166
69 369 116
217 1605 145
187 11140 106
60 11333 200
43 1830 172
80 7075 182
143 14967 151
208 2867 177
120 7899 165
281 15956 148
224 14962 102
211 5062 176
38 7336 183
146 12995 162
98 14125 104
34 9345 190
263 6311 191
240 10467 149
200 3077 120
121 525 126
298 8637 154
256 12812 154
158 1830 132
38 8996 142
159 720 179
180 2239 182
117 14772 176
184 10638 122
243 16017 149
120 8929 166
99 11306 133
153 629 111
200 529 173
107 2141 146
138 16337 172
121 17046 150
199 4856 196
281 396 159
52 5277 158
282 6167 189
281 15279 157
253 3425 109
81 2646 155
149 2337 136
51 2344 105
280 13238 178
176 1392 149
189 16506 114
277 7287 135
260 17392 191
187 1001 110
245 12242 178
226 13765 137
146 4812 153
155 3048 150
266 15491 103
249 11019 116
135 13695 108
98 13457 105
286 8492 195
193 10800 111
103 2237 138
300 11694 146
204 15429 101
118 6577 179
57 16583 149
105 14763 166
204 11946 169
65 17891 107
44 15699 106
78 16447 173
47 17599 150
273 16885 168
105 2382 169
202 8910 184
143 17537 123
242 17628 175
169 14501 132
105 2196 142
173 5725 153
252 11975 135
87 10938 159
174 9535 146
106 7296 195
228 8571 119
82 17653 188
282 17349 151
