450
246 398 171
854 162 200
50 147 136
312 422 197
805 289 196
62 295 121
843 331 188
194 380 150
718 272 113
174 392 124
833 269 119
185 379 145
359 397 174
752 306 136
120 291 188
238 210 109
564 301 102
455 334 173
335 340 182
709 343 195
329 355 185
109 411 144
552 174 119
425 158 177
503 364 122
715 166 104
616 92 154
71 176 143
166 110 144
438 334 167
414 216 160
838 247 106
172 266 146
497 153 147
501 353 186
422 254 167
827 369 135
851 401 105
617 181 186
660 440 107
282 327 191
514 211 195
47 308 173
489 357 178
266 446 149
437 124 125
147 402 172
686 230 129
133 388 190
875 172 135
198 163 176
847 356 151
259 321 157
72 222 161
368 302 142
501 389 124
755 329 118
839 335 130
68 90 199
419 227 160
805 321 194
514 355 166
416 235 167
316 209 192
133 122 129
62 285 168
203 101 199
377 424 196
859 115 188
827 248 137
651 339 176
691 299 195
879 403 196
462 325 160
112 159 171
883 258 109
885 292 135
306 209 130
841 266 143
697 206 173
173 146 124
512 416 106
484 382 121
490 141 158
657 212 166
138 308 157
277 251 103
477 364 127
645 448 185
506 381 110
264 268 131
419 404 198
256 194 154
563 189 106
153 318 189
601 350 180
591 125 111
531 371 122
548 156 158
372 338 102
873 129 176
104 213 139
66 212 197
849 287 111
375 172 156
278 425 102
740 182 198
859 135 161
333 154 154
392 302 183
599 97 117
283 390 162
338 271 159
803 126 141
738 387 132
598 397 180
99 443 140
688 307 168
648 322 170
260 428 102
726 198 150
759 405 172
513 388 145
272 142 127
804 98 186
508 390 108
235 296 191
848 276 110
278 366 122
623 435 152
779 436 181
530 432 164
187 425 183
693 376 198
575 91 134
841 407 156
183 413 174
245 329 162
581 358 171
187 120 184
299 412 181
723 380 199
533 238 117
796 261 180
542 401 174
664 205 146
282 373 168
254 297 183
264 239 161
689 382 101
110 137 134
739 440 150
388 283 191
549 239 117
433 138 182
181 138 150
725 270 152
404 387 168
536 287 108
341 245 199
669 176 102
866 439 148
830 241 120
85 224 147
590 402 134
395 228 102
391 128 128
134 246 107
537 430 141
463 120 146
78 406 109
605 447 104
192 181 107
833 279 143
404 200 148
85 302 197
443 166 168
360 270 120
461 154 173
346 333 114
715 387 185
615 253 181
199 152 187
299 447 123
468 428 115
187 232 183
705 361 180
405 179 189
486 299 150
582 139 117
295 426 132
471 196 185
524 92 161
275 394 119
208 128 183
484 310 157
885 330 145
526 123 115
356 248 163
676 94 199
791 134 194
475 436 122
686 391 104
633 390 160
658 291 107
122 186 192
672 126 191
690 129 169
762 293 139
440 318 178
169 436 104
732 100 200
338 333 112
269 391 168
765 223 181
712 317 183
94 147 195
515 212 164
234 316 128
846 431 115
122 310 113
196 321 120
145 389 183
684 427 116
871 249 169
727 323 165
464 263 112
593 157 191
755 425 140
535 293 113
773 340 102
82 176 110
489 431 175
301 333 172
818 309 153
443 101 110
54 322 101
773 138 132
306 358 125
860 409 192
407 366 149
65 202 184
267 414 158
352 122 129
507 421 142
758 233 149
374 255 116
212 261 108
302 94 172
762 361 108
542 242 131
277 416 105
168 144 154
719 204 155
723 320 121
64 383 164
663 429 138
196 221 160
622 104 103
512 434 135
95 190 169
795 245 119
788 277 178
377 150 153
856 243 143
521 192 123
59 96 155
236 112 116
531 309 150
246 362 171
158 170 121
141 404 140
116 344 135
745 279 133
157 207 177
855 211 196
315 130 126
135 176 110
398 162 191
201 311 189
231 438 154
881 305 135
290 244 143
527 412 172
158 356 188
549 135 135
103 268 173
822 429 181
341 213 124
122 97 133
618 233 185
300 235 116
412 110 142
90 103 162
285 197 113
485 439 167
653 394 117
384 334 119
759 280 198
153 273 196
186 338 194
747 128 132
861 289 187
324 448 116
72 265 156
764 397 121
794 321 106
293 342 157
893 304 137
240 433 150
76 197 175
362 271 169
364 282 199
459 191 198
645 393 155
737 299 117
121 208 101
140 268 200
665 289 127
574 172 188
599 245 116
703 297 116
368 364 115
397 167 123
357 209 175
479 223 156
662 184 147
497 446 120
155 366 155
603 150 164
211 351 154
400 437 181
636 137 159
643 366 168
191 306 101
411 430 115
692 405 117
353 152 128
712 292 138
57 271 165
768 252 167
521 125 128
858 316 171
692 254 120
195 271 109
728 370 161
591 97 165
738 321 181
647 183 185
207 110 165
703 106 111
790 430 180
339 251 184
136 241 126
715 146 105
345 103 189
222 294 194
230 341 196
504 398 140
697 207 174
696 265 113
341 285 119
420 123 173
551 387 195
546 311 187
325 100 165
628 119 164
732 352 159
616 257 153
771 342 198
71 423 156
695 247 199
498 107 178
640 356 196
142 323 188
516 305 177
614 208 120
808 256 131
138 191 135
729 197 157
869 323 152
724 371 130
462 326 181
508 427 137
637 407 124
566 339 173
235 302 123
850 212 184
798 441 158
251 160 151
513 322 178
871 119 183
889 331 171
362 197 189
545 194 138
886 101 101
425 271 110
737 293 176
231 176 190
792 181 124
118 441 115
671 262 149
598 243 110
744 313 110
152 117 111
742 141 131
516 281 124
777 388 175
883 219 156
94 131 152
756 106 127
886 116 150
615 213 173
247 207 167
623 439 131
898 270 129
772 432 183
517 446 182
67 217 145
394 234 116
87 95 154
377 95 176
188 249 115
377 257 167
407 395 146
700 334 200
637 206 106
540 335 131
582 157 111
239 420 180
467 208 120
435 117 154
347 311 178
693 321 194
813 139 166
179 434 103
574 154 150
218 112 177
258 137 148
281 400 155
464 144 139
676 98 127
798 374 105
655 409 101
338 187 176
720 446 140
83 165 181
580 300 199
715 124 188
313 176 139
