150
224 74 179
124 51 155
194 38 101
264 131 143
131 30 150
80 70 128
104 30 131
208 72 120
132 89 135
29 70 146
49 62 175
275 84 106
255 109 176
274 84 135
249 94 170
19 148 144
142 78 143
96 64 110
90 77 145
100 143 122
172 72 125
150 137 134
158 100 141
66 33 159
210 150 109
111 141 170
202 125 194
214 145 180
88 50 124
211 104 179
31 139 198
130 59 129
91 146 177
73 44 187
132 83 108
104 118 160
153 48 161
285 77 155
277 71 118
192 58 190
283 140 152
277 132 161
104 30 110
121 141 120
23 128 176
164 89 197
88 41 134
24 150 143
289 38 146
72 88 121
116 61 183
236 58 167
168 82 117
267 124 120
91 135 156
192 72 191
69 89 126
265 74 185
245 111 140
132 124 189
99 95 121
217 64 129
134 60 175
198 47 142
205 86 187
94 136 160
91 91 178
63 63 142
127 98 115
294 109 107
257 41 198
188 34 126
277 125 159
206 64 112
41 38 105
95 124 109
253 84 194
136 46 134
196 150 158
221 95 131
47 115 179
30 109 193
96 41 112
229 55 174
226 122 142
281 48 180
75 68 103
187 133 115
160 42 192
226 146 186
132 138 113
90 72 178
242 115 125
24 108 113
124 44 141
63 33 182
263 100 194
74 149 135
244 106 162
142 115 125
252 111 137
113 51 180
170 132 131
96 117 171
112 51 191
156 81 138
152 144 145
73 88 102
208 107 136
184 86 113
65 110 127
210 111 200
199 71 109
247 147 186
99 43 150
41 56 149
150 122 186
225 47 158
81 124 114
287 146 174
232 91 112
107 80 160
182 112 137
181 84 129
267 127 139
149 77 193
172 99 142
41 95 152
295 141 166
125 92 146
235 45 103
28 105 128
278 62 138
144 95 145
221 146 127
90 118 114
264 93 181
160 42 194
204 41 110
159 130 141
146 131 197
33 112 195
157 142 194
104 56 126
260 75 125
241 131 121
256 30 162
219 37 148
254 101 102
269 77 103
