50
48 11 132
53 39 185
53 46 183
9 13 154
98 42 108
46 43 146
89 25 157
82 22 116
67 25 176
24 32 121
44 26 179
33 45 139
47 35 179
54 47 179
76 35 184
94 32 155
22 24 140
7 40 160
26 20 142
26 27 162
97 40 171
99 19 113
79 46 111
65 12 143
36 26 144
41 32 177
17 19 122
10 30 187
7 19 168
91 32 191
53 47 149
95 38 168
42 42 112
44 11 143
43 47 164
71 46 111
42 43 123
42 47 165
61 34 126
76 27 109
46 36 172
25 50 165
46 46 157
81 45 196
56 25 148
90 50 136
80 13 160
100 31 141
27 41 152
58 38 120
