100
159 96 192
88 63 122
125 76 108
186 85 132
59 58 111
15 23 162
140 64 132
169 100 194
85 49 189
83 62 112
108 65 194
71 62 192
26 80 120
197 63 147
186 49 139
66 67 127
44 76 179
84 32 102
189 39 104
183 57 166
122 89 108
31 65 132
51 90 179
101 37 153
136 53 186
68 94 115
162 97 142
65 44 116
185 47 157
146 56 152
141 78 120
73 28 108
18 32 195
129 25 127
34 37 114
150 73 115
45 100 104
28 92 134
68 85 115
57 80 138
85 55 121
180 89 126
77 92 151
53 68 118
170 31 175
57 41 125
116 35 172
192 88 168
49 68 190
28 36 127
133 45 129
100 78 195
12 91 104
168 23 188
43 90 176
158 50 104
153 58 125
109 56 120
26 40 138
141 36 107
61 51 116
119 75 105
96 89 151
146 40 189
190 65 190
197 74 115
48 31 114
112 37 147
106 29 199
57 88 107
88 30 189
161 63 114
25 76 158
69 40 124
135 39 121
65 82 169
122 75 147
29 57 113
162 25 171
165 34 110
93 94 181
42 96 155
172 68 131
169 62 151
165 32 162
62 79 136
80 53 178
150 76 116
90 74 127
95 98 174
196 21 176
168 90 121
22 43 199
101 57 137
103 39 171
59 91 131
43 58 116
82 80 148
140 57 182
143 39 139
