500
289 19338 128
202 44494 159
330 21971 155
368 30714 143
117 11090 174
316 45123 122
306 5803 101
102 44413 128
85 37226 177
405 14366 124
366 10645 150
218 21852 198
465 17207 186
445 15002 121
417 21831 128
90 13579 152
277 8509 130
239 37245 127
427 11178 139
424 2822 192
238 48471 124
345 8024 120
252 9010 183
352 12570 158
151 22550 155
188 39303 121
258 38255 191
367 46460 176
227 48783 178
399 45402 141
97 24161 151
289 2745 173
242 48000 126
450 1688 174
489 4196 195
102 15925 139
56 10215 193
78 40167 178
469 32295 143
99 22029 195
110 13565 144
202 14832 112
451 22286 140
464 17524 151
356 32013 119
303 1682 190
267 19730 168
344 32451 200
399 22616 132
352 32769 123
500 11608 170
280 9474 105
201 33363 193
285 33415 197
238 21075 177
371 20910 125
389 12018 111
484 19464 182
78 14316 140
231 43348 185
351 36501 185
173 24778 150
290 16798 163
246 17604 161
188 6017 113
340 18956 105
447 23411 133
322 49432 115
351 14272 182
481 13904 141
407 30260 145
381 46897 165
85 46585 199
144 15330 168
141 47617 160
467 5714 198
286 38825 156
50 6708 124
169 594 137
71 37174 170
311 31045 121
442 17085 192
99 26516 148
365 38693 196
54 32702 172
248 5791 165
194 13248 171
214 38518 145
472 5528 181
228 19684 172
59 45221 168
443 43587 154
358 5855 131
462 14670 144
73 9265 175
279 39751 189
179 18998 115
62 38749 191
283 32513 191
413 29903 163
236 5663 109
340 11200 194
106 9801 155
218 42643 159
228 46906 159
309 39145 164
89 25368 172
380 48992 124
117 39878 141
187 14566 163
185 42015 114
195 6670 110
246 34350 150
223 39668 120
118 25544 158
85 17787 139
250 31890 113
321 29478 104
233 9304 190
495 12266 131
465 4810 159
101 39976 130
441 44735 135
302 27324 161
334 10592 186
444 6310 170
247 33350 190
280 14682 144
251 9407 124
347 40197 115
100 27421 166
355 9477 188
243 39912 103
409 10588 195
481 954 107
74 2351 187
356 13536 108
494 19488 114
429 1770 163
458 27667 179
100 6117 157
273 15896 200
493 25221 193
137 29579 176
407 738 144
84 12740 106
243 1172 106
449 46657 101
51 23650 130
313 44325 109
273 855 154
400 21494 164
283 22589 123
408 11142 184
450 10954 153
61 27037 118
180 4196 182
457 32610 190
370 28930 163
405 24087 172
463 38896 125
257 27348 111
177 13437 197
91 26307 198
408 46876 169
432 1664 200
251 8442 128
414 9031 175
91 10902 200
343 39061 196
340 35120 147
322 23722 105
441 46323 174
51 17075 165
456 35957 131
425 14501 142
189 41291 115
88 16697 170
364 42812 153
255 12692 153
55 14652 174
102 46162 135
268 17819 190
103 19226 195
383 27252 197
495 36241 200
108 37930 155
214 45396 188
352 18498 118
403 33597 121
248 1034 190
309 15526 199
434 16016 187
148 21398 198
456 32463 118
86 19849 179
194 12277 183
111 47016 112
109 34376 179
393 11534 187
219 12990 107
214 11683 121
345 12401 169
355 21005 179
325 26944 160
441 35412 123
410 46028 156
490 43566 160
92 10939 141
219 16101 190
292 30903 197
263 48295 101
311 9724 138
182 9299 177
99 40809 130
98 31534 123
426 24332 102
100 8666 130
107 39485 139
284 40408 110
77 43376 127
450 15041 148
354 45359 106
215 42810 171
463 5463 147
455 22482 161
376 346 181
255 34673 183
201 26527 117
209 22742 104
163 38648 163
80 41303 150
304 1417 131
104 19956 134
439 42226 101
354 35980 166
339 19246 185
323 47487 168
52 27144 101
230 9313 117
416 23465 180
451 42741 134
369 48889 145
161 47619 171
152 10477 169
460 15925 156
366 21937 164
413 12599 116
176 37256 159
280 38832 151
363 39947 142
109 35910 137
158 37879 136
114 35603 143
394 10034 106
337 31917 139
181 19278 175
276 29059 112
76 2269 167
337 6314 192
436 36370 137
363 3731 144
106 23036 188
139 38980 187
293 31081 165
487 46657 140
149 6520 107
476 526 144
87 19103 126
410 5891 133
236 39608 168
499 3830 184
231 449 177
441 48130 162
423 9179 185
480 17964 166
69 24113 197
172 46264 171
99 4329 192
459 4438 110
247 45293 115
389 14636 117
384 23950 112
127 15783 161
334 42061 183
167 20134 114
114 4696 103
59 101 167
213 34868 151
256 45102 125
358 12261 152
259 8476 184
407 14713 165
167 43906 134
64 16574 132
498 45234 120
444 41453 170
268 44035 148
188 3667 109
168 4386 171
176 23019 130
337 28894 194
208 5076 196
126 41198 109
147 42303 200
436 29810 187
451 25727 194
62 46872 101
271 37596 170
496 21553 162
344 4029 191
335 237 175
179 44129 142
83 34889 104
121 10893 199
248 1957 163
473 40923 115
199 37483 160
328 5283 152
52 25031 151
247 34256 178
79 17004 126
353 34721 159
131 35316 157
85 2144 116
343 18845 168
495 9028 160
321 8167 158
113 16439 140
316 8707 169
205 48782 126
121 41938 125
327 48788 197
491 49598 196
248 6246 185
151 6030 139
417 35895 134
499 1701 194
158 20905 162
281 37270 135
326 20461 149
322 2194 159
295 29170 158
179 27064 126
453 6133 197
268 13633 160
359 6022 186
263 34551 122
332 17789 114
428 41218 195
50 42882 120
257 19703 151
316 48937 200
499 9156 148
333 27526 182
126 18900 119
363 32496 137
310 47713 161
72 21363 142
314 35470 187
196 43766 199
184 10573 140
141 25576 185
407 35359 115
105 23911 193
73 22239 136
92 25191 160
55 21695 186
250 47672 173
334 21798 145
475 40978 141
170 44824 102
430 29036 151
396 24194 186
129 21926 144
443 7939 179
405 3892 137
203 43095 199
312 12267 122
95 23628 178
409 23458 198
364 42925 152
273 5646 129
339 16940 143
199 8459 135
487 45049 111
303 41820 157
60 8011 114
189 22536 183
429 7610 132
52 23638 114
173 4116 104
112 35426 149
270 24402 146
132 14756 127
360 49253 162
264 14095 127
270 1935 106
451 36672 112
216 9181 190
155 11218 187
439 14125 123
284 32743 176
437 36488 161
400 32996 110
148 29685 106
100 16319 197
117 14076 158
374 22121 196
57 120 175
323 7731 135
483 26469 114
397 34463 125
121 44458 132
56 9094 192
385 8232 152
357 26091 168
350 3879 126
338 49471 123
112 654 194
283 30838 184
236 12900 121
480 2935 172
471 2165 110
197 14431 126
416 39420 148
386 25664 142
244 36369 190
402 43587 193
398 10670 184
79 4834 101
136 36119 133
187 39345 143
133 14586 185
428 22760 168
57 48484 102
484 41896 117
372 38824 132
90 37216 143
69 5753 148
498 47411 112
176 40628 167
210 26842 114
304 17117 121
57 48725 171
178 45725 166
454 12447 134
112 24842 169
355 28629 168
145 21882 187
340 4443 173
308 49985 145
418 44620 152
433 45749 135
67 27186 110
407 45563 127
331 23913 159
416 24843 176
309 23798 149
144 31733 181
121 2794 180
439 32906 117
403 43218 132
461 49613 151
170 22846 149
300 5112 155
355 6197 140
151 8058 175
470 26919 118
251 27027 192
184 8290 162
480 7274 161
223 19587 177
238 37705 101
343 1036 195
491 29832 135
338 14530 150
90 15027 121
413 44793 150
355 48153 173
130 8868 176
456 47023 133
302 30957 109
140 12245 118
429 35985 174
217 21887 112
486 43553 164
140 4629 110
213 27030 194
246 21979 172
107 31899 193
457 22960 160
154 1391 105
308 30302 153
210 17005 118
301 46801 176
459 24635 189
346 31331 109
493 45341 147
151 42013 184
