250
143 9041 186
217 7877 186
212 426 104
157 3488 104
79 9167 198
131 1562 114
107 11652 176
160 6692 134
250 2392 166
222 5963 198
114 1523 126
218 7340 200
148 3458 101
157 8373 190
85 3745 130
238 7622 116
57 5598 186
95 7784 103
184 12063 186
46 4035 148
240 6404 119
232 4182 191
194 6818 171
224 8129 184
175 7661 127
55 5360 102
125 8161 175
218 2080 182
205 3209 184
65 5892 151
97 3247 194
129 1753 172
224 4246 192
120 12401 106
202 3500 197
79 1448 196
73 11692 191
90 2362 127
51 11566 108
149 9552 119
71 719 194
123 6549 119
56 3407 182
111 10614 157
160 5631 102
86 10442 142
121 1922 135
131 1780 142
76 11165 146
212 10533 107
181 9088 124
192 8957 127
188 6065 107
58 6256 168
152 1606 132
161 12377 113
49 12214 137
234 7798 185
199 265 125
223 8895 143
230 9913 126
145 2844 166
59 11753 104
161 831 190
91 10438 158
109 2687 121
187 3549 138
238 2167 128
242 10123 117
46 6638 106
95 6022 178
143 6801 170
101 159 103
131 5930 121
181 1279 121
102 10172 136
171 7445 144
56 3069 163
68 11251 150
131 11268 127
90 10415 106
161 12353 146
156 1049 108
136 613 186
218 2321 165
26 3525 101
193 9722 151
98 6191 182
126 11719 175
105 11220 101
148 6165 159
45 12425 168
147 8935 128
133 10277 104
92 5493 172
164 8619 143
108 7105 177
137 10728 160
150 812 167
67 3376 140
97 11947 183
233 1662 161
210 65 198
207 4218 105
71 4478 145
174 9467 174
55 9344 169
114 12257 141
41 6461 197
199 8507 121
131 7494 134
97 2134 182
119 7734 119
160 4936 128
207 5072 199
92 10176 172
236 8040 142
174 10433 183
134 3293 170
62 11887 117
133 6483 182
229 11530 192
217 10642 106
154 7311 177
211 5000 167
74 2177 137
228 496 186
55 303 101
234 1787 184
148 7864 163
203 12122 177
102 11684 182
59 6364 159
125 3248 119
62 2333 145
185 9255 117
136 7907 132
146 3488 180
125 4149 148
122 3240 119
241 2499 165
49 10561 128
135 10393 187
49 6119 119
27 9316 194
165 9532 119
78 4074 156
237 6005 188
235 2181 129
92 12104 106
159 9502 146
158 7436 145
90 9030 118
104 1015 191
90 10136 110
57 11238 168
72 2239 159
113 8290 195
154 2504 109
232 4581 143
187 1125 144
141 7238 149
56 8249 182
121 4616 168
118 10596 189
225 7602 101
190 8985 102
131 4706 199
178 9587 139
27 2829 156
154 4209 155
231 10435 172
240 8903 146
124 3756 102
124 1996 190
127 2524 170
105 11707 136
142 1898 143
159 5013 118
224 7386 181
34 2269 159
102 820 127
97 8903 132
190 744 152
130 3831 110
105 5169 108
102 2743 190
227 1290 142
126 2399 182
221 9790 109
224 829 133
107 3391 195
229 3897 195
67 7603 178
117 10416 105
66 2866 103
186 12222 181
220 6834 166
246 5349 179
201 1078 146
184 3270 114
38 2898 109
68 10139 140
42 12322 128
81 10223 111
107 10965 178
39 8201 184
51 4771 169
157 11350 133
137 2191 168
144 6031 170
163 5950 175
138 9035 117
73 7974 159
113 8720 181
213 9008 164
75 9634 170
175 4060 156
167 334 130
128 8316 147
233 9170 123
85 5898 127
245 9744 162
184 6222 130
139 2977 137
68 1740 170
162 6850 159
203 3179 116
188 4913 178
167 1940 122
98 8393 168
100 4553 168
137 952 142
159 1431 107
58 4519 154
92 3785 167
142 4553 144
179 12453 168
36 2088 103
226 10558 113
177 8438 196
149 8149 107
137 6138 162
93 2908 177
213 3452 116
34 10531 178
205 6485 171
231 3438 167
138 7040 182
106 10031 169
