36637
13
33 44 70 35 36 92 109 142 96 128 42 51 43 71 73 114 47 133 59 107 18 143
17 141 121 122 132 139 34 29 60 13 131 140 30 108 81 85 78 67 46 93 53 45 27 111 37 145 110
104 149 55 69 12 9 120 64 39 38 105 119 91 6 97 125 77 25 26 14 123 135 32 115 103 72 124 112 49 82
5 116 57 99 144 86 75 130 54 2 56 4 24 16 106 127 48
102 150 136 41 1 20 23 40 63 3 21 8 65 101 84 87
80 95 15 79 100 10 138 134 58 61 19
68 117 11 98 50 147
7 74 31 76 137 66
52 28 90 88 22
126 118 94 146
129 62 148
83 89
113