328893
23
464 194 275 326 203 374 305 310 57 307 147 236 7 152 146 87 486 298 21 15 479 269 284 210 295 151 384 180 116 158 351 355 336 279 483 44 66 470 331 385 113 474 88 209 274 437 198 348 193 376 76 83 458 220 487 144 32 8 369 59 285 207 381 481 47 357 128 401 330 36 235 353 191 122 409 251 137 363 244 169 387 18 105 431 459 25 397 488 39
370 337 61 342 299 160 366 12 102 434 119 234 261 4 283 96 313 153 241 380 322 412 291 10 80 55 24 63 372 312 252 170 173 253 94 477 361 289 65 426 140 334 16 215 255 127 67 9 172 341 471 296 120 40 403 19 259 70 23 89 389 414 216 69
5 267 379 297 365 438 345 280 197 204 421 454 134 243 179 273 278 97 400 247 352 316 408 248 442 491 155 38 82 13 192 391 358 415 85 424 79 107 343 314 276 212 394 496
405 329 371 495 14 71 325 72 98 456 139 328 327 390 448 436 293 187 226 189 99 75 201 446 123 74 177 232 347 27 186 114 34 95 443 50 398 460 453 62 277 420 383 53 413 344
281 52 159 469 411 29 30 239 422 360 286 490 272 455 166 439 78 288 489 181 84 266 356 106 125 174 484 473 222 498 287 450 26 245
200 258 58 188 430 317 3 386 350 425 2 445 466 478 375 196 402 373 465 183 300 256 184 206 104
368 451 46 124 338 268 49 225 427 377 118 115 320 176 129 131 433 110 393 260 333 213 475 332 324 246 250 214 132 185 254 485 157 404
223 395 492 162 77 126 392 48 354 230 349 303 121 321 304 452 497 93 81 133
339 265 51 423 168 111 91 462 224 142 382 440 399 143 190 37 271 311 86 249 100 441 54 444
138 229 335 163 43 112 447 306 175 472 302 28 1 136 11 294 231 60 165 68
35 154 290 406 171 429 233 167 199 205 428 182 410 257 499 228 457 282
319 292 178 449 117 407 270 500 362 161 396 432
301 33 323 31 417 318 108 263 388 217 164 195
482 149 6 20 493 41 156 435 359 227 467 476
73 90 315 130 17 101 45 202 148 92 238
109 418 242 237 346 150 22 480
64 208 211 218 42
141 463 135 308 56 419
468 416 221 309 494 367
461 378 264 364
240 145 103
219 262
340