49051
17
192 156 83 129 98 152 175 36 12 159 136 52 99 70 119 128 49 134 24 56 5 185 168 72 157 189 29 95 123 61 103 113 88
147 160 183 82 76 184 195 120 8 194 109 121 43 77 80 131 87 31 138 125 112 15 3 149 148 200 84 66 144 22 127
1 188 111 179 94 172 102 97 75 146 124 10 58 17 81 50 78 4 20 107 143 39 114 150 90 74 173 48 122
28 7 32 60 33 55 18 35 45 130 42 167 180
37 69 118 68 140 162 23 163 91 171 71 34 62 178 191 137 86 89 26 176
51 190 165 117 67 199 53 116 106 108 132 197
9 105 198 63 115 2 154 79 6 21 14 166 182 38 16 133 13 73 59 141 181 25
153 177 126 155 19 142 187 40
41 96 193 196 44 104 135
110 145 161 11 158
164 57 100 27 101 170
65 85 64 169
47 30 46
93 151 54
186 174
139
92