105437
16
1 17 52 176 68 143 147 222 79 140 190 65 18 138 118 60 141 155 240 89 241 55 199 224 11 38 15 24 111 8 151 93 45 156 26 179 163
146 208 194 87 128 125 169 78 40 235 20 114 12 53 116 244 142 74 75 127 211 7 159 37 247 185 200 210 184 174 103 181
58 106 6 72 192 16 10 171 36 76 209 175 195 92 161 86 59 112 245 56 183 173 95 197 158 154 63 66 160 29 5 170 71 67 62 231 166 119 121 153 152 51 44 136 129
46 126 229 94 27 50 168 77 41 2 205 117 249 105 148 98 201 23 110 132 164 218 3 57 157 193 14 203 189 96 61
30 242 25 97 213 80 82 131 145 130 250 115 237 162 134 177 236 191 139 167 204 47 64
232 239 135 227 104 198 49 101 108 180 226 216 42 187 172 69 144 99 137
221 81 238 225 233 223 48 73 196 202 182 43 248 9 206
35 215 13 165 123 234 31 85 84 102
39 28 70 4 120 33 100 22
90 207 243 178 246 54 212 188
83 228 91 34 133 21
107 230 113 186 32
150 219 217 124
88 122
19 109 220
214 149