85527
25
202 177 203 241 155 232 106 263 62 107 175 199 181 102 54 171 217 64 164 44 139 151 299 137 56 207 271 154 170 296 83 48 294 222 49 293 266 82 9
277 300 209 34 252 143 25 135 231 234 276 243 189 162 245 127 176 86 2 136 211 236 166 182 93 152 240 270 167 188 50 180 21 229 257
147 248 60 131 173 145 210 18 268 33 16 267 238 99 22 72 278 134 178 133 148 220 51 61 80 260 239 103 283 214 42
262 272 113 59 183 24 94 258 81 208 105 226 96 52 273 36 122 200 43 186 223 265 125 161 11 26 142
109 251 227 159 115 100 88 45 114 286 4 37 23 288 116
87 224 65 119 35 289 91 269 185 57 292 157 291 197 58 150 187 12 31 66 27 141 92
213 259 235 179 195 212 17 244 153 98 129 117 13 20 47 230 225 256
40 132 110 28 264 196 89 190 85 191 84 219
215 32 111 46 169 242 144 78 249 71 140 120 168 261 70 192
184 101 130 172 38 280 160 193 233 194 39 156
282 290 29 216 158 76 97 253 19 218 55 284
221 237 112 14 163 228 123
275 165 75 204 77 104 250 68 30
1 124 246 79 128 279 298
121 8 118 95 10
274 295 146 149 15 90
7 108 206 63 254 205
53 3 69 41
74 73 198 285
174 5 247
297 126 138
281 287
6 255
201
67