143085
25
105 136 216 332 7 35 6 11 89 237 297 100 236 327 178 3 15 56 129 140 50 195 36 169 194 120 23 78 330 110 5 185 77 162 277 191 289 31 262 116 341 177 304 235 4 106 111 107 160 152 300 220
181 318 249 233 132 48 94 16 102 243 39 263 309 73 276 164 53 174 215 291 14 213 163 301 313 115 202 32 165 104 98 159 294 296 350 85 167 123 336 273 337
307 95 272 154 74 183 324 203 317 143 290 68 173 13 135 10 99 303 204 175 2 134 27 302 47 329
211 125 190 59 226 166 62 42 308 335 186 282 70 344 338 79 238 103 242 292
150 306 41 81 17 51 63 182 219 61 193 126 155 247 328 280 22 58 130 264 201 18 112 76 108 37 197 9 284 19 258 269 57 209 128 325 234
46 266 342 26 147 142 20 260 86 319 198 148 149 30 283 52 208 171 205 109 305 138 244
268 265 255 127 231 326 212 331 348 12 28 278 293 241 228 65 222 38 287 121 93 158 285 274 315 34 347 44 184 176 253 218 299 80 200
75 60 312 119 91 295 157 321 267 29 316 180 224 281 320
21 137 124 71 343 246 240 254 217 221 279 322 151 271
345 230 229 188 64 118 323 101 72 69 25 225 153 199 156
24 82 172 49 33 261 187 314 131 288 168 227
55 333 207 114 339 170 43 311 257 88 83
161 67 139 232 250
179 251 8 286 259 256 298 346
192 92 146 206 84
334 252 141 113 349
133 40 189 144 239
66 1 87 340 310
97 275 45 223 210
248 96 270
54 196 90
122 245
145
214
117