183706
38
137 143 245 2 193 134 352 257 187 211 383 97 162 373 82 227 393 234 150 329 391 348 228 107 357 135 119 195 85 362 314 49 94 296 250 133 271 36 177 219 282 236 170 267 104 101 284 303 28 241 262 164 343 18 300 374 281 378
349 336 283 185 302 138 308 316 363 244 340 110 375 387 45 145 290 214 21 95 186 253 191 299 295 55
233 70 96 324 339 198 266 25 254 351 338 385 188 210 240 65 320 68
116 67 376 323 14 369 222 166 23 252 367 190 268 6 365 276
242 181 111 147 345 128 235 50 169 99 287 84 155 173 394 11 30 80 71 321 179 5 19 184 310 311 285 275 1 297 16
301 304 249 51 192 24 59 98 270 78 167 146 294 114 79 8 46 153 372 72 399 400 54 160 151
12 88 226 335 202 87 156 356 360 247 261 326 255 37 103 334 330 62 7 48 74 56
175 286 347 53 269 35 243 205 174 221 225 251 364 126 117
180 390 61 389 125 278 305 229 194 312 331 346 200 332 292 315 58 328 149
366 92 136 209 371 81 148 263 293 168 354 322 319 260
178 75 26 29 131 256 93 259 291 106 337 120
77 358 91 27 161 43 309 217 342 280 122 90 38 368 216 327 121 86 353 17 66 63 39
157 199 274 237 204 397
189 333 398 377 57 341 4 273 163 183 224
215 246 102 379 64 384 76 13 201 69
33 317 279 381 118 370 42 318 264
31 154 100 386 258 298 52 15
60 105 350 382 9 142 265 32 197
359 182 208 361 313 238 3
212 129 124 395 307 115 277 44 152
34 388 165 112 230
109 83 22 171
248 325 20
206 355 130 141 176 40
289 108 172 272 232
231 392 140 288 344
127 123 144 139
220 306 380
41 196 396
159 218 158
10 207
73
132 203
47
223
239
213
113 89