298131
20
422 37 327 206 392 6 362 257 51 94 47 375 124 115 99 384 45 122 274 318 241 216 290 60 305 413 62 41 406 402 411 78 113 226 104 291 324 215 391 298 442 346 203 135 358 263 95 171 87 200 138 9 343 401 397 272 361 145 214 129 398 320 259 249 428 251 265 325 345 177 232 187 449 440 83 399 301 212 351 8 408 63 11 376 103 446 163 363 44 69 430 262 230 388 53 292 296 209 373 29 336 15 153 178 417 415 162 236
387 210 52 370 26 270 217 221 219 275 120 321 137 154 222 365 19 136 297 437 379 294 304 42 366 309 208 317 423 250 261 289 267 427 56 77 22 338 334 13 64 192 141 404 288 108 354 281 2 133 134 109 35 258 107 227
331 444 377 158 407 285 193 234 302 323 151 314 414 220 371 173 191 155 431 182 189 66 353 61 332 349 299 342 328 32
159 280 237 315 88 409 58 80 311 242 67 55 283 260 195 90 238 97 367 435 344 186 70 38 181 57 33 142 28 180 240 235 443 179 355
372 380 125 168 245 224 102 160 198 218 24 92 36 96 359 116 341 319 100 144 119 139 147 394 282 185 23 229
183 447 17 420 357 84 27 21 111 34 161 400 167 303 248 118 132 231 76 170 368 81 86 175 93 130 1 426 223 72 40
335 253 438 157 150 202 405 91 369 25 313 333 46 364 166 105 82 350 385 85 425 247 403 329 244 165 89 433 12 117
75 360 225 68 300 239 197 48 10 190 205 176 347 266 268 381 101 121 419 114 174 254 412 255 356 54 196 340 79 59 316 439 450 106 110
3 143 169 172 396 71 50 436 330 295 213 273 246 293 352 146
445 4 308 326 16 74 14 252 128 7 418
123 393 112 207 312 233 277 18 276 148 30 382
278 389 149 395 386 271 243 339 39 410 286 188
416 199 322 140 424 204 31 378 429 126
383 184 211 310 434 421 448
164 307 43 152 131 374 441
5 98 306 194 279 432 127 256
65 228 201 49 287
156 337 284 269
390 348 264 73
20