357248
23
313 297 119 198 426 170 337 144 183 383 274 39 293 252 268 441 468 347 374 488 61 317 330 28 35 203 188 136 491 427 266 98 222 192 376 241 397 9 128 60 212 365 238 310 342 329 135 220 477 23 55 81 459 115 8 430 338 67 305 282 264 379 360 450 207 389 114 434 326 89 47 70 285 166 413 451 331 284 499 357 204 300 69 371 82 24 169 258 479 248 173 210 355 3 74 415 80 206 243 409 259
63 141 390 487 20 296 104 325 34 358 15 234 341 386 127 436 109 164 235 18 247 474 356 232 454 27 159 458 149 353 352 380 171 240 387 194 201 307 444 343 25 251 486 140 134 85 193 289
302 96 132 412 189 105 402 381 466 32 65 425 442 332 440 10 90 107 214 87 277 225 420 116 16 106 460 366 19 162 37 384 421 385 244 57 348 239 122 36 120
333 151 249 215 301 447 88 236 256 498 483 187 351 324 295 44 496 334 275 131 186 21 51 180 404 396 391 361 273 152 262 495 246 372 299 328 253 77 267 216 410 350 327 213 288 75 336 394 484
286 191 155 280 111 370 68 283 431 276 230 72 278 400 185 33 153 439 405 311 417 12 298 393 443 453 7 500 395 255 147 455 465 179 423 312 167 79 478 438 377 76 143 319 29 66 492
121 257 146 481 437 411 406 177 490 26 95 129 117 303 473 279 62 125 335 261 14 482 100 272 2 94 448 83 485 123
158 320 318 403 445 112 322 364 398 48 46 86 433 99 424 157 160 113 91 197
472 254 354 375 363 493 362 345 457 84 93 456 349 287 59 446 161 270 163 463 174 260 165 172 118 38 271 130 223 265 181 316 281 292 263
52 369 452 306 428 231 414 339 392 224 228 200 401 190 250 196
49 110 175 475 137 471 470 464 344 108 291 1 368 11 294 58 233 182
494 101 154 56 178 269 5 92 432 422 97 184 199 42 103 209
290 449 71 429 408 314 22 195 321 399 156 229
242 227 205 489 176 4 54 53 497 6 309
139 40 41 462 30 138 202 416 373 476 407
102 340 388 13 126 382 124 133
461 218 467 50 435 315 308 359
419 469 64 73 31 367 145 245
237 43 148 168 418 480
346 226 150 217
208 78 219 45
17 211
304 221 378 323
142