36878
19
128 46 73 59 70 18 133 36 92 51 13 44 38
71 42 33 132 107 142 114 82 16 93 143 60
111 109 8 47 29 149 37 110 65 45 141 86
104 35 34 122 145 55 43 14 144
17 125 78 27 85 140 81 6 32 64 48
53 69 139 72 67 108 77 112 39 105 131
123 2 103 9 115 101 84
91 12 30 124 56 120 116 57 49 99 119 135 75 4 97
136 3 87 106 54 23 150 20 25 138 102 5
127 15 40 130 1 21 63 24 96
41 26 58 61 100 19 79 68 50 80
95 121 11 22 147 7 10
134 117 88 137 98
66 31 62 76 52
126 146 74 94
129 28 83
148 89
90 118
113
