144693
65
329 3
220 35 116 125 6 302 86
102 159 78 152 104
121 77 224 134 169 27
317 216 50 336 68 61 136
140 304 120 272 200 185 14 94
341 162 56 52 195
164 16 263 23 4
48 297 135 177 158 106 313
100 74 243 237
273 99 262 332 277 276
236 337 342
191 173 174 249 258
146 303 154 39
343 181 167
251 247 316 269 291
215 307 31 178 63 163 22 300
301 233 132 204 2
330 309 115 76 15 296 5 335 344
59 234 110 105 280 81 166 289
278 79 112 282 318
260 47 37 109 42
201 95 123
73 338 130 295 284 32 327
226 324 182 107 290 203
235 325 238 242 13
108 305 328 41 111 36
197 194 58 128 150 91
254 244 308 190 142
28 57 98 18 306
267 265
126 199 319 208 205
347 143 46 62 53 85 165
231 211 219 193
294 310 240 183 60
326 228 299 9 186
80 65 155 331 51 103 29 348
38 71 149 19 222 345 287
281 315 221 21 253
30 274 119 148
184 246 147 259 114
283 271 213 268
70 285 127 293 25 320
264 20 10 129 101 26
217 202 17 171 151
180 44 252 311 261 93
33 321 118 241 314 124 212 176 218 168 339
137 207 83 312 34 225 157 24 172 43 69
257 55 255 75 323 227 187 64 333
139 12 131 170 90 346 229
298 82 84 239 67 11 49 230
232 288 250 7 275 279
256 179 206 160 340 223
88 209 133 92 138 198
188 161 72 153 113 45
266 334 1 349 87
189 144 292 40 245
322 192 156 248
210 286 122
270 66 145 141
350 196 214
97 96 8
54 117
89
175
