272029
43
327 116 103 407 218 153 449 192 413 88 42
430 261 260 83 29 424 325 270 53 145 130 402 208
321 222 244 185 323 193 363 94 274
162 232 317 22 397 418 362
52 39 414 275 369 215 155 406 87
115 183 235 68 180
319 289 32 292 398 349 19 203 142 6
305 99 220 446 163 399 221 387 379 120 346
47 294 51 191 368 328 296 37 280 376 263 13 82 111
187 385 358 92 262 141 195 338 179 109
26 96 373 56 45 217 2 408 182 216 417
8 366 11 404 427 151 209
297 60 375 318 46 242 370 377 197 246
267 154 288 105 240 290 431 108 35
437 311 189 367 137 95 84 135 159 315 138 78
58 226 409 411 353 276 210 241 23 124
186 97 196 371 90 38 69 178 249 309 41 444 299 63
426 171 122 351 110 224 158 245 104 320 160 304 129 293
15 113 177 365 301 55 119 139 372 291 344 336 282 435 334
335 257 394 14 403 85 147 303 239 234 343
443 66 428 332 392 136 28 33 298 70 238 423 72 391
161 212 360 62 219 1 9 100 40 125 121 198 237 102 342 176
236 206 24 61 285 214 200 202 175 223 422
314 118 170 174 266 59 18 388 227 439 253 341
420 324 106 355 166 93 133 165 300 190 259 380
168 44 134 333 21 381 77 48 284 79 107 281 401 12 247 329
268 283 313 225 10 114 150 231 230 384 251 447 361
81 412 101 173 378 54 181 357 425 169 405 80 248
188 433 205 143 91 295 434 76 442 75 36 356
50 345 316 286 86 302 34 450 25 255 354 123 448 254 347 74
112 350 172 5 386 157 146 89 419 229 278 67 308
30 213 7 184 73 194 272 436 310 273 438
390 148 389 207 400 340 71 415 326 410 27 243 16
277 128 432 252 17 441 396 445 312 132 144
117 339 395 271 211 393 152 233 330 359 382
256 264 31 127 383 279 4 429 374 331
258 98 140 3 440 306 126 64
416 322 57 201 364 43 131
421 204 307 228 199 65
337 20 149 269 352
156 265 49 167
348 250 287
164
