38384
20
46 128 133 36 44 70 18 59 13 38 92 51
42 114 107 71 73 132 142 33 16
82 143 109 93 8 112 47 29
86 110 45 141 60 35 111 37 104 53 145
34 55 43 140 14 125 144 85 17
78 27 81 6 48 64 32 139 122
65 72 108 69 67 77 39 24 105
123 103 115 131 149 9
75 120 57 119 135 12 99 56 116 97 91 30 49 127
124 4 150 23 3 54 138 106 20 25 102
40 136 5 87 63 1 101 21 15 26
2 96 100 79 61 84 58 41 68 121 50
130 19 137 7 11 147 22
95 80 10 66 134 117
98 88 76 31 74
62 52 28 94
146 89 126
148 129 118
90 113
83
