50825
28
127 123 98 143 49 99 200
12 83 168 50 156 131 70
72 180 136 148 134 175
119 194 57 185
88 102 76 113 152 77 184
95 8 147 163 183 61 157
192 10 22 4 129 18 125
122 31 3 128 137 160 80 29 24 84 124 87 107
94 5 17 172 195 58 112 78 188
105 130 20 138 167 43 120 56 74 146 48
33 116 35 42 82 106
39 7 28 75 60 173 176 150 179
86 68 34 1 81 89 55 154 97 162 140
52 37 170 142 121 45 91 90 118 159 132
117 165 111 187 23 144 190 191
108 199 71 44 2 109 114 197
178 15 171 181 21 19 51 6 13 198
16 38 126 14 141 63 11 9 104 79 182 133 36 115
135 96 40 177 166 67 25 62
41 110 145 196 32 53 59
153 85 155 64 193 69
30 149 161 93 27 65
151 101 46 66 169
100 103 54 158
189 73 47
164 26 139
186 92
174
