143199
84
343 320 349 245 367 23 55 101 241 250 104 119 214 131 129
208 147 222 253
187 43 191 65
234 335 171
149 304 244 378
254 49 193 82 79 311 296 114
25 352 188 373 94 393 205
190 87 170 17 137
347 383 210 169 303
299 99 262 375 336
308 18 45 351 133
74 36 138
162 5 70 166
329 295 340 267 54 316
385 357 211 362 150 255
14 110 28 151 227
247 314 198 192
240 2 95 284
256 143 268 67 160 360 153
302 323 69 275 266
1 399 251 21 178 387
173 252
294 88 35 356 276 80 374 85 185
11 339 391 348 338 184
369 177 376 16 179
233 331 134 366 135
76 97 346 389 321 118 290
282 345 117 84
68 156 315 186 116 386
400 286 228 155 56
301 197 279
59 189
202 146 257 50
7 8 200 126 107 249 6 285 145
217 174 90 297 226 164 326
61 75 194 310 98 261
71 72 291 269
365 243 274 62 219 112
37 12 278 263 201 390 332 260 195
246 312 392
175 235 353 96 24 300 337 364 341
318 330 168 324 100 182 394
121 58 63 91 120 229
359 30 277 322
142 103 293 354 167 221
77 106 15 309
328 38 128 111 199 372
78 13
157 280 368 384 397
377 39 237 48
204 305 29 46 292
319 32 136 81 225 370 242 57
398 93 102 124
327 216 317 258 44
148 4 26 40 161
379 53 363 273 212
313 86 34 259 264
215 60 66 122 236 181 27
31 307 224 115 333 358 33
144 396 334 52 382
51 163 395 271 105 287 342
9 272 380 152 350
239 20 3 388 220
154 231 371 141 165
381 64 355 83
288 289 206 306
230 127 130 298
183 176 361 92
283 108 248 207
109 123 180 325
196 238 281
213 19 139
41 232 159
125 132 22
172 265 10
344 113
47 158
223 140
203 73
270
42
89
209
218
