79225
59
181 56 265 33 9
164 21 293 175 170
178 258 52 107
133 234 245 54 42
277 231 50
34 49 102 266 207
214 136 83 209 262
177 129 217 106 210 62
2 220 222 126
44 105 103 243
61 299 235 263 80 271
291 45 36 300 48
131 35 122 203
267 202 199 155 211 59 82 270
260 4 180 137 244 283 154 229 23 236
58 147 139 110 248 188
134 176 145 115 240
162 252 288 241 278 11 151 60
264 273 99 161 167 88
18 225 93 223 226 16
113 98 24 289
141 96 40 259
94 159 239
125 183 46 257 86
100 166 81 148 153
227 152 57 92 276
285 12 215 127
78 189 39 116
179 230 193 111
20 135 13 171 232
185 32 251 261 22 89 26 71 190
294 233 182 72 51
200 275 85 84 25 150
28 272 132 238 142
269 140 70 249 17
286 47 186 143 296 208 27 191
101 173 43 290 144
123 168 256 212 204 64 196
219 76 120 160 292
158 38 268 75 282 130 197 242 192
97 221 237 163 87
114 187 284 250 279 77 112 119 184 157
65 172 169 37 253 68 91 117 149 30
218 104 298 124 8 246 165
228 55 79 198 128 295
29 19 95 280 1 53
156 213 118 10 274
224 254 63 194 121
205 31 201 14
73 108 255 146
90 15 3 41
247 5 195 216
109 66 297
138 287 281
67 7
206 174
6
69
74
