100954
28
190 12 169 211 241 75 192 116 115 55 156 126 151
158 79 185 114 71 198 74 179 37 160
52 15 38 159 56 121 1 128 155 184
136 176 245 20 3 197 208 17 244 11 18
87 119 95 247 183 222 50 168 93 129
209 154 164 68 60 203 5 194
7 106 29 26 138 224 53 195 111 30
140 67 4 10 103 86 62 163 24 44 157
161 146 170 63 152 59 189 14
141 134 177 181 66 147 127 249 231 131 118
202 76 82 61 153 2 78 200
65 199 250 142 72 132 97 96 45
174 105 229 102 167 89 23 42 6
27 101 117 69 233 242 191 235 144 40
94 41 201 112 145 64 130 49 125 148 172 98
80 25 46 213 218 104 232 21 210 48 180 47 238 204 57
207 226 175 51 173 237 216 205 223 187 171 9 92
227 246 236 36 206 135 108 110 85 196 162 16 212 43 58
165 73 77 239 143 120 81 33 234 22 182
166 84 225 215 39 123 137 221 100 99
90 228 240 122 139 70 178 83
31 248 109 35 113 220 219
54 28 91 150 133 8
188 243 13 193 19
230 34 186 149
124 217 32
107 214
88
