322777
60
481 144 487 352 307 133 234 298
341 173 326 314 24 80 88 389 191 203 95
187 296 151 152 259 18 12 236 325
273 316 459 34 300 426 248 366 486
232 252 401 353 365
114 188 328 291 4 330 206 355 414 87
83 198 70 289 299 44 391 193 38 479 220 324
235 348 436 39 216 470 329 450
275 331 297 192 127 21
274 322 79 474 337 210
357 491 317 305 98 128 16 477 105 376 427
61 257 319 310 183 253 158 222 77
398 215 384 204 243 284 334 97 412
333 65 15 47 8 287 370 488 390 397
212 89 369 82 276 60
439 434 383 454 458 350 85 9
67 207 277 250 373 422
122 496 66 74 155 347 23 174 484 498 420
286 169 116 358 57 321 194 120 241
279 460 25 293 10 164 409
63 456 473 244 201 269
283 442 363 189 374 385 351 343
445 380 387 75 111 393
96 403 455 256 72 137 342 179
255 247 106 371 268 197 104 27 478
312 159 437 413 28 379 500 131
394 451 372 7 266 295 94 62 107
448 453 200 26 46
280 170 177 112 51 251 29
166 147 392 490 76 115 132 482 214 119 311 360
254 91 483 400 19 404
140 182 335 327 361 113 395 153 14
338 129 443 125 421 272 172 32 444
239 263 157 306 213 466 402 146 180 405 2 134
261 55 417 349 167 271 489
485 281 332 447 176 121
118 186 71 368 246 260 81 69 492
336 320 37 225 123 86 495 425 386 285 196
110 11 33 339 464 377 184 344 471
136 1 59 345 278 415 440 100 54 154 452
430 3 433 108 230 160 117 84 185 175 190 209
48 294 354 138 139 449 265 143 5 142 233 68 472 99
163 93 423 446 181 165 171 411 424 438 52 103 49 315
161 229 223 410 228 231 156 375 90 101 195 217 465 457 431
224 406 499 35 73 494 227 245 162 441 362 428 290 382
399 135 497 36 292 205 237 475 178 199
202 43 429 462 242 53 407 493 13 378 432
50 168 58 467 282 267 41 126 396
40 302 149 31 359 22 270 102 480
56 238 468 381 388 309 218 469 264
258 30 323 124 221 476 109 42 17
288 418 301 6 308 435 45 208
313 304 92 356 78 340 226
20 364 150 318 148 408
145 416 262 211
367 346 249 219
130 461 240
463 141
64 419
303
