51140
28
143 98 200 49 127 99 123
168 156 83 131 50 12 70
148 180 136 72 175 134
57 194 185 119
113 77 76 102 88 152 184
183 147 157 61 8 95 163
125 4 22 129 192 10 18
78 124 128 122 80 31 29 137 84 87 24
58 160 17 107 172 5 195
3 112 43 188 138 105 94 120
56 167 20 35 146 74 130 33 82
42 48 116 28 7 75
39 60 55 150 1 106 34 68 176 173 140 89 97 81 86 91
52 154 179 121 162 90 71 45 118
117 142 23 111 159 165 144 132 187 25 190
44 191 114 37 108 2 178 51 21 197
109 19 15 198 181 171 13 6 126 36
9 104 14 63 11 38 59 133 141 16 67 115
96 182 79 135 40 177 196 199
166 110 62 145 170 32 101
41 54 53 69 155 153
100 93 85 46 149 27
151 64 30 169 66
158 65 193 161
186 164 47 174
139 73 189
26 103
92
