99037
27
156 12 114 79 151 75 211 116 190 192 169 55 126
185 160 198 159 241 115 37 56 71 179 158 52 121 74 184
15 38 208 1 155 3 119 17 136 245 20 244 128 176
197 18 11 222 87 95 183 247 50 168
161 209 53 154 68 60 5 129 164
106 7 224 194 93 26 138 140 203 195
29 67 30 44 10 111 24 103 163 14
63 62 146 86 157 152 189
4 170 59 181 134 153 76
147 118 127 141 249 177 65 231 66
199 182 82 78 174 61 97 45 132 142 131 250 200 72
137 229 167 89 23 105 235 2 96
42 6 27 102 117 101 191 64 242
47 69 49 40 94 125 130 145 148 207 172 180 80
201 233 112 218 98 21 57 213 41 48 104 232
204 110 25 173 46 226 210 73 51 223 120 246
9 92 205 216 171 36 237 108 58 175 239 196 236 43
16 85 227 135 77 206 165 228 162 144 100 187
84 81 238 225 99 22 33 234 139 39
166 202 215 143 122 221 240 70 219 90
83 123 212 248 150 188 109 13
31 178 220 28 8 193 243
91 34 113 133 230 35
54 19 88 217
186 32 214
124 149
107
