78070
56
293 181 56 33
175 21 170 265 178 164 52
133 231 9 107 258
234 42 174 54 245
34 207
136 49 266 102
83 209 214 277 50 262 217
210 129 220 106
2 177 222
44 243 103
61 80 105 45
235 271 263 299 203 62
300 122 48 36 131
35 199 82 270
155 202 211 291 180
267 260 139 59
244 229 4 283
110 58 236 151 147 241
248 176 240 134 188 145 154
137 115 278 162 252
288 18 264 88 11 60 273
167 93 225 223 16
226 161 99 259 113 289
159 96 24 98
239 227 125 86 100 183 166 94 153 215
26 257 40 46 148
276 152 233 81 189 230 12 285
179 127 39 57 116
92 232 192 111
190 20 135 78 13 89 171
185 22 71 25 208 193 261 294 72 251 32
272 182 142 51 275 84 85
132 150 28 200 238 286
186 191 196 249 70 269 17 140 256
27 168 101 47 290 173 144 212 43 296
123 204 120 143 55 76
280 130 292 160 282 38
64 29 242 268 87 158 219 114 157 75
79 279 187 169 8 218 221
119 77 163 184 197 65 253 284
149 68 112 91 37 250 117 172 298
104 246 30 228 97 237 128
124 95 141 118 19 156
295 53 165 1 194 90
14 10 254 274 224
73 213 121 31 198
3 108 5 247 63
146 15 297 216
201 41 205 126
287 255 23
195 109 74
206 138
66 6
67 69
7
281
