142291
64
35 3 116 329 6 125
86 152 220 27 159 302
102 78 304 77
224 336 121 169
61 317 134 48 216 50
94 104 120 272 136 68
140 52 14 200 56 162 185 341
23 100 263 297 4 195
303 106 164 158
74 16 313 135
243 177
337 277 332 273 262
173 236 258 342 191 276 249
99 91 174
154 343 316 269
215 95 167 291 39 181 307
5 178 251 233 132 163 247 204
2 237 330 81 109
296 335 300 301 115 31
309 344 110 105 76 79 59
289 278 112 318 15 166 234
63 282 47 201 32 260 42
22 37 123 290 73 325
280 284 327 182 107 338 130
238 203 324 235 242 108 226
305 295 41 150
197 13 36 254 142 111
328 58 128 194 308
306 244 28
190 18 199 98
57 267 265 208
126 143 85 319 205 231
347 240 165 148 53 46 211 193
299 310 219 294 62
326 60 183 180 9
228 217 51 315 348 155
65 29 103 331 38 19 80
71 222 149 21 287
221 253 30 293 281
119 184 274 268 114 259
213 147 320 246 26 283 127
271 285 171 20 70 264 202 49
17 10 101 212 129 138
261 241 151 345 44 339
172 93 252 312 24 157 314 176 124 229
311 168 118 321 137 25 69 218 64
33 225 346 34 255 207 288
323 227 83 75 67 139 257 170
55 43 131 187 232 12 333 11
298 209 84 256 82 186 206
179 90 160 230 334 250 275
146 133 88 161 72 279
7 153 340 286 92 40
239 156 248 223 188
198 210 266 113 189
349 87 144 270
192 141 1 292
196 45 122 89
175 245 117
145 96
350 8 54
97 214
322
66
