142823
84
320 349 241 245 367 55 101 104 208 129
222 23 131 343
119 250 187 147 214
65 234 378 244
43 304 191 335 114
171 82 205 193 49
25 253 296 79 373 188 352
271 94 87 45
254 190 311 17 393 149
347 383 137 299
210 170 169 133 375
138 99 351 290 336 36
308 166 18 70 5
357 74 262 340 316
385 267 162 255 329 295
211 150 151 227 314 192 28
95 362 247 284 2 240 54
21 198 153 14
143 160 268 219
69 366 376 323 302
251 360 266 1 374 67 178 387
276 35 348 80 256 173
369 135 339 252 391 85 356
177 275 134 185 184 179
233 11 16 88
346 118 315
97 76 84 321
331 389 338 399 294
116 197 286 282 110 68
156 400 51 386 202
126 155 59 217 301
257 228 249 279 146 200
303 145 261 285 7 8
6 164 345 297 90 50 186 390 56
310 174 75 107 61
71 62 72 194
98 269 243 189 291
365 201 274 100
278 300 195 263 332 226
341 37 12 312 318
319 364 246
235 330 322 168 96 260
175 392 229 394
58 337 182 326 120 24 106
277 121 359
103 293 167 15 30 354 221
77 91 111 63
328 29 384 48 78 112
157 199 309 38 280
39 142 377 46 52
128 368 292 397 57
32 305 237
136 204 370
124 324 398 225 13
242 258 216 40 327 379 81
148 4 212 93 26 161 44
313 102 272 53 363
86 333 264 231 66
60 34 259 215 317 236
358 144 33 307 115
122 127 395 31
20 334 27 342 382 224 163 287
380 152 154 396 64
371 105 9 372 350
239 3 220 381 206
181 353 388 230 92
361 298 141 117 273
288 289 165 108
130 207 238 176
306 83 183 196
159 140 180
355 109 139 123
213 41 281
19 283 22
325 232 265
248 47 113
132 42 223
209 270
172 10
125 73
218 158
89
203
344
