282987
46
327 116 103 407 218 153 83 42 449 325 413 88 208 270 145 192
430 29 193 260 274 424 402 130
363 323 222 185 53 362 261 321 232 6 244
162 418 414 22 39 94 52
406 317 369 215 397 155 141 87 275
115 349 68 235 305 319 289
142 32 183 180
163 399 47 220 379 99 292 446 294 398
17 120 280 387 203 296 262 346 368 221 187 19
51 191 195 358 82 179 263 328
96 404 26 56 373 338 417 109 376 13 46 2 92
427 216 45 366 11 217 111 209 385
408 182 370 8 105 377 242 135 154 60
151 240 297 44 84 138 267 108 246 288 318
189 315 437 35 58 367 95 431 411 311 78 197
290 353 210 159 409 186 226 351 90 137
371 124 104 249 38 299 69 444 196 177 97 309 63
178 372 426 23 41 241 224 301 293 344 343 129
122 171 110 55 365 320 304 332 14 336 158 303
139 428 160 291 119 435 15 136 282 276
147 257 390 391 72 334 392 238
403 394 298 239 423 66 9 214 70
62 219 40 28 33 360 176 161 285
198 342 175 1 212 85 237 125 100 443
420 102 24 245 227 206 170 61
236 324 174 314 200 93 234 380 259 341 77 422
166 266 113 106 59 202 165 247 447 253 133
248 12 388 121 281 173 107 134 150 86
329 114 48 283 355 284 118 21 313 168 300 333
101 384 381 405 230 18 361 10 231 295 412 433 225 169 36
188 16 268 172 357 356 80 54 401 205 286 181 5 34
81 316 345 442 378 91 50 79 251 450 254 255 76
112 439 354 25 448 143 74 146 434 89 347 375 302 350 273
436 386 75 425 157 335 7 213 223 30 190 272 326 37 400
312 123 207 148 340 67 308 117 184 415 277 419 229
132 194 233 441 73 396 389 211 374 27 438 382 410
127 71 339 152 432 359 330 445 393 310 429
252 128 278 421 3 271 307 258 4 57
243 126 144 306 395 383 64 279
440 331 364 98 140 65 31 322
49 269 256 43 264 287
250 352 204 416 164 199
201 149 156 20
348 167 228
337 131
265
