328397
60
133 144 236 203 481 24 234
314 487 191
88 389 366 352 296 95 151 18 80
252 307 326 341 12 152 34 259 486 298 316 114 173 4
365 273 300 248 426 187 353 355 459
328 289 325 401
330 188 348 83 206 220 193 414 198 324 87 158 337
299 450 470 39 38 391 269
216 291 127 274 44 436
275 192 98 322 21 79 474
479 477 329 305 331 257 128 232
222 105 310 357 210 376 317
183 235 319 77
491 439 16 412 8 334 398
70 284 253 215
390 384 383 61 397 488 85 243
204 89 15 47 212 287 82
333 65 277 427 370 458 420 9
369 276 409
373 67 207 496 350 434 74 97 358 57 23
347 164 155 116 286 279 66
122 321 244 120 174 194 484 137 456 293 241
442 10 201 25 179 363 422 72
283 374 455 473 169 343
28 380 393 189 387 385 295 445 256 460
498 75 106 27 297
268 104 454 342 394 36 96 247 312 255
379 351 372 453 197 371 111 413 131 437 403
159 132 451 266 251 478 177 7 113
200 107 392 448 166 62 250 26 14 29
500 483 119 170 94 76
112 172 46 115 147 443 280 360 19 182 311 327 51
60 214 140 335 400 495 395 402 129 186 91
404 125 254 153 180 213 263 421 466 32 239 361
54 110 2 368 482 405 338 55
272 425 464 136 118 349 157 490 386 1 48 417 261 375
121 285 447 281 146 86 260 332 271 246 489 465
345 306 123 59 175 485 108 320 431 225 415 37 134
399 81 377 160 100 63 139 428 93 440
33 69 3 336 185 492 143 430 452 84 154 433
449 278 354 171 471 344 68 230 5 71 196 165 142 233 424 11
423 339 499 231 270 406 265 184 156
181 162 472 446 228 49 117 138 410 202 441 229 362
223 99 190 209 195 90 224 101 444 217 493 35
411 292 205 52 73 161 199 494 290 497 168 135
167 438 457 396 176 475 462 288 238 237
294 103 163 56 432 31 149 40 429 242 102
258 22 388 382 480 407 245 359 58 282
126 13 378 315 264 150 178 302 267 323
309 435 381 53 218 408 304 6 50
43 30 416 476 467 301 124 148
145 227 367 109 468 141 419
208 45 340 313 20 418 356
92 318 364 226 469
17 463 240 41 346 64
221 249 78 42
461 308 219
262 211
130
303
