62856
9
12 49 50 70 72 83 98 99 103 119 123 127 131 134 136 143 148 156 168 175 180 185 200
4 8 10 22 61 64 66 76 77 88 95 102 113 125 129 147 149 152 163 183 184 189 194
3 5 17 18 24 29 31 58 78 80 84 87 94 105 107 112 122 124 128 137 157 160 174 192
20 26 32 43 48 56 65 69 74 106 116 120 130 138 167 169 172 188 195
7 25 28 33 34 35 39 42 53 54 57 60 75 82 139 146 161 164 166 186
1 37 41 46 52 55 68 81 86 89 93 97 117 140 150 153 154 158 173 176 179 190 199
23 27 44 45 47 51 62 71 90 91 101 108 110 111 118 121 132 142 144 159 162 165 170 187 191
2 6 11 13 15 19 21 67 73 92 109 114 145 171 178 181 197 198
9 14 16 30 36 38 40 59 63 79 85 96 100 104 115 126 133 135 141 151 155 177 182 193 196
