148300
24
55 75 88 115 116 151 169 187 190 192 211
12 35 37 71 79 114 126 156 158 184 241
8 34 52 56 74 159 160 178 179 182 185 198 203 212
1 3 14 15 17 20 38 50 121 128 155 176 217 228 243 244 245
4 11 18 87 95 136 147 168 197 208 240 247
5 53 60 68 119 129 164 183 202 209 219 222
7 107 109 137 138 139 140 154 194 195 224 248
10 26 29 30 44 67 93 99 106 143 166 181 189
24 62 63 86 103 111 146 152 157 163 186 225
13 59 66 76 123 133 134 141 150 170 177
2 19 32 82 118 124 127 161 193 231
45 61 78 96 97 132 149 153 199 214 249
23 54 65 72 89 131 200 250
6 39 42 102 142 144 229
27 83 101 105 117 167
41 64 69 94 130 174 191 233 242 246
40 47 73 80 104 112 120 125 171 172 207 239
21 49 84 91 98 145 213 235
28 46 48 122 148 180 188 201 230 232 238
25 51 57 110 204 210 218 221 223 226 237
36 85 100 108 173 175 216
9 31 33 43 70 81 92 196 206 215 236
16 58 90 205 220
22 77 113 135 162 165 227 234
