93165
19
9 21 33 52 56 107 133 164 170 174 175 178 181 231 234 245 258 265 293
34 42 49 54 66 83 102 106 126 129 136 177 207 209 210 214 217 220 262 266 277 281
2 44 45 50 61 62 80 103 105 222 235 243 263 299
35 36 48 82 109 122 131 199 202 203 206 229 244 260 267 270 271 291 300
4 5 23 58 59 69 110 139 147 155 180 188 211 236 255 283
115 134 137 145 151 154 176 240 241 248 252 264 287 288
11 60 73 88 93 99 161 162 167 223 225 259 273 278
16 18 24 74 86 94 96 98 100 113 125 141 159 226 239 247 257 274 289
14 26 31 46 57 81 92 183 215
12 39 121 127 148 152 153 166 227 230 232 251 261 276 285
13 20 22 32 78 111 116 135 179 189 192 193 205 216 224 233 297
1 29 51 71 72 84 89 108 171 185 190 191 198 213 254 294
15 25 28 85 120 138 142 150 182 186 195 200 201 238 272 275 290 295
17 27 43 47 70 101 132 140 143 144 156 168 173 204 208 212 249 256 269 286
55 63 76 79 97 123 146 160 194 196 219 280 296
3 7 19 38 41 67 87 130 158 165 218 221 242 282 292
8 40 64 75 114 128 163 187 228 237 250 268
53 65 77 90 104 112 119 124 157 169 184 197 246 284
6 10 30 37 68 91 95 117 118 149 172 253 279 298
