187460
23
3 6 27 35 78 86 104 116 117 125 152 159 189 220 302 303 329
7 48 52 61 77 94 99 102 120 121 134 136 169 175 216 224 239 248 343
14 50 56 68 140 145 162 164 177 185 195 237 263 272 304 317 336
1 4 16 23 74 89 100 106 135 138 158 200 243 262 273 277 297 313 341
91 173 174 191 196 236 249 251 258 276 322 332 337 342 350
39 63 81 95 122 146 153 154 167 178 181 186 247 266 269 291 307 316
2 5 109 115 132 141 163 166 188 204 215 217 292 296 300 301 335 344
31 37 59 76 79 105 110 112 279 289 309 330
11 15 42 47 73 87 113 123 209 233 234 278 280 282 318 325 334 345
32 66 107 130 142 182 199 201 260 284 290 295 338
13 22 26 36 41 92 108 111 180 214 275 286 305 324 327
18 28 58 98 150 203 226 235 238 242 308 328
46 57 85 128 194 197 198 210 244 254 306 319
45 53 62 144 148 190 205 208 223 231 245 265 267
9 60 72 126 143 156 165 211 212 219 240 294 310 347
29 51 65 80 88 103 155 160 183 193 228 256 299 315 326 331 340 348 349
19 21 30 38 54 71 119 149 184 221 222 253 268 270 281 287
20 40 49 70 101 114 147 202 213 230 246 259 271 274 293
8 10 17 44 90 96 124 127 133 171 206 264 283 285 320
33 93 129 151 229 241 252 261 339
24 25 34 43 64 67 69 118 137 161 168 176 218 250 298 312 314
55 75 82 83 97 139 157 172 187 225 227 311 321 333 346
12 84 131 170 179 192 207 232 255 257 288 323
