211320
37
23 55 101 131 222 241 245 248 250 320 325 343 349 367
65 92 104 114 119 129 132 147 187 208 214 281
43 49 82 171 191 234 244 335 378
25 41 79 87 94 205 253 271 296 304 352 373
42 99 133 137 149 169 170 180 188 190 254 299 311
17 36 45 210 303 347 353 393
19 70 74 138 166 308 336 351 375 383
18 28 110 162 181 193 290 306 329 357
5 54 150 151 153 227 252 255 262 295 316 340 385
14 21 143 198 211 240 247 267 314 362
2 35 95 100 160 178 192 219 284 338 366 399
69 117 173 184 256 265 266 268 275 302 323 360 387
1 67 80 113 177 179 185 251 276 315 339 348 356 369 374 391
11 134 135 156 158 159 233 376
51 76 84 85 88 116 176 331 345 346 355 389
16 97 139 155 197 207 282 294 321 372 386 392 400
47 68 146 217 273 286 301
59 145 174 189 202 228 230 242
7 8 107 126 164 200 203 209 226 257 279 285
6 50 56 71 75 90 172 196 270 297 365
61 62 72 98 118 123 186 194 243 261 269 274 278 291 310 332 341 371 390
10 37 106 112 201 263 318 337 364
125 195 235 246 260 312 319 330 381 394
12 64 96 120 121 168 175 238 300 354 359
58 63 91 165 182 221 229 298 322 326 370
22 30 103 142 223 277 289 380 384 397
15 24 29 52 77 111 127 167 231 293 368 377
13 38 48 78 199 309 328
32 39 57 128 130 157 237 280 305 361 396 398
34 40 46 73 183 204 206 220 292 333
102 124 136 140 225 317
4 26 44 81 93 212 216 218 249 258 272 288 324 327
53 86 148 161 232 313 363 379
60 66 109 141 144 213 264 358
20 27 31 33 89 115 122 154 236 307 334 344 350 382 395
108 163 215 224 259 283 342 388
3 9 83 105 152 239 287
