325469
12
22 29 42 52 53 83 88 94 103 116 130 131 145 153 192 193 208 218 222 232 244 252 260 261 270 274 317 321 323 325 327 337 362 363 397 402 407 413 418 424 430 449
4 6 17 31 32 33 39 47 68 87 98 115 140 142 155 162 180 183 185 215 220 235 265 269 271 275 289 305 319 346 349 369 379 398 399 406 414 446
2 19 37 45 51 64 73 82 92 99 109 111 120 141 156 163 179 187 191 195 203 221 263 278 280 292 294 296 306 310 328 338 358 368 375 376 385 387 395 404 417
8 11 13 16 20 26 44 46 56 60 84 96 105 126 128 151 154 182 197 199 209 211 216 217 229 242 250 262 297 318 366 370 373 377 408 427
35 63 69 78 95 108 124 127 135 137 138 149 159 189 196 226 240 246 267 276 279 288 290 299 309 311 315 331 339 351 353 359 367 374 390 409 411 431 432 437 438
23 38 41 58 67 72 85 90 97 104 110 122 123 144 178 186 210 224 241 243 245 249 256 287 293 301 303 304 320 332 336 344 365 371 372 382 393 426 443 444
14 15 55 65 119 129 136 139 147 158 160 171 177 207 214 223 234 237 238 239 257 258 282 291 298 334 335 342 343 360 364 383 392 394 403 415 423 428 435 436
1 3 9 24 27 28 40 57 61 62 66 70 100 102 117 118 121 125 152 161 170 175 176 198 200 201 206 212 219 228 307 314 322 324 340 341 391 400 420 421
18 49 59 86 93 106 113 133 148 166 167 174 190 202 204 227 236 253 266 285 300 312 313 333 348 352 355 380 416 422 441 447
12 21 43 48 77 79 101 114 134 143 165 168 173 184 247 248 259 277 283 284 308 329 357 361 378 381 384 388 396 412 419
10 30 36 50 54 71 75 80 81 91 107 150 169 172 181 188 194 205 225 230 231 251 264 273 281 295 316 326 330 356 401 405 410 425 433
5 7 25 34 74 76 89 112 132 146 157 164 213 233 254 255 268 272 286 302 345 347 350 354 386 389 429 434 439 440 442 445 448 450
