376764
33
18 80 88 95 133 144 151 187 191 203 234 236 314 326 341 352 389 481 487
4 24 34 152 173 178 188 245 259 273 296 298 307 316 325 353 365 366 401 426 459 468
12 31 44 70 102 114 158 193 206 220 248 252 300 324 328 355 391 414 486
38 87 109 192 198 226 258 289 291 330 348 381 408 436 450 470
21 39 79 98 126 127 216 222 235 240 242 257 269 275 299 322 331 479
13 83 105 128 210 232 274 282 297 310 317 319 329 409 427 474
8 35 60 77 85 183 243 305 357 376 398 412 422
16 20 47 61 89 97 204 215 253 301 334 337 384 390 396 397 439 454 477 491
9 15 42 56 65 82 164 212 264 284 370 373 383 488
23 63 67 74 155 174 207 250 276 277 287 313 333 350 369 378 420 434 442 458 496
57 66 116 122 135 137 321 347 359 460 500
10 25 36 120 169 189 194 267 279 286 293 343 358 456
30 50 72 111 201 241 244 249 262 302 363 388 473 480 484
28 29 75 94 106 132 211 256 268 283 374 380 393 445 455 498
27 104 149 179 247 255 371 385 387 394 403 469
62 96 131 159 266 312 342 351 379 437 451 453 478
7 26 46 107 177 197 200 251 295 372 413 448 476
51 58 76 112 115 119 145 147 166 170 196 270 308 311 392 400 438 461 482 483 490
14 17 19 32 40 91 113 167 182 208 238 239 280 327 335 360 364 395 443
52 54 125 129 140 153 214 263 288 402 404 485 497
121 146 157 172 254 338 361 367 411 417 489
2 64 71 180 205 272 306 346 405 421 462 466
43 53 55 81 118 124 136 176 184 213 218 261 271 304 318 332 349 464 494
1 6 73 110 260 265 356 368 431 440 447
37 86 186 219 246 281 285 323 340 386 425 428 429
11 33 48 78 92 108 123 134 139 148 175 294 320 339 419 432 467 471 495
93 160 221 225 227 336 345 377 415 492
3 69 117 143 154 168 185 362 399 430 433 449 452 463
5 59 84 99 103 130 142 171 223 230 233 303 382 418 441
100 138 150 162 163 165 217 278 354 416 435 446 499
68 90 101 156 199 202 228 229 231 237 423 472 475 493
22 49 141 181 190 195 209 292 315 457
41 45 161 224 290 309 344 375 406 407 410 424 444 465
