98310
14
170 108 25 10 147 161 53 89 60 86 102 176 82 13 125 50 168
164 189 46 16 2 166 188 191 76 41 33 127 12 22 104
84 106 5 97 123 160 59 169 136 119 146 45 96
42 95 190 20 79 156 8 32 110 72
105 138 67 129 144 150 165 197 175 157 99 55 195 148 159 131
116 39 27 34 71 24 162 174 200 132 94
85 74 54 111 58 28 113 31 101 124 56 185 64 37 109 19 63 128 151 142
114 145 44 73 36 149 182 107 183 62 155 6 68 143 152 134 48
198 17 81 90 167 52 87 118 91 184 140 7 154 179 121 163 35
9 130 103 88 80 29 135 122 178
92 30 173 137 3 199 171 14 51 65 181 139 194 100 47 187 192
115 15 196 158 83 177 98 70 61 26 69
112 11 4 77 180 21 18 49 141 43 193 126 78
153 172 66 75 93 120 1 23 38 40 57 133 117 186
