170737
12
212 121 119 126 164 159 77 35 125 30 97 1 56 4 53 127 129 248 218 20
17 110 162 6 182 145 245 186 71 18 132 16 115 208 221 206 103 143 233 39 201 116 174 211
10 161 155 118 84 27 68 122 173 44 111 72 243 241 55 34 89 230 224 136 169 60
49 190 78 198 106 8 11 160 240 191 28 5 69 213 148 147
215 210 24 9 244 67 92 15 7 109 217 113 128 222 51 189 75 176 48 154
227 102 101 237 64 117 13 96 133 225 138 180 163 196 137 19 54
45 80 66 107 81 88 193 58 214 144 226 205 135 184 141 200 235 21 246 63 14 157 177 130 57 171 152 74
37 142 3 40 188 181 158 151 238 249 62 195 91 149 131 22 123 185 36
216 25 70 23 146 197 76 85 228 247 79 87 38 156 219 93
166 236 26 108 203 52 114 47 73 178 98 99 234 239 167 50 199 41 150 12
140 2 29 223 194 165 139 220 61 83 207 172 33 100 82 242 231 170 250 65 202 59
95 192 175 90 204 105 134 46 124 94 42 183 187 179 120 112 31 232 209 229 153 43 168 32 86 104
