181891
16
120 102 121 161 178 139 15 112 140 57 135 195 133 49 87
249 260 230 175 209 5 189 199 286 151 223 45 50 217 86 67 273 294 243 282 92 24 176 235 298
283 39 265 220 69 262 214 11 117 280 300 58 169 71 160 188 210 108 267 88
224 274 29 64 221 85 101 82 270 291 155 48 252 153 18 52 268 42 239 166 106 126 264
229 60 113 201 99 227 107 296 236 91 77 244 9 271 204
165 219 51 115 232 218 104 212 276 167 247 279 207 293 65 12 122 137
168 185 6 200 225 62 44 281 116 125 124 263 159 172 10 289 94 1
149 46 3 143 226 162 253 266 7 181 297 32 128 290 2 192 288
257 258 84 40 111 59 187 90 83 183 213 156 53 98 26 56 95 131
245 68 198 157 173 97 73 103 233 299 119 215 171 241 19 208 196 35
205 66 248 146 269 147 81 158 150 186 191 275 259 141 33 127 80
163 240 13 75 25 145 174 206 34 72 96 36
202 222 184 100 285 190 70 47 292 231 152 144 63 134 21 30 8 16 110 261 79 109
193 132 78 295 254 17 278 4 277 22 180 28 287 211 246 89
177 38 194 114 272 228 251 238 37 129 182 255 31 14 154 43 41 179 76 164 74 203
23 27 105 216 234 61 55 118 142 256 170 138 148 284 123 130 54 93 136 237 20 242 250 197
