270902
17
129 203 41 118 302 197 152 2 155 108 247 17 318 277 55 158 220 162 301
347 74 58 181 38 89 109 8 154 177 32 4 33 168 16 141 303 103 342 336 276 216 105 134
313 334 190 206 77 138 182 217 223 9 300 66 251 195 286 222 145 345 14 238 205 326
188 86 22 166 191 7 167 26 28 271 175 348 287 85 278 211 292 144 344 102 56 184 244
282 36 186 210 123 78 235 240 13 63 147 299 130 340 291 161 132 227 137 44 70 122 106 320 285 82 317 170 295 202
315 338 126 49 90 76 83 233 61 93 67 312 257 316 21 143 120 274 185
29 322 47 117 275 209 92 289 128 198 160 136 200 150 59 264
311 226 48 234 321 253 37 187 172 51 173 88 53 104 62 346 267 305 135 335 101
236 297 50 57 75 69 99 60 3 331 116 159 314 204 307 194 201 140 193
293 151 224 330 95 254 121 265 219 46 169 171 124 20 68 65
91 239 146 176 156 245 6 199 323 288 192 241 25 12 328 180 242
329 100 119 196 213 107 94 5 273 131 261 127 80 304 97 343 270 24 269
43 81 148 279 225 111 250 98 10 327 214 54 262 249 79 339 183
258 71 284 309 280 332 174 230 272 31 232 157 229 243 42 256 350 263 163 266 231 35 1 64 87
296 19 133 212 207 179 333 208 30 337 112 18 34
27 96 310 110 221 164 319 15 324 125 115 45 308 39 52 73 281 139 268 153 215 259
260 23 11 246 142 325 248 298 114 349 306 165 40 294 189 178 252 255 228 283 341 149 72 84 237 113 218 290
