338614
26
283 133 135 80 199 240 356 399 114 294 69 276 377 248
301 224 253 126 359 81 101 186 31 221 118 162 299 257 188 201 254 339 60 2 241
131 71 33 268 395 89 198 93 173 26 88 7 302 127
372 380 314 378 44 148 217 220 59 358 277 275 362
325 52 97 239 163 213 282 84 96 46 21 327
36 171 360 179 190 340 166 242 125 176 320 76 308 10 137 289 258 87 370 365 150 264 285 215 117 108
168 5 24 269 28 255 16 354 61 250 53 140 185 197 225
58 83 47 191 122 350 107 366 147 284 352 57 51 237 271 79 82
249 14 66 266 157 363 37 77 181 337 177 205 390 48 345 292 54 223 330
331 211 234 394 357 384 332 373 109 274 104 295 235 214 170
192 300 152 187 218 210 290 230 175 219
43 317 193 50 206 375 34 49 130 256 293 376 328 134 18 151
212 391 259 342 106 200 338 279 245 172 164 343 98 238 146 110 270 67
29 379 27 381 336 315 42 297 129
348 45 383 70 90 30 115 121 335 246 174 306 263 351 334 267 243
62 344 11 233 143 22 247 105 310 1 102 184 64
385 160 86 145 229 132 296 95 374 94 120 393 329 387 128 386 316 3 286 141
142 65 261 392 72 119 112 309 123 138 78 232 272 35 159
278 400 368 182 165 167 265 369 103 149 347 333 353 32
298 194 341 367 319 161 397 113 291 321 144 252 153 273 324
204 189 349 326 116 99 236 74 323 305 92 156 38
169 222 231 111 228 303 396 85 209 154 75 311 25 124 6 288
398 136 56 346 312 155 180 251 9 68 39 226 4 371
322 207 307 313 208 281 158 183 19 178 13 227 41 17 364
355 389 15 40 196 20 304 262 203 260 8 139 73 280
23 318 216 287 12 388 100 91 202 55 244 195 361 382 63
