470765
14
2 15 397 418 300 74 145 285 380 64 385 90 268 194 413 416 260 419 19 321 276 156 444 414 408 318 124 343 185 34 1 95 167 333
433 217 32 228 233 290 122 288 55 61 6 227 46 213 168 264 219 181 119 141 70 9 111 329 139 250 41 62 59 105 13 238 371 83 248 415 254 81
196 448 294 53 401 391 427 163 218 153 337 224 281 117 393 267 209 424 175 215 358 203 406 158 434 38
430 126 259 87 190 336 347 29 274 151 282 174 173 121 372 231 66 191 237 214 346 325 373 405 47 320 52 187 84 319 56
236 225 425 103 114 86 251 176 314 258 98 326 246 99 398 73 115 412 280 404 317 58 149 112 186 378 242 388 394 365 390 389 116 400 154 367 302 261 341 101 363 277 82
208 113 69 212 305 40 85 356 409 159 383 310 439 265 271 79 65 5 206 91 229 221 216 193 93 125 63 334
178 243 420 171 387 199 304 180 311 92 12 328 36 278 449 88 142 374 324 312 431 177 445 134 161 211 286 155 192 256 157 399 349 80 129
138 355 403 257 127 100 443 18 386 438 7 162 102 204 89 436 96 402 279 195 241 359 357 307 384 24 313 183 10 234 275 442 25 368 417 30
198 118 446 11 253 123 148 272 210 132 54 104 57 252 75 327 4 441 67 44 352 20 295 223 8 222 110 45 287 31 72
263 152 316 21 120 348 160 131 428 235 3 395 232 410 298 335 226 107 339 245 94 308 370 376 306 78 137 315 353 392 338 266 33 197 188 49
202 247 249 303 150 362 76 450 293 273 323 169 361 262 144 332 184 133 97 309 143 366 135 296 350
42 71 342 301 109 200 331 289 421 396 60 437 340 182 435 77 164 205 108 377 146 220 447 240 35 14
407 422 179 140 284 292 26 360 429 411 48 270 255 17 166 269 37 207 172 299 68 130 381 23 426 189 364 432
27 423 28 165 51 283 230 379 201 239 106 16 344 39 330 297 147 382 50 22 440 369 128 322 43 345 170 351 375 354 244 136 291
