585219
18
110 388 394 432 381 279 133 4 189 389 102 445 284 278 162 491 346 465 187 43 24 459 334 377 237
204 423 344 47 355 332 417 170 437 190 398 217 345 17 211 442 122 164 410 226 397 5 115 455 399 106 287 146 140
93 309 316 467 290 69 77 172 6 112 32 313 401 103 177 173 353 207 141 454 257 485 453 210 88 82 439 308 194 444
105 285 338 391 329 232 490 240 186 202 2 221 326 83 35 244 223 188 354 62 128 433 339 361 96 386 10
488 233 385 114 275 396 321 98 462 63 383 239 31 331 39 85 228 373 436 480 295 11 341
9 286 127 152 283 268 224 251 402 297 203 271 498 408 18 14 477 405 276 446 298 451
206 256 364 258 42 48 161 350 382 33 231 463 300 178 434 363 393 484 249 289 216 23 80 486 428 475 185 499 319 362 158
97 270 482 117 208 30 243 306 191 340 165 367 261 403 74 213 238 366 325 154 337 20 197 61 166 109
318 64 37 358 266 205 163 219 466 327 66 153 101 304 409 387 315 288 424 234 65 497 281 312 58 252 320 51 248 356
464 311 148 222 478 413 342 368 45 259 379 94 273 236 456 195 400 215 305 317 380
349 107 131 421 79 255 474 247 144 25 333 171 438 169 411 134 277 412 392 418 352 100 253 19 36 481
272 471 71 493 50 299 473 44 193 487 147 125 21 220 57 123 260 7 113 139 175 314 60 199 369 376 16 495 301
151 136 119 84 229 371 168 280 422 174 3 129 46 104 476 414 468 328 406 40 92 8 494 357 81 176 132 108 91 384
68 225 440 443 441 395 274 156 245 420 137 458 303 235 198 212 262 26 267 264 12 142 263 209 53 470 302 254 372 155 73 293 407 294 118 201
330 404 13 95 145 86 242 184 230 246 111 416 130 343 419 78 347 192 374 447 483 469 70 183 182 89 181 121 292 492 375
38 120 448 180 500 167 359 241 348 351 126 87 431 67 99 72 22 489 457 54 496 430 90 269 336
324 28 307 415 150 426 15 116 59 449 75 427 157 41 135 472 227 322 160 390 55 196 124 29 452 282 323 265
250 49 425 310 460 76 291 200 143 450 370 429 179 159 360 365 138 218 335 34 378 52 27 435 149 461 214 479 1 56 296
