500
7 0 6
5 1 10
7 2 6
6 3 10
7 6 6
8 9 8
4 11 10
7 11 8
6 11 9
5 12 8
8 15 7
8 20 10
4 21 6
8 25 9
4 27 5
5 31 6
6 34 6
8 36 9
4 40 8
4 45 8
8 47 8
8 50 6
8 55 7
4 58 9
5 63 8
7 65 7
4 65 10
6 68 9
4 72 5
7 72 10
4 73 6
5 74 10
5 76 7
5 79 9
5 79 8
8 84 10
5 88 9
8 90 5
6 95 7
8 97 10
7 99 8
8 101 9
8 103 7
5 103 5
5 104 9
6 107 5
7 107 6
8 109 10
7 109 8
6 113 8
7 116 7
4 120 10
5 120 7
6 120 10
7 124 5
6 124 8
8 128 10
4 129 10
7 129 5
6 133 9
8 137 6
8 141 9
4 145 6
6 147 6
4 152 6
7 155 8
8 155 7
8 155 9
7 157 6
5 161 9
5 163 7
8 167 9
8 169 10
4 173 8
6 174 6
7 174 9
7 175 6
8 177 5
8 181 8
5 184 6
8 188 6
7 192 6
4 192 8
6 193 5
8 198 9
4 203 10
8 206 10
8 209 10
6 209 7
8 212 5
5 217 10
5 218 9
8 221 8
7 221 6
5 221 7
8 226 5
7 228 7
5 231 5
8 233 8
6 236 8
5 236 6
4 236 7
7 239 6
6 242 5
8 242 5
5 245 8
8 248 10
8 248 9
7 252 7
6 253 5
8 256 7
8 256 6
5 257 9
8 261 9
6 266 8
4 267 5
7 272 10
4 276 9
7 277 8
5 277 7
5 282 7
8 284 7
5 284 5
8 287 10
6 292 5
6 295 8
8 298 5
4 303 9
8 305 9
7 308 8
7 309 5
5 314 7
4 317 5
8 322 5
8 322 7
4 325 6
4 327 9
6 329 5
8 329 9
5 329 6
7 334 7
6 335 7
5 340 6
4 345 9
7 349 8
4 349 9
8 352 7
7 354 6
8 354 8
6 359 5
7 363 8
4 363 9
7 367 10
8 371 6
5 371 6
7 371 8
5 371 7
6 374 7
5 376 9
4 378 5
5 380 5
7 381 6
4 381 8
8 381 10
4 385 6
7 390 9
6 391 10
7 395 8
6 399 6
6 401 9
8 405 10
6 405 7
4 408 6
8 410 7
5 414 10
6 417 5
6 420 8
5 424 7
6 428 6
5 428 7
8 428 6
4 432 5
7 437 9
7 441 7
4 442 8
8 442 6
7 447 6
8 452 9
8 454 9
6 454 10
5 459 5
4 463 9
8 464 10
5 466 9
8 469 6
8 470 8
5 473 6
6 475 6
7 476 5
8 477 6
7 478 9
7 483 6
5 487 7
4 490 8
5 491 7
6 495 8
4 498 10
7 502 6
5 502 10
4 504 8
4 504 5
7 507 7
5 507 8
8 510 10
8 514 9
7 515 9
8 520 10
7 523 10
4 525 5
6 527 10
4 529 6
6 531 9
8 533 5
4 535 6
6 536 9
5 539 8
6 543 10
7 545 8
7 545 5
7 545 8
7 550 9
5 551 9
6 552 10
4 553 5
8 553 10
8 553 9
8 555 5
4 557 8
5 561 8
7 563 10
7 566 7
7 566 5
5 568 8
6 569 6
4 570 8
4 570 5
8 571 5
7 576 10
6 578 5
8 583 5
4 585 8
7 590 5
6 595 9
4 600 8
8 603 5
4 604 7
5 609 6
7 609 6
4 609 7
7 614 9
4 616 10
4 617 5
8 618 7
5 622 5
8 626 6
8 626 5
7 626 10
7 629 6
5 634 5
5 635 9
6 635 8
7 636 8
4 639 9
4 639 10
8 639 7
4 642 7
7 647 5
7 648 5
5 650 5
8 654 10
6 656 8
5 658 5
7 659 7
5 662 5
6 667 5
8 669 5
4 674 6
6 674 9
4 676 7
6 681 8
6 683 6
8 685 9
4 689 9
8 689 9
6 694 7
5 697 10
4 697 6
6 699 9
6 702 6
5 705 5
4 709 7
5 711 10
6 713 6
7 715 6
4 717 8
8 722 7
5 726 7
7 730 9
7 732 6
5 732 6
5 734 6
7 738 10
4 738 8
5 739 8
7 742 8
6 745 6
5 746 10
5 747 8
7 748 10
5 753 8
6 757 7
6 761 8
8 763 5
8 766 10
4 770 7
8 773 7
4 774 7
5 779 7
5 784 7
5 789 10
4 789 7
8 794 8
5 796 6
7 801 8
8 802 7
8 806 5
8 811 7
7 812 9
6 815 7
5 819 10
5 822 8
4 825 8
8 827 8
7 829 9
4 829 9
4 831 7
5 836 8
7 840 8
6 840 6
6 842 8
6 847 7
4 848 10
6 853 5
8 857 10
5 858 9
4 859 6
6 859 5
7 863 6
4 863 7
5 865 8
8 868 7
6 870 6
4 875 6
7 879 8
6 879 8
7 880 10
7 882 9
7 884 7
7 889 5
6 892 7
5 893 10
6 894 5
4 895 10
6 899 9
6 899 6
8 902 7
5 907 6
7 911 9
5 912 10
5 913 10
8 918 6
4 920 7
5 923 10
6 924 8
4 928 7
7 931 5
8 931 9
8 933 7
4 934 9
8 938 9
7 939 8
8 939 8
7 941 6
7 943 9
6 944 5
5 946 9
5 950 9
5 954 10
7 955 6
8 956 5
6 959 9
4 960 10
6 965 6
4 970 8
6 970 8
6 970 6
5 970 10
7 973 9
4 974 7
4 974 8
5 974 9
8 978 5
7 979 7
6 981 5
7 984 10
8 989 6
8 990 7
8 992 6
4 994 8
4 997 5
7 1002 9
4 1005 9
8 1005 7
8 1006 7
6 1010 8
6 1013 7
5 1016 10
4 1021 6
5 1024 10
5 1024 5
7 1028 7
6 1031 7
4 1032 10
7 1034 8
8 1034 7
7 1038 7
4 1040 6
6 1042 5
5 1045 8
8 1050 5
7 1054 10
8 1054 7
8 1056 7
4 1061 5
7 1062 10
5 1066 6
5 1066 8
7 1068 6
7 1073 10
5 1077 6
4 1081 6
4 1086 9
5 1089 5
5 1089 9
4 1094 5
6 1099 5
6 1101 5
5 1103 7
8 1103 10
6 1104 9
5 1109 8
7 1109 8
5 1109 6
5 1113 6
6 1117 5
8 1119 6
8 1122 7
8 1125 8
8 1126 9
5 1129 8
5 1131 10
6 1136 6
6 1140 5
6 1141 7
7 1142 5
8 1147 8
8 1150 8
4 1154 9
6 1155 6
6 1160 8
4 1160 7
5 1160 9
5 1164 8
8 1168 8
6 1170 5
4 1170 10
7 1173 10
8 1176 6
8 1179 10
4 1180 6
8 1180 5
4 1182 5
6 1187 5
8 1190 10
5 1195 5
8 1199 9
4 1200 7
5 1203 7
5 1204 8
4 1204 10
