350
8 0 10
6 5 5
6 10 6
5 14 5
8 18 6
4 20 8
4 21 10
6 26 8
7 31 10
5 34 7
7 37 7
6 38 8
7 42 10
6 45 7
6 45 7
4 47 8
6 47 6
7 47 6
6 51 7
4 51 7
4 56 9
7 60 9
6 61 9
6 66 9
8 69 9
4 72 9
5 77 5
7 82 9
8 86 9
8 86 10
8 86 9
8 86 10
4 91 8
7 93 8
6 94 8
7 94 6
6 97 5
5 98 6
6 101 8
5 102 6
5 105 5
7 108 10
8 110 10
4 112 6
8 113 7
8 114 9
5 118 5
7 120 8
4 120 9
6 123 6
5 126 6
7 126 6
7 126 8
4 126 7
4 131 8
8 132 10
7 137 7
6 141 8
6 146 7
5 148 5
7 150 5
6 155 8
4 160 6
7 160 5
7 160 8
8 164 8
5 169 5
8 170 10
5 170 8
4 173 7
4 178 5
5 180 6
7 184 8
5 189 9
5 189 5
5 191 6
5 191 10
5 193 7
7 197 6
7 199 6
7 199 9
6 199 7
4 203 5
4 207 6
8 210 10
8 213 10
4 218 7
7 220 9
5 223 7
8 226 7
7 231 8
6 235 7
5 235 6
4 240 8
4 242 10
8 242 7
8 247 6
5 250 7
6 250 7
8 251 6
6 255 8
7 260 10
5 260 7
5 261 6
4 263 6
8 266 5
6 270 10
8 271 9
4 272 5
8 276 5
6 281 9
8 283 7
8 285 9
8 289 6
8 293 6
8 297 8
5 298 6
7 299 10
6 304 6
7 304 10
8 306 8
6 311 7
6 311 9
4 315 6
8 318 7
5 321 10
6 326 8
8 327 8
8 328 10
8 333 7
5 337 6
4 340 9
8 345 8
8 345 7
5 350 6
7 352 5
6 354 8
7 357 8
7 357 5
6 361 8
8 366 5
7 369 9
7 371 7
7 376 8
8 377 6
8 377 9
5 380 5
5 385 5
8 389 5
4 393 6
8 394 8
7 394 9
5 395 6
7 395 8
6 395 9
8 396 10
8 399 8
4 399 9
5 400 5
4 400 10
5 401 6
8 402 9
6 404 8
8 408 8
7 413 8
5 415 6
6 418 6
7 418 5
7 418 9
6 418 7
5 421 10
5 425 9
6 425 8
4 429 6
4 433 7
7 435 9
8 437 8
4 437 8
8 440 6
5 444 5
4 447 7
6 448 5
7 448 6
8 448 7
8 452 7
8 454 6
7 458 10
8 458 9
4 463 9
4 468 10
8 468 7
4 471 5
4 476 9
6 481 9
6 485 10
6 488 5
5 492 8
5 495 6
4 499 9
5 503 10
8 504 6
5 507 5
8 511 10
5 516 6
8 516 7
6 520 10
4 522 9
8 525 7
4 527 9
6 529 6
8 529 5
5 533 6
5 538 5
7 541 9
8 542 9
4 547 10
8 552 10
4 553 9
6 555 10
5 560 9
4 563 9
4 565 6
7 568 8
6 572 7
6 577 5
7 577 10
6 580 9
7 580 8
6 585 6
4 589 7
4 589 6
7 590 8
5 593 9
6 594 10
6 597 5
7 598 10
7 599 7
5 603 10
6 607 6
8 611 6
8 611 8
8 612 6
6 615 9
5 616 8
6 618 7
6 619 6
4 619 6
6 620 8
4 622 8
8 626 7
6 626 10
8 630 9
6 630 10
8 634 5
6 636 9
7 636 9
4 636 7
7 640 7
6 644 5
5 645 10
8 647 5
6 652 7
4 654 10
7 658 5
8 660 6
5 663 6
4 664 5
7 664 8
7 668 6
4 670 9
8 672 10
5 676 6
6 681 8
7 684 10
5 688 8
5 692 9
6 696 10
8 696 9
8 696 7
7 696 8
4 701 6
6 703 7
5 707 7
5 707 7
6 708 5
6 711 8
4 715 6
5 719 7
7 720 6
5 725 8
4 729 9
7 732 6
8 735 5
7 740 8
5 740 9
5 745 8
7 749 9
5 749 7
4 752 6
6 755 7
5 756 8
4 761 9
8 763 10
4 763 7
6 768 8
4 770 5
5 775 5
6 775 6
4 777 8
5 777 6
6 781 6
7 782 9
6 787 9
4 789 5
5 791 8
8 795 8
8 797 10
8 797 10
8 799 6
5 802 5
6 803 10
7 808 9
8 809 7
6 812 5
7 814 5
7 816 6
8 820 8
4 821 10
7 823 5
5 824 8
5 828 10
7 830 5
4 832 9
4 834 6
8 837 5
6 841 5
6 844 6
6 844 5
7 844 5
4 844 7
7 844 9
4 848 8
4 848 5
7 853 5
4 854 7
8 859 9
5 864 10
5 869 6
4 870 8
4 871 10
