300
8 0 10
8 3 9
8 7 6
4 7 8
8 10 6
7 14 5
6 15 10
4 18 5
7 22 10
7 27 5
8 28 10
7 29 8
5 31 6
7 33 6
6 34 9
8 39 10
4 41 8
7 46 5
7 46 7
6 50 7
4 53 8
8 56 5
4 57 10
8 62 9
8 66 6
5 68 6
5 68 8
5 68 8
8 72 6
6 76 8
5 81 9
7 81 8
4 82 6
6 83 5
6 84 7
4 84 9
5 85 6
4 87 10
8 89 5
7 93 5
4 95 5
7 95 7
6 97 5
6 100 9
8 102 7
6 106 9
7 110 5
8 114 8
4 118 5
7 122 7
4 124 8
7 126 5
7 127 6
8 128 6
4 129 10
5 129 7
7 132 6
5 133 5
5 138 9
4 139 8
6 142 7
8 143 10
4 143 8
6 148 9
7 153 8
4 157 10
8 161 9
8 166 10
4 168 6
4 168 9
7 170 8
6 173 8
7 176 9
5 176 9
8 177 7
5 180 9
7 180 7
6 181 9
8 186 8
7 187 9
8 189 5
8 190 8
5 191 7
8 196 9
8 200 9
4 204 5
5 206 10
5 208 10
6 209 6
7 212 9
5 214 10
6 214 5
4 214 5
6 217 8
5 218 10
5 222 5
4 225 5
6 227 9
7 229 8
7 229 5
5 230 9
6 230 5
4 234 5
8 234 9
5 239 5
4 241 5
7 241 10
7 245 8
4 245 9
4 246 9
4 251 7
5 253 5
5 258 7
5 258 9
6 258 10
5 263 8
8 263 7
5 265 8
4 270 9
8 272 9
5 273 9
5 276 10
8 278 9
8 282 7
6 283 7
6 285 8
5 287 8
6 292 5
7 294 6
4 298 10
7 302 6
7 304 9
7 306 8
8 310 7
6 314 6
6 316 10
6 319 7
5 323 9
7 328 10
8 330 9
7 332 5
5 336 6
6 339 5
5 342 9
5 344 10
7 344 10
7 347 5
5 352 6
4 357 7
7 361 5
6 364 9
6 369 6
4 370 8
4 372 10
8 372 5
8 372 6
7 374 9
6 377 9
5 377 5
4 379 5
4 381 7
4 383 5
8 386 7
6 386 5
7 390 7
6 392 6
8 396 9
8 401 9
6 405 5
5 405 8
6 408 8
6 413 6
7 413 7
6 417 9
8 421 7
8 421 9
6 426 6
6 428 9
8 431 5
5 431 10
8 434 10
7 437 5
8 441 10
8 441 9
4 445 10
8 450 9
5 452 8
6 457 9
6 459 8
6 461 7
6 461 9
8 464 6
4 465 7
5 465 10
6 465 10
4 465 6
7 468 7
5 469 9
4 474 7
6 474 8
6 479 9
5 480 10
4 484 10
8 488 8
7 493 5
6 495 10
4 498 9
6 500 8
4 503 8
4 508 9
6 510 8
6 510 5
8 515 8
7 516 6
6 521 7
6 522 10
8 523 5
4 525 5
8 528 10
8 533 10
8 533 5
6 536 6
7 538 9
6 542 7
6 542 6
7 545 9
4 550 6
5 554 9
8 558 9
5 561 5
4 566 7
8 570 7
7 570 10
6 573 8
8 575 8
7 575 8
8 577 6
8 582 7
4 587 10
7 588 10
6 590 9
7 590 10
7 593 9
8 594 5
4 598 5
7 598 8
6 601 9
4 604 7
6 605 7
7 608 7
6 610 8
4 613 7
5 617 7
6 618 5
8 618 5
5 620 6
6 623 10
5 626 5
4 630 10
7 630 7
4 633 9
6 633 6
6 634 9
6 638 8
4 642 9
7 647 5
8 649 6
5 649 6
8 650 7
6 651 7
7 652 10
6 657 5
5 657 9
7 660 10
6 661 6
4 665 7
6 669 10
7 670 5
5 674 5
7 679 7
5 682 10
6 684 9
5 689 5
6 689 5
6 691 10
8 695 8
5 699 7
6 700 8
5 705 6
8 709 7
4 711 6
5 714 5
4 714 8
4 717 7
7 720 6
8 725 10
5 729 8
8 733 5
7 737 6
6 739 5
