100
7 0 5
8 4 5
7 7 10
5 10 8
7 12 5
5 12 10
5 15 5
4 17 8
6 18 10
4 20 5
8 23 7
4 26 10
8 26 8
5 29 10
5 31 6
7 34 8
8 34 8
4 37 9
7 40 5
7 40 6
4 43 10
7 46 5
5 51 7
6 54 9
8 55 10
8 56 9
7 56 10
7 59 7
7 60 9
7 61 5
8 64 9
5 69 5
5 70 9
6 75 6
4 77 8
4 78 7
7 80 8
7 83 5
5 84 10
5 87 5
7 92 5
5 96 6
5 100 8
7 104 8
4 105 6
7 110 10
6 114 5
8 117 10
8 118 8
6 118 6
6 123 5
4 126 8
7 129 9
7 133 6
6 138 6
4 141 7
8 142 5
4 146 6
4 147 6
4 150 9
8 150 6
4 154 7
5 155 5
4 155 8
8 158 8
5 163 7
8 167 7
7 172 10
6 177 5
8 179 6
6 179 6
6 179 10
4 181 6
8 184 9
7 189 9
7 194 10
7 197 5
8 202 8
7 203 10
7 205 10
7 208 5
5 209 6
7 210 5
8 215 7
7 220 8
4 222 8
4 225 8
8 229 8
6 234 6
4 237 5
5 242 9
7 243 7
7 243 5
5 246 7
7 250 8
6 255 6
6 259 6
7 262 5
6 262 9
5 267 6
