450
7 0 6
8 5 5
7 5 9
7 6 6
7 7 10
6 7 8
7 7 10
8 12 7
6 15 5
8 17 9
6 19 9
5 24 7
6 24 5
4 28 6
6 31 10
4 32 8
4 37 5
6 39 8
4 39 7
5 44 5
8 45 9
8 50 10
8 50 5
6 50 10
7 52 6
8 54 7
8 59 8
6 59 8
4 62 8
7 62 8
4 63 6
4 68 9
5 73 6
7 78 6
7 82 6
6 87 7
8 87 8
7 92 8
7 93 5
4 93 8
4 98 5
7 99 7
6 102 10
8 107 7
5 107 10
8 110 8
6 112 10
5 115 10
4 119 9
5 123 8
4 125 10
7 129 7
8 130 5
8 130 10
5 133 7
6 134 10
4 135 6
8 138 8
6 143 9
5 145 8
5 150 5
7 150 5
5 154 7
6 156 6
4 158 10
7 163 5
6 165 7
7 168 6
6 170 7
8 170 6
4 172 6
7 174 6
7 175 6
7 179 5
5 179 9
4 184 9
4 187 8
8 192 9
8 192 7
6 194 6
7 194 10
5 198 9
4 199 8
5 199 9
7 202 9
7 204 7
7 209 8
8 212 9
4 214 9
7 214 7
6 216 8
8 220 9
7 220 7
6 225 6
8 228 9
6 230 8
6 230 10
8 230 9
8 234 7
8 239 8
6 244 7
4 248 7
5 252 8
7 255 5
5 257 5
8 258 10
7 260 6
4 263 5
8 268 9
6 270 9
7 270 10
7 275 9
5 279 5
8 279 8
6 279 10
5 284 5
5 284 8
7 287 7
8 290 10
5 293 8
7 296 10
4 296 6
6 297 5
6 298 6
5 300 5
7 302 7
7 306 9
8 306 7
8 306 9
8 306 5
5 306 8
5 308 5
8 312 10
5 316 9
8 320 6
8 320 9
6 321 7
8 326 10
8 327 6
7 332 7
5 332 10
8 335 7
8 335 7
8 339 5
4 342 9
8 346 8
7 347 10
5 350 7
8 353 10
7 356 5
4 357 6
5 358 9
4 363 10
5 368 8
5 370 10
6 374 6
7 374 6
5 374 8
8 374 10
5 378 8
4 378 10
4 381 8
7 385 7
6 386 5
4 390 6
5 392 9
5 396 9
8 398 9
4 402 7
6 404 8
6 405 5
4 406 8
4 406 10
5 411 8
6 415 9
6 418 9
8 420 5
7 420 5
5 422 9
7 423 5
7 428 8
5 428 7
6 430 5
5 434 10
6 435 5
7 437 8
7 439 5
8 442 9
6 444 7
6 448 7
4 448 7
4 450 7
7 454 10
7 454 5
8 458 9
8 463 8
5 468 10
4 468 5
4 469 7
5 472 9
6 474 5
7 476 10
5 481 10
7 484 5
8 485 8
4 489 8
5 492 5
4 495 8
8 500 9
7 501 6
8 506 7
5 508 9
8 512 8
7 515 7
8 520 6
8 521 7
7 521 7
8 525 5
7 525 7
8 525 8
5 526 5
8 531 5
5 532 6
4 536 9
6 540 6
8 543 5
5 544 7
7 545 7
6 550 6
8 553 6
6 556 8
7 557 10
4 558 10
5 563 6
5 566 5
7 568 8
4 569 9
5 574 6
5 575 10
4 579 7
4 580 6
8 585 8
7 588 9
4 592 7
8 592 9
6 592 9
5 594 7
4 594 10
6 596 8
4 599 7
8 600 7
6 602 7
8 607 9
6 611 7
8 611 5
6 615 6
8 616 6
5 616 9
7 619 6
4 623 10
8 625 10
8 628 10
8 628 10
7 632 9
5 632 10
6 632 7
8 635 9
4 638 6
5 642 6
4 643 8
8 643 9
7 644 10
8 647 9
6 650 7
4 652 6
4 652 7
7 653 5
5 653 10
4 655 5
6 658 6
5 663 6
7 664 8
4 669 8
8 672 10
6 673 7
7 677 8
6 682 6
4 684 9
5 688 8
7 691 8
4 694 10
6 695 6
5 695 10
5 700 9
5 703 10
5 704 5
7 709 7
8 711 8
6 714 6
7 714 8
7 717 7
8 719 8
5 721 7
5 726 5
5 728 6
7 731 7
7 736 9
7 736 6
7 738 10
8 740 5
6 740 10
4 740 9
7 744 5
4 745 6
6 746 5
8 747 8
5 751 6
4 754 8
5 754 8
6 759 5
4 761 5
7 763 5
6 763 10
7 767 5
7 770 8
6 775 7
5 776 10
4 779 8
5 783 7
8 784 10
7 788 9
6 793 5
7 797 7
8 798 8
5 801 10
5 806 7
8 809 10
6 812 5
6 816 9
8 819 8
4 824 5
6 826 5
8 828 9
4 833 8
5 834 8
7 835 10
5 837 9
7 838 5
5 839 8
5 842 6
8 842 7
4 845 7
6 845 7
4 848 8
8 850 10
7 852 10
5 854 5
8 857 9
4 858 6
5 858 9
6 858 7
7 861 6
5 866 6
4 867 6
7 871 9
4 875 5
5 879 7
5 882 8
7 883 6
5 887 8
6 890 7
6 892 8
4 893 10
5 893 5
5 893 10
6 896 9
7 897 8
8 902 8
6 906 8
8 910 5
4 910 10
8 910 7
7 913 5
5 918 9
5 918 6
4 923 5
6 928 7
6 929 8
8 932 10
4 935 5
7 939 9
4 943 9
8 944 10
4 946 10
7 950 10
7 950 5
4 951 7
7 956 7
7 956 10
6 960 8
8 961 5
5 966 10
8 969 6
8 973 8
6 976 9
7 980 8
8 980 6
4 982 7
6 987 6
4 989 8
6 989 9
5 989 9
6 990 5
8 994 5
6 994 10
8 994 6
4 995 8
4 998 6
4 998 5
6 998 7
4 998 10
4 1002 10
5 1007 7
4 1011 5
7 1012 5
4 1015 5
8 1018 9
5 1021 8
6 1026 7
7 1029 5
5 1032 8
6 1032 5
5 1032 6
4 1035 7
6 1037 9
6 1042 5
4 1043 7
5 1046 6
6 1051 9
5 1053 10
4 1053 5
6 1054 5
7 1056 5
5 1061 5
7 1062 10
5 1066 7
5 1070 10
7 1072 6
5 1073 10
7 1077 8
