250
4 0 6
8 2 6
5 3 7
4 4 6
5 6 7
6 11 6
8 12 9
7 12 7
7 12 8
7 13 5
4 14 7
8 19 9
5 23 9
4 24 8
7 27 10
6 32 6
4 35 5
4 39 6
5 42 5
7 44 9
8 45 7
5 47 6
6 50 8
8 53 5
7 58 6
7 62 9
5 66 8
6 70 8
8 70 9
7 71 8
7 71 6
7 76 5
6 78 7
4 80 7
8 84 9
5 88 6
7 93 8
6 98 8
8 98 7
7 103 9
7 107 9
6 111 7
8 113 5
8 114 8
7 114 9
5 114 8
5 119 6
5 124 5
6 129 7
8 131 5
8 133 8
8 133 9
4 133 6
8 134 10
8 138 8
4 142 7
7 142 5
8 147 8
6 151 6
6 151 9
8 154 10
4 154 6
4 157 9
6 160 8
6 165 7
8 168 8
5 171 9
6 173 5
7 173 5
6 178 8
6 178 5
8 178 7
4 179 5
7 182 9
7 187 10
6 190 5
8 191 8
7 191 8
8 195 10
8 198 6
5 202 8
8 207 8
7 210 10
8 212 9
7 213 6
6 214 10
6 216 5
7 217 9
6 218 8
5 220 6
8 224 9
8 229 10
6 232 7
6 237 7
8 241 6
6 244 8
8 246 6
5 249 7
8 254 8
7 257 6
6 262 6
7 267 7
7 267 8
7 267 5
8 267 5
6 271 7
7 271 8
7 275 8
6 276 5
8 280 6
8 282 8
5 286 7
6 290 10
4 290 7
8 293 10
7 295 10
4 298 9
8 298 6
4 298 7
5 300 7
4 300 10
7 304 9
5 306 9
7 311 7
6 316 7
8 321 9
7 325 5
4 328 7
5 333 9
4 335 5
8 338 10
8 341 7
8 341 7
8 345 10
6 347 9
7 348 7
7 350 8
4 352 10
5 352 5
8 357 7
5 359 6
4 362 9
5 364 5
8 365 9
6 368 9
8 368 5
5 370 9
5 370 6
6 370 5
6 375 7
7 379 8
7 380 7
4 384 7
5 388 8
4 392 10
7 394 7
7 399 7
6 401 8
5 405 10
5 409 10
8 409 5
6 414 6
5 414 7
8 419 8
8 422 6
6 426 8
5 429 7
7 433 6
8 433 10
4 437 8
4 439 8
8 441 10
4 443 7
7 446 7
6 449 7
7 449 6
7 450 10
6 451 6
8 456 5
5 460 7
4 461 6
6 462 7
7 462 5
7 467 9
8 468 9
8 469 6
4 469 9
5 469 7
6 472 10
6 475 10
8 478 6
8 482 5
6 482 10
4 486 6
6 491 7
7 493 8
6 494 6
8 494 6
6 495 10
8 499 8
4 500 5
4 505 9
6 510 8
8 511 8
6 512 7
8 512 8
5 517 10
6 522 9
6 527 5
8 527 10
8 527 7
7 530 9
8 530 9
8 532 7
4 535 6
5 536 6
5 539 7
5 540 9
7 542 5
7 544 9
4 546 6
8 550 9
7 551 5
7 556 6
8 560 9
4 564 7
5 567 5
8 570 5
4 571 6
8 573 5
5 578 8
7 580 7
8 585 6
6 585 6
8 585 8
7 586 9
8 586 8
8 591 6
8 591 9
6 593 8
4 593 7
6 593 5
5 596 5
5 601 6
5 606 8
8 606 5
8 610 5
5 611 5
4 612 8
5 615 8
