200
6 0 5
8 4 8
7 7 8
4 7 8
8 8 9
6 10 8
4 14 10
8 17 10
4 18 9
6 22 5
4 22 10
8 27 6
5 31 10
8 34 5
8 38 7
5 43 6
6 48 7
4 51 10
4 56 10
8 60 8
7 62 10
5 63 6
8 65 10
4 70 7
5 71 6
5 76 7
5 81 6
8 84 9
5 84 6
4 87 5
4 88 8
8 88 5
8 89 9
5 92 8
4 93 5
8 95 10
5 98 8
4 103 9
5 105 7
6 105 8
7 108 5
4 111 6
7 113 7
8 116 9
4 116 6
4 119 5
5 124 5
4 125 8
6 127 7
8 127 7
7 132 9
6 136 10
6 139 8
4 139 5
6 139 5
5 144 7
5 147 8
7 147 8
7 147 10
6 150 10
6 150 7
8 153 9
7 156 10
8 159 9
6 159 10
5 163 9
4 164 7
6 168 7
6 171 7
8 176 8
5 181 5
6 185 7
7 190 10
7 190 10
8 190 7
4 192 6
4 197 5
5 198 8
6 202 8
8 205 7
6 206 5
6 208 6
4 211 9
4 215 10
4 220 5
7 221 9
7 226 5
6 228 8
5 228 5
6 233 5
5 238 10
7 239 7
4 239 6
5 243 9
6 246 5
7 251 5
4 251 7
4 254 10
4 256 6
7 260 10
4 261 7
4 261 9
8 263 7
6 264 8
6 265 6
7 270 9
6 271 8
5 274 5
4 279 9
8 284 5
4 286 5
5 288 8
5 290 9
7 292 9
6 296 6
6 296 10
4 296 8
5 296 6
4 301 8
7 302 9
4 305 9
7 305 5
7 307 10
8 311 6
5 313 6
7 315 9
4 318 8
4 323 5
7 327 5
7 329 10
7 334 10
5 334 8
7 337 10
4 337 10
5 342 7
8 344 6
8 348 9
7 352 5
8 353 8
6 354 10
4 357 6
7 359 5
7 363 10
5 367 6
5 367 6
8 370 5
8 373 5
4 374 7
5 375 5
7 377 8
5 378 5
7 381 10
4 383 5
8 383 6
8 388 5
8 390 8
5 393 6
7 397 5
5 398 9
4 398 10
4 402 8
4 406 10
8 410 7
6 414 5
4 419 7
5 419 7
5 419 5
5 423 5
4 423 6
6 428 10
6 428 6
8 432 5
6 435 8
4 438 10
8 438 9
5 440 9
5 445 6
6 450 5
7 454 7
7 455 5
6 456 9
8 459 9
4 462 6
5 462 9
5 464 9
7 467 10
5 468 6
4 470 6
7 472 10
7 477 5
7 479 8
8 483 6
5 486 9
6 490 5
8 495 8
5 495 6
6 498 10
8 501 6
7 504 8
6 509 6
