150
7 0 6
6 0 8
8 2 10
4 5 6
7 5 6
8 8 6
4 8 6
6 8 8
6 12 5
5 16 5
6 18 8
8 22 7
4 27 5
5 27 6
6 27 6
5 28 10
6 28 8
7 32 9
7 35 6
4 35 8
5 35 9
6 38 7
8 43 8
7 43 10
4 45 6
6 50 6
5 53 9
7 53 7
7 58 5
8 61 5
7 62 9
4 65 9
4 66 6
5 66 6
5 70 5
5 72 8
4 75 7
7 80 9
6 81 5
4 86 8
6 91 8
4 92 6
4 97 6
4 97 10
8 102 5
5 104 8
6 106 7
7 108 5
4 108 10
6 110 9
5 113 8
4 116 8
4 118 9
6 119 5
7 120 5
8 123 10
5 124 5
7 127 6
7 128 6
8 132 5
8 134 5
7 138 8
6 138 8
8 138 8
7 139 7
6 144 9
5 144 10
4 147 5
4 150 10
6 155 8
4 159 5
6 162 5
8 166 6
6 169 9
5 173 10
5 176 10
8 177 9
6 180 9
7 180 10
6 185 9
4 186 9
8 187 7
4 191 9
4 196 10
7 197 5
7 199 9
7 201 10
5 205 6
8 207 6
5 211 10
5 212 10
6 214 5
5 214 7
7 219 9
4 220 10
8 223 6
4 226 9
6 229 8
5 230 8
7 230 7
5 234 6
8 236 9
6 237 9
4 240 10
8 244 5
7 244 10
8 249 9
6 253 6
7 255 6
8 256 6
4 258 10
6 259 6
8 261 5
5 264 9
5 266 7
5 270 5
8 273 10
6 274 9
6 279 9
8 281 9
4 285 5
5 290 6
5 291 9
5 295 8
8 297 5
4 299 7
8 300 9
5 303 10
5 308 5
8 311 5
7 312 5
8 317 5
5 318 9
5 323 6
7 326 10
4 329 9
6 333 9
5 335 9
4 338 5
8 341 7
4 345 10
6 349 6
5 354 8
7 357 5
6 362 6
7 365 7
4 369 9
6 369 6
5 370 9
6 370 5
