400
5 0 7
7 4 8
6 6 9
4 8 6
5 9 5
7 11 9
5 16 5
7 20 5
5 23 8
6 23 8
8 28 6
8 32 6
7 37 5
6 42 7
7 44 7
4 49 9
7 54 6
5 54 8
6 57 8
4 60 5
8 60 7
7 60 8
5 65 6
4 67 7
5 67 6
4 69 9
7 72 5
8 77 8
7 80 10
8 80 10
7 84 6
5 88 8
4 93 5
8 95 7
8 100 6
7 101 10
4 105 5
8 107 10
4 108 6
6 111 5
6 113 10
8 115 5
7 119 7
6 123 6
8 124 8
7 129 10
7 131 6
6 133 6
6 138 5
6 143 5
7 144 9
7 145 10
4 147 5
8 151 6
6 154 9
7 154 8
6 154 8
7 154 7
4 159 6
6 163 7
5 164 9
4 167 7
4 171 10
5 174 8
8 174 5
4 178 7
5 178 7
8 183 5
5 185 8
8 186 7
6 191 10
5 194 5
6 195 5
8 200 5
4 204 7
6 207 10
6 210 9
7 214 10
7 217 8
4 220 5
6 225 6
4 225 9
5 229 6
4 231 6
5 236 8
6 238 5
6 239 7
7 240 9
5 240 8
5 243 9
4 244 9
7 249 5
7 252 10
5 257 10
7 262 5
7 266 5
6 269 7
8 269 8
8 270 6
7 273 5
5 273 5
8 274 8
8 279 9
4 280 8
6 285 8
6 286 5
7 288 7
8 293 8
4 298 6
6 301 8
5 302 5
7 307 7
7 311 9
7 313 6
6 318 6
8 323 9
4 324 6
7 327 10
4 329 9
4 331 6
5 332 7
4 333 8
7 334 8
7 336 5
5 338 5
8 343 10
8 348 8
7 350 5
7 350 10
7 355 7
4 355 9
8 360 8
5 365 10
7 369 8
4 370 5
8 370 5
8 371 8
8 372 10
4 375 10
8 375 6
7 378 7
8 379 8
4 380 6
8 383 7
5 388 6
4 390 10
7 394 8
8 398 7
8 401 10
4 401 10
7 402 10
5 402 7
8 405 10
7 405 8
6 410 6
8 411 5
4 415 10
5 417 6
8 422 10
6 424 8
5 425 5
7 427 5
5 430 8
7 433 6
8 437 9
5 437 8
5 440 5
7 444 10
6 445 9
4 450 7
6 450 7
4 454 6
7 456 10
4 459 9
4 459 6
7 461 7
4 461 10
7 465 5
5 466 9
6 471 8
4 475 8
7 476 9
7 481 9
7 483 9
5 488 8
7 491 10
4 492 7
4 493 6
4 495 9
5 499 6
5 501 10
4 503 6
8 508 9
8 511 8
8 515 6
8 515 7
4 519 6
8 522 6
5 527 9
5 528 8
4 532 8
6 533 6
5 534 8
6 539 10
4 543 8
7 547 9
5 550 7
5 552 7
8 555 6
5 560 8
7 561 8
6 561 7
5 564 10
4 568 6
5 571 6
6 574 8
4 577 7
5 578 6
4 582 9
7 585 6
5 588 6
7 591 9
8 593 10
6 597 6
4 602 5
7 607 10
6 612 9
6 612 7
5 613 7
7 616 7
5 619 5
8 621 7
8 626 7
4 630 6
8 631 7
6 632 6
7 633 9
4 637 7
8 640 10
4 641 10
7 644 5
5 649 6
4 650 7
6 650 7
4 651 8
4 656 7
8 660 8
8 663 9
6 667 5
6 671 6
7 673 7
7 677 7
4 679 5
7 683 9
6 683 5
6 688 10
7 690 5
4 694 9
4 695 8
6 695 7
6 696 5
5 701 7
7 706 6
7 707 9
6 712 6
7 715 10
4 720 5
6 722 8
8 725 9
5 726 9
6 729 9
7 733 6
4 738 10
7 740 9
5 745 10
6 749 7
5 752 8
8 754 10
6 755 5
4 756 7
4 760 8
8 760 6
5 762 7
8 765 6
7 765 9
8 769 5
4 772 5
6 774 9
4 775 9
6 776 7
4 781 9
6 782 5
7 784 9
8 784 10
4 784 7
7 789 7
4 794 8
5 797 8
8 799 8
5 800 5
7 802 6
4 804 7
7 806 8
6 806 9
8 809 10
6 814 10
4 818 6
6 820 5
4 821 8
5 823 8
5 823 6
6 826 5
8 826 5
8 827 8
5 829 5
4 831 7
6 833 10
8 833 6
5 834 8
7 838 6
8 841 6
7 846 9
6 850 5
6 854 8
5 859 7
8 860 9
8 863 7
4 864 9
7 865 7
7 866 10
7 868 5
7 869 10
4 870 10
8 874 7
8 877 6
4 878 9
5 878 9
6 882 8
6 887 7
4 892 9
6 895 7
5 899 6
7 902 6
5 904 9
8 908 9
7 908 6
8 911 8
7 915 9
7 917 10
8 922 6
8 923 7
5 924 9
4 929 7
5 932 8
5 935 7
7 935 8
6 935 7
8 936 5
5 941 7
6 944 6
8 946 9
8 948 5
6 948 8
8 949 7
8 953 6
7 955 6
7 955 9
8 957 9
8 962 10
7 966 9
5 966 6
8 966 8
5 971 9
4 973 10
5 976 5
7 980 6
7 983 5
8 984 6
7 984 7
8 985 6
8 990 6
7 995 10
5 995 8
5 995 5
7 997 8
4 998 7
7 1001 5
7 1001 9
4 1001 10
7 1002 7
8 1004 5
4 1008 7
6 1011 5
8 1013 5
7 1014 7
5 1017 9
6 1019 10
6 1024 8
6 1027 8
4 1030 9
