50
28 0 337 
40 18 343 
48 50 336 
54 1 345 
38 68 341 
14 17 338 
30 10 344 
51 5 341 
34 100 340 
8 0 343 
53 93 341 
3 96 341 
12 84 337 
36 0 341 
23 33 342 
10 44 336 
53 6 336 
3 24 345 
3 17 342 
43 57 338 
33 56 338 
21 43 338 
58 93 337 
46 79 339 
14 59 339 
21 12 344 
46 77 345 
14 90 343 
25 8 335 
11 54 344 
49 88 336 
14 37 341 
11 46 339 
42 72 337 
16 25 340 
49 73 344 
55 12 342 
52 96 336 
50 43 335 
58 87 345 
36 70 344 
56 68 335 
55 101 343 
9 52 341 
30 31 335 
17 44 345 
56 97 340 
15 26 343 
24 26 338 
6 70 337 

