300
235 0 340 
134 71 338 
214 348 339 
271 499 337 
360 127 335 
352 512 343 
109 202 345 
41 364 343 
16 274 345 
368 89 336 
123 307 338 
320 238 345 
259 22 339 
190 132 344 
240 410 337 
322 100 335 
115 433 339 
329 421 336 
109 463 337 
40 279 343 
235 11 341 
116 415 339 
358 396 335 
267 494 336 
143 388 341 
17 432 343 
112 231 344 
42 328 339 
158 177 344 
209 461 338 
74 434 335 
161 482 344 
365 464 343 
230 491 345 
227 203 337 
227 529 337 
195 472 337 
305 88 338 
210 20 341 
191 389 338 
339 503 340 
305 371 341 
178 358 336 
185 54 343 
269 63 342 
128 51 339 
358 457 344 
57 297 337 
322 436 339 
126 493 340 
24 437 341 
369 494 345 
212 389 339 
351 47 341 
110 340 336 
79 25 337 
182 213 336 
358 435 338 
154 8 343 
123 491 345 
28 223 344 
361 204 340 
243 443 336 
79 192 344 
212 281 337 
241 204 342 
268 262 343 
207 145 343 
46 36 336 
357 172 342 
88 488 344 
345 271 341 
240 138 341 
183 247 338 
305 338 343 
259 334 335 
247 226 339 
161 39 345 
163 476 339 
276 49 338 
124 235 339 
231 341 338 
250 195 335 
225 175 335 
315 526 339 
141 425 338 
331 528 343 
27 386 339 
118 144 344 
169 32 339 
294 473 342 
338 209 340 
44 316 340 
177 258 336 
76 41 340 
144 338 337 
19 217 345 
239 403 335 
349 410 345 
194 141 339 
258 232 339 
194 76 341 
144 360 343 
52 262 337 
61 361 344 
242 370 342 
139 325 344 
264 119 338 
353 426 337 
86 498 344 
47 56 336 
362 159 345 
231 29 341 
322 123 337 
195 430 337 
279 53 343 
233 346 344 
79 403 343 
211 432 341 
118 263 335 
191 515 340 
40 273 340 
240 146 345 
18 71 342 
338 161 341 
91 403 342 
99 180 339 
266 105 338 
349 498 335 
231 104 344 
232 419 343 
73 217 343 
34 377 344 
33 51 337 
35 380 338 
6 132 337 
330 20 345 
165 251 345 
57 133 335 
222 161 340 
309 9 337 
65 41 337 
142 379 342 
266 58 341 
273 115 345 
215 263 341 
244 381 343 
366 191 338 
85 299 335 
143 409 343 
248 152 341 
217 303 341 
169 221 339 
290 432 335 
52 138 340 
283 455 339 
297 118 345 
189 265 335 
314 411 335 
326 271 337 
334 147 339 
39 13 338 
49 208 344 
353 73 342 
258 150 335 
2 191 342 
8 45 342 
298 511 344 
135 211 341 
197 480 337 
259 256 345 
268 450 339 
318 370 340 
73 215 343 
304 267 343 
357 462 344 
307 391 340 
240 367 340 
146 362 341 
84 157 342 
78 344 340 
159 235 344 
92 409 343 
114 384 342 
168 387 336 
272 208 337 
340 38 340 
140 258 335 
26 112 339 
9 423 342 
325 148 340 
277 403 338 
269 314 339 
90 385 341 
102 127 338 
224 475 342 
253 117 345 
191 378 341 
55 4 337 
298 106 338 
22 267 345 
47 480 339 
257 249 341 
85 106 340 
273 374 342 
323 141 337 
324 374 335 
320 377 340 
316 274 344 
218 266 341 
168 208 342 
329 40 339 
278 12 341 
192 436 336 
230 101 335 
272 358 339 
80 344 345 
123 391 340 
30 456 341 
20 447 341 
321 260 337 
329 461 341 
132 175 342 
49 433 337 
156 112 335 
150 255 343 
259 151 341 
231 346 344 
63 267 342 
86 282 336 
227 368 338 
222 303 340 
238 379 335 
185 249 340 
345 335 342 
324 31 335 
16 347 340 
232 230 345 
236 440 342 
319 35 345 
190 323 338 
285 362 337 
345 408 337 
233 258 335 
334 145 341 
35 338 343 
109 160 337 
286 116 337 
22 511 335 
10 455 339 
39 294 344 
348 32 344 
151 371 335 
324 336 335 
49 122 336 
222 326 345 
176 128 336 
357 251 338 
18 79 345 
313 470 337 
219 51 344 
180 398 345 
246 331 336 
365 172 345 
134 339 340 
368 187 341 
157 79 343 
102 132 337 
302 2 343 
346 181 345 
261 335 338 
97 333 345 
210 145 343 
14 468 336 
48 166 341 
256 526 343 
305 102 339 
151 483 345 
23 132 342 
248 92 336 
187 501 336 
15 135 345 
102 172 342 
258 203 341 
196 272 336 
305 528 344 
96 323 338 
175 119 344 
244 454 341 
42 221 337 
122 86 339 
87 233 335 
348 171 343 
334 130 338 
187 114 336 
64 294 341 
109 244 338 
347 140 336 
364 336 343 
34 464 336 

