150
164 0 340 
109 53 338 
171 51 339 
155 241 340 
35 241 339 
87 16 341 
113 188 339 
101 281 336 
143 88 342 
58 75 340 
111 142 341 
172 112 342 
118 45 345 
18 173 338 
102 21 335 
171 186 344 
11 85 344 
101 233 340 
179 107 335 
102 113 340 
180 79 338 
172 137 337 
15 243 342 
60 279 343 
162 53 336 
88 3 339 
47 276 341 
102 22 344 
63 231 337 
162 209 335 
61 24 341 
53 208 345 
80 82 338 
169 75 339 
40 178 341 
77 48 340 
65 256 339 
164 170 338 
147 111 343 
96 172 340 
45 124 343 
51 108 341 
149 20 340 
100 37 341 
183 8 337 
169 220 340 
102 70 344 
165 14 344 
71 131 335 
24 269 344 
95 206 336 
170 147 337 
158 208 343 
180 48 343 
141 248 338 
51 282 340 
89 167 335 
87 63 337 
169 148 335 
43 3 335 
15 33 337 
47 118 338 
26 210 340 
47 38 345 
45 97 338 
8 176 339 
56 167 344 
87 45 337 
135 273 340 
54 103 339 
10 271 345 
148 63 342 
29 34 339 
122 255 341 
156 225 335 
60 7 345 
136 226 335 
91 100 341 
87 270 344 
158 187 341 
110 261 340 
107 124 344 
124 22 342 
19 40 338 
141 204 343 
44 53 341 
78 32 341 
67 38 343 
110 55 340 
15 224 337 
11 82 343 
82 266 343 
17 38 335 
16 185 341 
65 86 336 
169 75 336 
121 225 345 
143 110 343 
118 176 336 
134 156 338 
149 227 336 
57 284 344 
109 79 341 
142 136 345 
67 76 343 
7 139 344 
16 18 345 
86 22 336 
63 205 341 
102 288 336 
73 81 338 
159 183 345 
31 86 341 
28 90 336 
106 30 342 
93 203 339 
94 187 338 
34 113 341 
27 228 338 
41 188 342 
89 52 338 
180 225 339 
175 88 342 
130 211 335 
150 14 343 
10 286 338 
87 48 339 
170 201 345 
180 259 342 
75 288 338 
163 277 345 
138 239 338 
104 116 337 
20 81 338 
66 104 344 
38 72 342 
119 83 343 
143 67 339 
126 151 336 
96 22 342 
175 18 339 
41 150 338 
161 38 338 
123 153 336 
97 192 336 
177 88 341 
138 93 340 
123 41 343 
15 34 339 
56 251 343 

