200
208 0 344 
175 7 343 
219 104 342 
197 149 336 
238 98 343 
188 157 345 
186 34 335 
66 166 343 
116 316 341 
94 281 345 
131 307 341 
165 256 338 
125 112 341 
16 64 342 
176 7 339 
123 328 337 
142 184 338 
79 327 343 
221 313 345 
43 160 335 
97 120 336 
14 48 344 
213 214 337 
31 197 341 
232 289 338 
49 205 336 
28 258 339 
228 244 337 
136 34 339 
71 128 338 
162 82 337 
190 346 335 
36 91 344 
96 222 339 
179 134 344 
244 360 345 
164 65 341 
196 208 337 
181 234 339 
44 370 340 
7 32 343 
7 249 340 
240 94 338 
53 293 339 
30 264 339 
5 141 339 
111 96 343 
56 162 337 
224 299 344 
3 238 337 
171 297 345 
46 22 340 
35 192 343 
213 149 338 
237 366 344 
189 358 336 
241 204 339 
15 272 345 
136 171 340 
195 129 336 
154 176 337 
69 354 335 
56 84 341 
121 5 335 
19 46 345 
171 71 342 
184 294 341 
151 126 345 
35 40 335 
94 327 343 
101 234 340 
84 282 345 
31 169 345 
57 128 344 
23 183 343 
204 264 338 
71 99 338 
189 257 341 
116 356 336 
35 181 335 
76 342 337 
154 71 336 
211 261 338 
197 169 345 
115 176 343 
186 22 342 
210 364 341 
31 95 345 
40 0 337 
104 24 337 
4 167 341 
49 23 335 
188 342 345 
152 339 343 
57 119 338 
198 355 340 
138 295 340 
4 322 339 
188 19 340 
110 357 343 
105 75 337 
209 41 336 
214 262 342 
5 133 341 
243 217 343 
85 47 343 
104 94 341 
214 354 339 
85 193 340 
103 295 339 
80 282 338 
152 15 344 
11 22 335 
191 288 339 
86 249 340 
76 201 345 
47 266 338 
104 155 341 
63 321 338 
228 369 336 
154 42 339 
220 364 337 
140 365 344 
71 324 340 
149 44 335 
52 190 338 
70 241 336 
44 167 340 
14 176 343 
219 221 337 
94 347 340 
34 77 344 
132 274 340 
241 28 343 
108 164 336 
128 355 343 
64 183 340 
231 218 338 
114 102 338 
42 370 336 
35 6 340 
213 141 340 
189 194 339 
140 99 344 
140 363 342 
18 241 343 
100 164 340 
74 29 335 
31 355 343 
33 179 340 
187 114 336 
35 310 339 
195 161 340 
179 17 340 
127 144 337 
80 195 340 
21 65 335 
230 22 344 
40 18 338 
202 223 343 
117 299 337 
162 249 339 
104 50 338 
182 293 340 
193 228 342 
227 191 337 
205 23 335 
196 290 344 
67 2 345 
185 147 336 
46 67 336 
103 229 345 
163 86 340 
177 251 340 
89 274 345 
118 368 341 
189 324 344 
152 251 338 
132 64 340 
24 244 339 
97 145 336 
5 222 338 
81 370 341 
188 38 343 
124 228 341 
65 119 344 
19 14 338 
78 271 335 
72 307 344 
146 340 336 
114 261 340 
238 260 344 
16 166 339 
153 79 336 
220 187 343 
151 127 335 
102 234 335 
178 23 343 
196 20 341 
103 331 345 

