500
454 0 336 
386 569 345 
574 283 340 
561 298 343 
534 675 336 
241 166 335 
429 627 341 
429 487 343 
225 545 342 
260 632 338 
200 212 336 
87 447 341 
34 205 339 
162 654 335 
336 813 341 
368 625 341 
576 738 343 
411 109 338 
512 218 336 
316 587 340 
480 376 337 
292 289 337 
347 241 343 
294 602 339 
484 448 342 
115 778 337 
391 277 336 
417 176 340 
122 190 345 
302 520 338 
112 548 337 
457 463 344 
346 564 341 
201 465 338 
62 107 339 
292 427 344 
138 756 337 
480 794 345 
480 210 337 
76 365 344 
538 534 337 
291 325 345 
252 646 337 
562 102 338 
556 366 343 
206 616 343 
266 185 341 
603 674 343 
520 497 336 
281 253 342 
256 398 341 
307 21 339 
95 547 339 
211 415 342 
471 476 341 
525 597 343 
247 186 340 
287 506 344 
45 266 343 
401 292 340 
99 485 339 
42 590 335 
471 793 344 
382 332 336 
48 494 345 
426 118 339 
151 551 341 
440 81 345 
247 150 336 
239 62 344 
513 578 338 
317 235 342 
231 41 342 
137 274 340 
67 466 338 
73 381 336 
577 444 339 
102 692 338 
548 100 337 
223 479 340 
559 315 335 
16 380 338 
369 588 342 
91 344 338 
140 771 342 
362 635 341 
104 466 336 
181 760 340 
429 414 339 
484 509 345 
409 111 343 
553 525 338 
350 701 335 
418 292 339 
412 279 339 
363 364 338 
572 14 340 
529 574 336 
8 407 339 
297 710 336 
161 187 341 
231 719 342 
138 374 337 
448 183 336 
436 515 336 
429 279 336 
348 777 343 
71 64 340 
374 80 339 
480 658 343 
336 426 343 
175 436 342 
257 541 343 
74 369 338 
204 784 341 
463 429 340 
313 587 339 
410 458 343 
552 367 344 
204 29 338 
340 781 337 
562 404 340 
243 177 344 
191 384 339 
263 383 342 
315 192 344 
518 611 341 
559 751 339 
544 640 342 
469 14 341 
227 207 341 
56 245 343 
340 91 337 
10 735 345 
428 444 344 
257 768 337 
156 380 342 
65 342 337 
239 472 337 
150 518 341 
411 569 336 
604 329 335 
196 681 344 
463 285 341 
230 35 342 
368 214 344 
558 32 341 
39 389 336 
74 512 343 
341 302 343 
490 357 340 
343 189 343 
500 669 336 
279 737 337 
463 217 336 
410 471 343 
306 553 343 
131 200 340 
52 170 335 
286 81 338 
588 230 335 
408 693 339 
262 250 340 
591 444 341 
238 584 341 
473 410 340 
44 94 336 
597 384 335 
508 766 345 
574 683 344 
439 216 342 
576 639 343 
296 152 336 
109 594 335 
233 281 345 
81 115 340 
366 311 337 
41 384 342 
376 255 344 
390 166 342 
81 310 335 
428 697 335 
310 496 336 
411 366 342 
443 239 337 
177 26 340 
172 794 339 
60 448 337 
468 713 337 
127 218 341 
477 303 336 
378 549 341 
524 62 340 
267 738 342 
525 304 342 
57 4 340 
308 603 340 
108 239 344 
273 700 338 
122 620 339 
589 613 341 
474 633 344 
25 696 341 
333 29 338 
452 503 340 
130 117 335 
604 792 335 
15 625 345 
159 605 345 
230 414 336 
362 675 343 
122 465 339 
344 171 338 
548 779 343 
79 60 341 
569 381 336 
551 87 335 
153 299 338 
8 402 336 
502 635 339 
60 30 337 
251 647 345 
198 733 345 
208 566 338 
137 367 338 
357 585 341 
508 201 344 
98 84 335 
247 38 335 
306 669 337 
491 680 337 
49 203 337 
298 656 337 
179 603 342 
575 795 337 
166 730 342 
609 17 338 
400 470 340 
267 169 341 
316 510 340 
400 407 336 
610 674 341 
458 385 344 
413 162 339 
335 362 337 
546 804 345 
376 478 339 
82 766 337 
395 474 340 
590 690 341 
502 452 336 
252 608 338 
186 207 345 
393 299 338 
406 7 339 
550 537 337 
427 2 339 
245 157 336 
264 551 337 
336 462 335 
2 594 336 
404 329 338 
417 16 340 
232 520 343 
476 481 344 
91 810 335 
51 283 336 
415 536 344 
77 270 339 
212 122 342 
219 549 341 
41 527 337 
428 635 337 
215 85 336 
459 359 341 
10 248 341 
67 53 342 
175 520 335 
563 71 337 
281 442 343 
47 650 341 
44 327 340 
28 14 345 
430 436 341 
494 420 343 
477 589 341 
336 701 335 
148 279 339 
59 603 337 
453 567 343 
128 486 341 
568 799 343 
210 601 335 
384 231 342 
362 365 342 
165 509 338 
365 227 340 
82 489 340 
390 160 341 
63 747 343 
143 811 344 
428 652 342 
374 541 341 
571 349 337 
416 386 337 
525 49 337 
206 757 345 
164 411 340 
411 421 337 
179 745 335 
442 49 340 
122 725 335 
551 731 341 
524 675 342 
601 276 335 
2 705 335 
493 265 341 
48 197 339 
186 215 343 
267 714 345 
198 524 336 
350 795 336 
357 296 343 
333 273 338 
293 728 344 
131 520 338 
376 326 335 
460 656 342 
595 466 343 
597 558 341 
6 52 345 
593 437 343 
7 37 345 
407 131 343 
446 326 339 
419 218 337 
79 248 341 
16 19 344 
253 378 336 
99 376 338 
579 302 342 
429 505 342 
221 203 342 
566 658 339 
496 370 338 
509 806 341 
282 762 335 
80 487 335 
213 137 344 
528 728 342 
294 341 338 
202 298 338 
427 769 336 
575 669 338 
101 715 344 
302 520 342 
485 2 339 
281 689 339 
205 609 341 
529 98 344 
537 800 338 
602 740 336 
197 354 336 
402 375 338 
180 325 341 
610 109 340 
4 300 345 
70 172 341 
159 629 343 
271 290 340 
561 11 336 
504 322 343 
588 86 339 
497 83 345 
186 713 342 
170 69 341 
396 50 335 
230 173 341 
17 598 342 
230 390 342 
104 254 345 
417 672 341 
453 71 341 
34 507 345 
337 354 345 
411 682 341 
478 399 344 
171 807 344 
410 206 343 
217 166 344 
536 158 344 
512 119 338 
344 324 344 
141 440 341 
255 656 336 
3 183 340 
320 645 339 
162 499 337 
153 699 343 
486 489 341 
256 151 342 
243 185 337 
260 24 336 
451 217 339 
509 340 345 
488 560 342 
65 745 339 
35 172 342 
257 145 340 
453 642 345 
239 448 339 
13 765 342 
222 569 344 
484 553 337 
223 254 337 
231 327 344 
196 443 338 
405 524 335 
575 741 340 
151 40 337 
442 123 342 
111 515 342 
168 104 337 
433 503 343 
40 45 339 
215 225 338 
230 392 344 
354 128 343 
83 586 341 
480 219 343 
198 282 345 
479 388 335 
32 65 344 
461 114 345 
139 738 343 
397 364 338 
35 354 336 
408 718 343 
326 163 336 
131 157 340 
156 377 339 
499 504 336 
52 331 342 
508 27 337 
406 290 340 
581 228 337 
462 636 337 
511 506 342 
523 488 340 
314 219 342 
40 277 336 
33 780 339 
231 59 345 
251 639 341 
192 599 335 
530 494 344 
88 474 338 
346 135 342 
103 11 336 
192 293 341 
398 418 336 
339 12 341 
367 131 338 
283 776 338 
250 466 339 
279 430 338 
77 313 338 
488 636 337 
78 252 343 
33 11 336 
426 501 343 
452 423 344 
544 126 340 
390 133 342 
531 548 336 
443 632 344 
438 191 343 
74 119 340 
544 570 339 
408 427 342 
506 604 344 
602 40 340 
288 776 341 
45 16 345 
516 231 337 
330 535 345 
441 552 345 
230 27 339 
202 592 345 
302 317 336 
415 693 336 
527 807 337 
371 106 340 
371 791 343 
568 638 341 
372 585 344 
81 765 340 
253 123 342 
478 754 341 
375 165 345 

