100
54 0 336 
104 126 341 
121 113 338 
20 32 339 
89 63 340 
70 116 335 
43 147 340 
6 130 342 
80 70 345 
26 36 343 
68 52 340 
110 74 344 
28 32 335 
105 165 343 
22 59 344 
39 116 341 
80 195 344 
105 67 335 
63 167 338 
116 200 342 
110 53 338 
111 89 344 
53 119 335 
35 32 342 
24 24 341 
91 147 336 
48 115 338 
95 101 345 
42 147 343 
102 79 338 
7 28 343 
107 69 335 
52 24 345 
79 61 341 
62 171 342 
41 163 336 
51 118 344 
104 84 335 
92 65 335 
75 131 341 
107 119 341 
33 146 343 
78 170 343 
66 175 342 
6 36 338 
25 23 345 
90 123 338 
107 18 342 
37 63 337 
17 61 343 
16 159 341 
27 121 345 
71 183 343 
18 61 338 
38 1 335 
59 179 335 
31 32 345 
42 196 343 
119 154 336 
62 28 337 
69 18 342 
102 167 344 
58 143 342 
91 67 342 
98 18 338 
16 88 336 
43 92 345 
57 128 336 
66 34 337 
42 42 340 
80 164 345 
17 112 339 
88 193 338 
80 136 342 
78 57 345 
63 164 340 
49 86 340 
102 156 337 
33 50 340 
24 174 337 
81 105 345 
17 59 342 
119 166 340 
61 0 340 
34 2 342 
15 21 342 
44 40 335 
25 162 336 
8 161 344 
109 188 343 
53 98 342 
47 153 335 
5 50 338 
121 59 339 
99 99 342 
107 134 341 
97 173 337 
78 157 335 
20 138 337 
18 138 342 

