450
233 0 341 
86 388 339 
480 689 340 
210 457 337 
307 362 343 
79 438 337 
216 363 336 
498 122 341 
454 228 339 
460 541 340 
503 390 335 
513 691 336 
217 316 340 
463 736 342 
30 48 335 
349 64 335 
88 471 335 
6 554 340 
36 96 345 
368 24 341 
220 659 339 
116 340 341 
191 656 345 
494 684 335 
262 324 336 
452 445 340 
151 31 345 
419 97 336 
455 390 344 
463 502 337 
369 670 344 
22 496 339 
475 198 337 
16 393 341 
361 534 343 
97 69 344 
356 385 335 
79 449 341 
170 256 342 
459 208 341 
299 210 343 
413 615 338 
177 300 338 
197 248 338 
353 609 336 
86 645 345 
170 242 338 
524 80 345 
275 514 341 
310 169 340 
242 159 342 
417 484 342 
175 359 340 
413 321 340 
520 25 335 
179 664 343 
199 252 341 
515 327 336 
127 66 343 
266 27 336 
90 246 341 
266 48 339 
57 309 337 
406 446 345 
528 131 340 
23 270 340 
527 283 338 
542 180 343 
23 348 342 
68 328 340 
374 542 344 
400 570 342 
260 40 342 
478 101 340 
509 345 345 
439 679 337 
276 530 339 
226 600 342 
345 385 335 
11 387 339 
301 273 337 
550 707 335 
471 47 337 
501 287 343 
503 410 345 
30 573 340 
161 345 343 
65 575 337 
280 341 344 
69 83 343 
82 606 345 
109 445 340 
176 740 342 
244 111 340 
143 512 339 
547 459 339 
465 534 345 
183 91 342 
526 480 344 
270 401 336 
533 284 344 
86 406 338 
219 726 338 
479 0 338 
415 690 343 
442 698 335 
500 494 336 
406 109 337 
443 681 341 
201 402 336 
178 359 343 
391 211 341 
353 185 338 
491 564 335 
323 450 341 
184 404 340 
438 550 338 
514 258 336 
475 248 343 
36 120 340 
131 409 341 
132 382 344 
236 516 339 
334 337 336 
363 336 337 
152 21 341 
307 185 337 
129 669 337 
24 729 342 
538 729 345 
422 646 341 
217 469 335 
249 38 340 
384 475 336 
23 77 336 
383 506 345 
168 419 339 
434 721 341 
310 95 339 
419 202 341 
427 452 344 
410 325 343 
66 208 345 
326 383 340 
269 354 336 
263 242 343 
34 186 342 
473 474 339 
85 580 345 
67 210 341 
239 278 338 
255 232 336 
195 339 335 
453 689 335 
200 541 343 
106 319 345 
114 262 342 
334 714 344 
37 168 336 
510 17 335 
351 293 343 
416 151 341 
253 0 342 
172 671 337 
270 403 340 
257 505 340 
391 239 336 
372 397 340 
344 343 337 
42 242 338 
358 293 343 
96 372 341 
316 680 339 
161 95 343 
104 507 344 
469 602 342 
114 244 339 
541 454 344 
17 364 341 
80 345 340 
24 491 340 
294 446 338 
136 529 344 
233 172 344 
537 451 341 
473 727 342 
490 310 343 
194 541 337 
87 302 341 
52 79 335 
410 638 340 
84 282 343 
168 561 340 
292 339 345 
64 235 344 
384 482 340 
312 77 340 
184 439 344 
362 29 335 
537 41 340 
532 682 337 
266 311 337 
421 189 337 
311 182 342 
548 258 342 
11 208 340 
401 404 335 
121 285 336 
309 449 342 
75 319 342 
420 735 337 
60 682 336 
44 434 343 
326 379 342 
149 492 345 
537 200 345 
389 272 335 
415 479 345 
267 255 335 
69 463 342 
226 381 343 
450 205 341 
78 73 338 
401 572 339 
528 306 339 
412 249 341 
349 194 340 
78 337 338 
290 658 340 
434 37 337 
416 661 340 
529 500 340 
500 138 338 
337 376 338 
13 426 343 
446 656 341 
205 314 336 
83 430 336 
536 175 340 
469 329 342 
199 129 338 
541 373 341 
122 461 338 
486 63 340 
427 682 336 
214 639 343 
31 521 340 
207 374 335 
289 19 337 
453 503 339 
278 171 339 
470 628 335 
517 331 338 
147 245 342 
537 431 338 
26 586 340 
481 521 340 
10 76 336 
422 739 335 
489 88 344 
7 129 341 
175 746 335 
331 492 335 
211 443 342 
201 6 341 
79 399 345 
499 533 339 
159 432 341 
167 499 342 
478 123 336 
215 597 338 
65 328 341 
216 547 336 
90 150 337 
157 130 339 
389 185 340 
333 498 340 
64 551 338 
430 233 340 
221 229 336 
49 489 340 
392 71 345 
322 497 341 
451 530 344 
208 116 344 
513 673 341 
4 585 343 
406 290 340 
251 639 345 
150 717 343 
457 84 335 
192 70 338 
53 684 341 
278 1 341 
467 136 342 
81 571 341 
436 642 338 
191 15 338 
507 68 339 
413 737 343 
399 559 337 
3 111 345 
2 716 335 
206 545 339 
158 670 336 
511 483 343 
146 249 339 
320 416 336 
197 421 336 
273 705 335 
332 721 345 
86 196 335 
500 192 335 
528 339 338 
353 173 344 
178 315 336 
347 560 341 
102 394 340 
225 132 344 
296 507 343 
288 403 336 
118 577 337 
157 70 343 
413 277 338 
425 38 345 
228 482 339 
478 343 341 
104 299 337 
77 408 344 
535 101 339 
219 296 341 
115 85 335 
302 554 344 
393 698 335 
540 18 335 
274 342 339 
543 122 339 
403 634 341 
239 206 338 
387 559 338 
54 416 344 
86 216 342 
383 514 337 
493 468 338 
119 241 344 
107 690 344 
433 358 341 
276 471 345 
359 131 338 
316 289 341 
31 122 343 
475 160 338 
284 432 343 
110 236 344 
82 615 344 
255 581 338 
307 400 336 
46 197 337 
145 421 341 
125 217 339 
498 696 335 
512 368 337 
516 435 338 
126 562 339 
250 715 337 
452 332 337 
252 197 344 
284 675 338 
313 332 345 
150 501 341 
143 741 339 
75 618 338 
451 462 345 
389 444 344 
416 661 343 
12 635 345 
204 541 337 
542 100 335 
409 667 339 
59 207 344 
518 60 338 
504 372 338 
225 521 338 
133 658 338 
65 36 335 
73 169 344 
381 546 343 
45 78 341 
469 250 342 
98 165 339 
399 697 336 
395 58 345 
526 33 341 
244 441 339 
175 491 335 
246 326 343 
2 201 344 
174 18 345 
166 395 336 
203 558 337 
196 355 345 
273 177 335 
339 723 342 
138 174 345 
386 739 336 
105 336 337 
115 4 336 
472 651 344 
278 564 339 
52 527 338 
547 696 336 
308 38 340 
101 97 345 
314 709 339 
57 5 337 
186 370 340 
176 257 338 
353 196 345 
295 568 335 
550 77 341 
449 321 337 
169 450 343 
448 28 338 
196 656 339 
143 458 338 
516 550 338 
371 478 339 
358 164 337 
202 404 337 
413 193 339 
304 448 339 
508 633 336 
78 227 338 
169 743 343 
185 346 339 
61 3 337 
19 579 341 
95 195 335 
387 534 340 
125 468 335 
99 708 341 
9 135 337 
437 126 339 
460 152 343 
334 20 341 
447 712 338 
232 61 337 
220 81 344 
128 315 344 
363 565 342 

