400
372 0 338 
91 27 339 
193 94 345 
365 465 335 
53 599 335 
470 408 342 
248 660 337 
226 633 336 
282 625 336 
273 268 342 
210 251 338 
152 395 335 
59 521 343 
336 214 340 
197 551 341 
176 307 345 
219 597 335 
441 611 342 
26 122 341 
130 613 335 
321 273 343 
96 363 345 
133 652 336 
89 209 337 
70 217 338 
2 477 338 
486 580 335 
456 196 340 
129 79 340 
455 39 342 
45 592 342 
378 642 341 
430 498 339 
392 185 335 
96 59 342 
439 223 342 
166 647 338 
190 38 345 
175 580 336 
272 253 341 
169 51 335 
328 609 344 
329 671 340 
433 350 345 
420 492 339 
418 360 338 
105 468 342 
273 651 342 
20 210 345 
269 413 340 
477 627 341 
20 619 341 
60 214 339 
12 387 336 
392 613 343 
277 442 343 
262 134 345 
477 626 336 
271 201 340 
365 215 336 
54 505 344 
235 115 345 
55 537 340 
195 299 337 
234 125 340 
281 327 343 
370 543 341 
343 435 337 
30 525 340 
223 9 335 
214 641 342 
231 478 345 
103 338 340 
481 584 336 
117 637 339 
416 422 339 
25 47 337 
345 395 336 
180 674 345 
166 345 341 
128 492 340 
360 186 343 
209 307 340 
489 518 339 
243 231 345 
352 481 339 
48 366 337 
110 677 343 
338 89 339 
343 177 336 
270 560 345 
310 357 338 
165 88 345 
66 435 339 
471 579 339 
346 330 336 
10 674 337 
136 509 343 
439 325 335 
20 485 336 
389 230 337 
97 313 338 
383 252 335 
427 349 338 
216 495 341 
396 148 344 
336 511 335 
121 182 345 
304 1 340 
345 185 340 
316 528 338 
133 91 345 
120 153 341 
302 133 342 
202 75 335 
237 161 341 
125 176 343 
87 188 340 
268 403 336 
251 431 336 
243 425 342 
34 265 337 
277 55 336 
276 586 342 
69 329 337 
30 144 340 
123 447 345 
141 392 338 
389 235 343 
313 543 338 
74 59 343 
396 23 339 
201 383 337 
211 534 341 
470 668 338 
347 201 341 
354 121 344 
178 13 336 
55 626 337 
86 601 342 
457 318 340 
475 204 335 
483 390 343 
144 199 338 
198 131 340 
62 158 342 
231 144 339 
412 76 337 
482 657 344 
175 661 342 
386 51 344 
218 654 341 
204 94 335 
60 548 345 
462 356 344 
389 424 341 
174 435 336 
403 416 337 
157 579 341 
259 52 338 
69 169 342 
49 430 339 
207 408 335 
27 53 340 
265 477 340 
4 660 339 
134 0 343 
380 70 340 
156 504 338 
440 112 344 
401 327 343 
9 619 340 
138 505 336 
299 0 345 
102 270 338 
299 441 341 
23 580 341 
162 326 340 
84 433 341 
438 438 345 
376 274 340 
221 571 344 
42 660 340 
122 224 341 
459 294 342 
221 355 342 
332 179 337 
301 173 339 
320 659 344 
214 631 345 
259 54 335 
232 370 339 
114 480 342 
255 190 345 
465 333 341 
153 332 344 
337 184 340 
363 450 336 
57 653 343 
356 440 340 
303 5 343 
66 670 339 
71 426 335 
405 146 340 
32 103 337 
326 202 343 
31 315 339 
218 397 336 
238 93 335 
125 155 336 
229 584 340 
400 235 341 
391 587 344 
388 564 342 
308 572 340 
289 465 336 
166 203 337 
286 673 340 
332 574 340 
137 489 335 
129 89 343 
51 213 336 
133 497 342 
150 16 335 
149 404 340 
474 444 335 
460 373 341 
402 175 335 
14 45 345 
334 190 341 
307 188 338 
472 676 335 
303 421 337 
5 616 344 
68 331 336 
249 237 344 
225 516 336 
110 167 335 
322 193 335 
56 117 340 
339 176 344 
437 337 336 
170 283 345 
32 398 339 
376 449 340 
333 578 345 
432 217 341 
4 370 340 
354 198 339 
138 127 336 
373 273 335 
353 352 335 
452 87 340 
408 351 339 
32 601 343 
163 328 337 
385 624 335 
466 98 344 
467 512 344 
154 422 341 
214 462 344 
443 479 340 
162 343 338 
212 607 335 
29 329 345 
381 332 337 
168 438 338 
472 112 335 
486 478 341 
19 370 341 
190 375 337 
141 74 342 
336 547 338 
371 423 339 
134 55 340 
201 142 343 
12 7 343 
199 142 339 
148 231 338 
103 660 340 
469 205 345 
93 160 344 
353 663 339 
52 455 339 
234 13 336 
269 569 339 
391 146 344 
230 222 337 
443 592 341 
391 2 345 
296 286 345 
321 477 335 
70 274 340 
151 659 343 
412 423 338 
379 424 337 
358 428 337 
146 288 342 
142 277 339 
355 491 336 
229 261 338 
104 79 339 
485 638 342 
184 555 336 
175 483 335 
119 216 343 
335 655 343 
11 671 342 
23 584 345 
334 367 338 
123 533 345 
117 579 343 
313 522 338 
131 293 344 
245 221 344 
250 649 337 
208 675 337 
325 42 343 
482 323 336 
479 175 337 
424 577 342 
464 92 341 
35 579 338 
257 30 336 
257 4 335 
152 318 335 
34 529 343 
33 402 341 
121 615 338 
53 265 335 
88 320 338 
450 71 339 
402 153 337 
80 527 342 
37 203 336 
6 402 343 
120 116 343 
339 526 342 
215 173 345 
366 504 343 
410 444 342 
439 88 339 
80 260 336 
127 25 341 
463 176 345 
387 360 345 
129 15 340 
99 535 342 
360 644 339 
278 315 335 
423 53 342 
42 42 339 
142 456 338 
329 556 344 
402 0 344 
329 94 336 
399 191 335 
54 674 341 
4 17 343 
277 88 338 
100 122 336 
377 426 342 
368 34 340 
72 540 335 
116 73 340 
177 17 342 
128 396 340 
29 305 341 
257 186 338 
406 433 336 
203 485 338 
67 428 340 
188 607 345 
90 484 344 
88 239 336 
289 608 340 
166 528 345 
333 344 337 
148 261 344 
132 238 341 
215 654 343 
297 421 341 
192 406 336 
275 484 340 
468 476 341 
422 455 344 
223 553 345 
50 465 344 
144 205 343 
178 611 336 
365 66 342 
263 636 337 
170 655 345 
466 138 345 
70 353 345 
49 285 344 
216 602 336 
378 193 339 
189 378 339 
26 230 340 

