250
223 0 344 
229 222 345 
190 215 335 
31 141 340 
187 454 343 
157 115 345 
127 371 338 
148 452 341 
307 209 337 
130 376 336 
185 47 345 
79 319 335 
27 268 337 
174 166 342 
23 54 340 
273 409 345 
7 267 336 
264 138 342 
161 390 344 
235 263 341 
268 344 340 
293 214 337 
273 91 345 
282 188 336 
3 90 336 
5 84 337 
28 283 337 
61 276 341 
72 152 345 
128 13 344 
40 137 340 
227 371 342 
35 176 336 
136 451 336 
11 169 339 
113 50 336 
275 114 337 
74 312 341 
308 284 343 
283 100 341 
87 339 338 
274 347 343 
131 19 345 
126 304 343 
230 54 342 
131 12 342 
149 341 342 
302 427 342 
13 100 337 
177 280 341 
132 200 337 
19 76 344 
107 410 336 
165 152 337 
263 342 339 
292 200 343 
276 86 336 
248 326 338 
267 203 343 
16 234 339 
255 316 344 
196 149 339 
36 194 338 
263 180 343 
249 256 337 
114 424 340 
234 411 336 
103 338 343 
165 64 340 
236 245 338 
213 293 341 
280 91 340 
79 65 337 
193 423 345 
107 327 342 
195 352 335 
291 197 338 
243 440 342 
299 303 340 
100 69 338 
193 264 342 
172 219 343 
140 223 340 
189 345 345 
88 228 335 
42 366 340 
213 289 338 
289 398 340 
35 232 344 
219 156 338 
108 95 340 
220 36 339 
78 405 335 
49 363 344 
75 157 337 
206 397 341 
308 272 340 
210 288 345 
160 244 340 
212 67 336 
24 64 345 
163 65 336 
219 15 339 
150 385 344 
219 111 341 
135 369 340 
14 446 345 
15 194 345 
16 99 341 
92 95 338 
12 114 337 
7 407 339 
142 187 341 
155 208 336 
37 152 339 
200 330 338 
206 158 342 
282 96 345 
299 149 345 
141 254 340 
197 373 345 
168 348 345 
15 183 343 
89 61 337 
294 95 341 
69 392 339 
98 343 342 
206 108 341 
308 318 337 
145 41 338 
20 382 339 
221 405 338 
86 82 344 
67 299 343 
270 127 343 
22 192 339 
270 187 342 
49 359 338 
230 225 345 
69 445 345 
230 173 345 
71 48 335 
47 359 344 
267 157 342 
169 115 339 
171 137 341 
99 93 341 
130 230 336 
24 237 344 
285 364 335 
26 155 338 
231 209 336 
220 47 337 
168 289 336 
141 361 339 
63 185 344 
134 65 341 
13 101 339 
121 70 337 
293 203 335 
79 206 337 
126 387 343 
197 417 335 
10 151 342 
187 197 341 
70 341 335 
56 63 336 
176 385 338 
132 37 336 
89 336 343 
13 291 339 
160 257 343 
134 247 343 
256 184 344 
251 162 337 
224 395 341 
128 219 337 
254 341 345 
192 277 338 
215 289 345 
15 298 335 
156 311 342 
187 416 337 
70 118 345 
64 263 335 
141 431 341 
241 109 342 
296 318 335 
235 48 336 
75 423 345 
109 90 338 
91 370 343 
28 140 338 
126 267 341 
33 56 335 
9 213 338 
203 190 339 
15 450 342 
187 162 336 
220 70 343 
16 245 342 
109 392 336 
214 439 340 
124 430 344 
59 74 341 
267 258 344 
92 237 342 
159 374 337 
72 203 345 
93 454 345 
13 353 341 
148 110 343 
169 34 345 
152 6 336 
209 292 345 
306 311 335 
38 176 344 
262 55 345 
42 189 336 
140 397 340 
276 203 340 
137 99 340 
40 139 337 
215 159 342 
151 368 337 
26 242 337 
213 42 337 
87 436 344 
21 157 345 
262 31 335 
23 372 340 
24 355 344 
15 208 344 
269 71 342 
147 61 339 
181 330 338 
169 384 336 
251 352 337 
267 75 342 
229 24 342 
277 268 342 
87 209 342 
290 415 340 
165 62 335 
202 144 338 
136 29 344 
178 145 344 
288 150 345 
22 309 341 
146 139 340 

