350
74 0 343 
224 326 342 
12 431 338 
352 44 335 
293 530 344 
412 471 341 
244 468 335 
88 40 336 
408 154 336 
9 188 345 
318 303 335 
194 587 343 
367 270 335 
300 175 342 
288 363 336 
323 381 338 
253 252 342 
401 568 335 
277 85 344 
87 18 342 
179 463 342 
241 176 343 
192 588 344 
219 577 342 
78 353 337 
422 336 335 
32 206 342 
152 99 339 
388 12 342 
359 499 336 
399 487 345 
213 272 339 
15 584 335 
289 186 345 
289 522 345 
39 391 336 
307 337 345 
79 327 337 
95 63 344 
289 428 337 
76 226 335 
222 481 337 
385 33 341 
12 595 340 
92 166 341 
52 148 338 
373 509 343 
90 318 342 
324 247 342 
385 350 341 
286 398 342 
176 525 337 
425 356 339 
293 178 341 
80 563 336 
176 296 342 
13 234 339 
427 190 339 
372 8 342 
215 435 338 
117 394 344 
316 540 338 
221 1 342 
407 14 345 
124 590 335 
289 171 339 
54 403 341 
339 149 338 
140 461 343 
104 131 337 
226 45 343 
246 124 337 
339 112 345 
11 135 342 
225 407 344 
397 302 339 
299 240 343 
235 211 336 
392 463 342 
82 422 338 
159 450 344 
211 552 335 
238 320 339 
12 509 341 
231 507 336 
42 338 342 
67 63 343 
235 434 340 
164 363 341 
410 116 338 
289 156 345 
207 304 345 
414 217 335 
326 447 336 
126 579 340 
366 52 341 
292 109 342 
217 115 344 
398 484 338 
282 335 335 
275 369 344 
206 55 344 
264 350 345 
3 188 339 
416 420 344 
429 166 339 
355 122 343 
21 581 336 
420 299 342 
387 212 345 
26 452 345 
420 576 344 
182 479 335 
363 101 340 
96 327 340 
39 568 340 
170 165 344 
284 355 339 
162 290 338 
265 403 345 
198 35 335 
382 42 342 
288 115 337 
185 144 335 
339 513 337 
296 315 345 
326 55 338 
84 126 335 
271 414 338 
162 431 341 
86 515 342 
262 381 337 
144 462 341 
112 88 335 
123 61 337 
402 467 339 
275 196 342 
267 411 337 
203 254 336 
390 97 345 
67 357 344 
32 508 345 
374 157 340 
229 397 343 
137 502 337 
138 341 343 
229 364 340 
393 511 345 
315 293 345 
201 530 339 
182 466 335 
279 277 343 
23 114 335 
3 346 344 
300 246 341 
386 555 337 
82 1 341 
86 50 337 
20 383 336 
147 49 344 
110 408 342 
88 601 335 
306 79 335 
248 21 340 
406 263 336 
288 310 335 
17 113 342 
325 562 335 
247 495 338 
308 20 340 
429 560 340 
396 581 344 
12 75 337 
316 582 340 
316 182 338 
141 115 340 
44 247 335 
34 304 344 
429 198 341 
351 459 345 
253 545 338 
185 566 342 
323 419 342 
55 405 339 
290 178 337 
116 288 337 
99 384 339 
110 362 339 
283 420 344 
190 426 344 
247 406 345 
414 140 338 
134 142 335 
184 335 337 
309 60 340 
108 211 340 
407 151 336 
377 480 343 
272 264 339 
352 351 338 
143 110 344 
254 4 335 
406 335 342 
347 146 345 
346 60 342 
347 418 337 
317 410 339 
213 390 345 
231 387 338 
382 209 340 
110 408 345 
317 598 341 
385 205 344 
62 524 341 
351 173 335 
108 212 341 
345 250 345 
255 1 340 
328 233 340 
86 416 343 
240 416 338 
202 222 337 
190 281 345 
224 600 336 
355 180 341 
30 582 339 
330 570 340 
301 131 335 
130 234 344 
119 456 342 
395 170 339 
419 142 339 
307 380 339 
355 180 342 
302 174 340 
282 577 337 
179 592 341 
391 338 343 
273 19 337 
210 248 335 
216 21 342 
392 293 343 
110 583 340 
214 287 335 
88 404 335 
81 566 341 
291 369 335 
63 139 343 
347 106 338 
354 387 342 
184 292 345 
8 515 343 
132 181 336 
111 360 337 
271 40 337 
309 500 343 
119 233 345 
302 11 339 
213 262 345 
167 45 338 
12 474 337 
315 51 339 
428 443 345 
362 254 339 
108 385 344 
96 408 343 
188 72 341 
250 325 337 
52 28 339 
183 63 345 
79 301 342 
400 405 337 
144 153 338 
259 405 338 
130 382 340 
77 541 341 
286 281 341 
418 213 340 
224 345 344 
287 125 336 
166 90 338 
148 142 341 
158 196 337 
203 62 343 
98 581 344 
268 563 340 
249 2 342 
409 524 342 
335 428 342 
301 165 339 
152 310 337 
114 289 338 
100 448 342 
187 314 342 
32 159 340 
351 578 340 
196 22 342 
237 603 340 
207 486 338 
95 49 335 
198 126 339 
86 188 345 
271 356 339 
128 412 338 
118 260 342 
310 195 342 
354 574 335 
190 143 335 
325 597 343 
257 77 342 
254 522 342 
128 119 338 
56 271 338 
47 298 345 
380 572 340 
97 295 340 
430 78 340 
339 196 342 
329 501 343 
26 475 336 
208 56 337 
366 81 345 
187 89 343 
322 333 338 
262 282 341 
39 313 345 
128 330 342 
375 516 337 
396 183 344 
327 411 337 
163 433 339 
222 250 338 
195 413 342 
401 180 337 
162 518 342 
388 600 335 
148 287 335 
416 154 337 
167 432 336 
173 140 338 
375 82 341 
388 126 342 
211 299 345 
31 513 336 
324 551 341 
372 354 338 
150 463 343 
168 236 335 
300 492 339 
92 86 341 

