34438
9
13 46 128 38 59 133 36 44 18 70 92 73 51 142 114 71 132 42 93 107 33 
16 82 143 109 47 29 37 60 112 8 110 111 141 35 45 86 104 34 145 43 55 85 17 122 14 
125 78 140 144 27 64 81 6 32 48 69 139 72 67 26 65 105 108 77 131 24 39 
149 96 103 123 115 101 9 56 116 120 119 12 135 57 99 4 97 30 91 75 49 2 124 
54 127 20 106 87 23 3 25 150 102 15 5 136 40 138 1 21 84 
63 53 11 61 79 95 7 10 121 19 130 58 41 68 100 50 
98 62 117 147 76 66 88 80 137 31 
134 74 126 146 52 28 94 22 
118 83 89 90 148 129 113 