40950
10
200 127 98 143 99 49 123 156 168 131 70 50 12 83 175 136 134 119 72 148 152 
57 194 185 64 102 88 77 76 8 61 180 95 113 184 147 149 163 10 183 129 192 
157 22 4 125 31 84 80 122 29 24 137 128 87 58 124 160 107 78 3 195 172 94 5 112 17 188 120 
18 43 138 20 32 167 105 56 130 74 33 82 48 116 35 146 106 28 39 75 150 55 
42 7 60 173 34 1 89 176 86 140 68 97 25 179 154 81 117 162 52 90 121 91 37 159 118 142 45 165 111 
71 190 108 144 23 132 187 41 114 191 51 178 44 109 197 181 21 15 2 171 166 6 62 198 199 67 
13 19 11 126 38 104 59 141 79 133 170 63 9 14 182 110 177 115 16 36 135 96 
145 196 46 153 69 155 53 65 158 161 40 
66 169 101 151 93 193 100 54 30 27 85 
186 174 26 92 139 47 189 73 103 164 