82982
11
190 169 116 192 151 75 211 55 126 79 114 12 156 241 158 185 74 160 71 184 179 37 128 52 159 56 121 244 176 15 
115 155 1 38 136 20 208 17 245 3 197 87 50 18 119 11 222 198 183 164 95 247 68 154 168 5 93 129 
60 53 209 7 106 194 138 224 26 30 4 29 195 111 140 103 24 62 67 203 44 86 146 10 189 163 161 152 170 157 
14 63 181 59 118 66 147 187 212 139 141 249 134 231 127 153 177 76 202 61 123 78 137 131 142 65 
82 250 2 199 132 72 45 200 174 97 96 89 229 105 167 23 144 42 6 69 117 27 102 101 235 
242 191 40 64 233 145 94 125 112 172 49 130 41 171 80 148 98 213 201 47 104 207 246 
239 25 218 210 232 57 48 21 73 120 238 180 46 51 204 223 226 216 237 110 175 173 236 36 228 92 9 205 
108 85 84 100 39 206 122 81 196 215 33 166 43 165 227 135 16 162 58 77 
182 99 143 248 240 83 178 70 31 90 8 188 234 225 22 
221 150 243 193 35 28 54 13 133 91 230 220 113 
109 219 149 88 214 32 107 217 124 19 186 34 