57603
18
181 33 56 9 21 175 164 170 265 178 52 258 107 133 234 231 42 245 54 
293 49 281 34 102 136 266 207 277 209 83 262 214 50 210 106 2 129 177 
217 220 222 44 243 299 80 271 235 61 105 103 62 45 126 
263 36 203 35 131 48 300 122 199 270 291 66 202 82 
267 109 59 260 155 211 244 23 283 4 229 58 139 180 188 
206 110 147 236 145 154 176 240 134 151 137 252 162 241 60 115 11 248 278 
288 264 161 273 88 167 223 225 93 99 18 113 16 226 
24 98 159 40 96 289 94 259 239 215 86 125 
100 183 46 26 257 166 81 152 153 227 148 276 57 12 189 
92 285 39 127 116 141 179 78 230 192 193 135 232 13 111 171 
255 20 89 185 261 32 190 251 22 294 72 233 182 84 71 85 191 51 25 200 272 142 
150 275 28 132 186 238 70 17 29 269 140 286 290 47 208 249 144 296 27 43 212 143 256 173 168 196 101 
204 1 219 123 76 55 130 292 97 64 79 160 268 282 242 38 158 280 87 221 
75 114 157 197 187 8 119 77 218 279 163 250 184 284 169 65 117 68 112 246 298 149 253 172 37 91 30 
124 237 165 104 19 128 120 53 118 228 95 156 295 
194 213 108 274 224 121 198 254 14 31 10 
3 5 63 15 216 146 247 205 41 297 73 
90 201 195 74 7 67 69 138 287 174 6 