107280
21
329 3 116 35 6 220 302 86 27 104 125 159 78 
152 102 121 77 224 169 336 216 61 317 94 134 136 68 50 304 120 
52 14 272 185 195 263 56 162 200 164 140 341 23 4 16 
177 100 158 297 106 135 237 48 313 74 303 277 262 243 
337 273 332 342 236 191 249 173 258 343 276 174 99 138 251 
91 154 269 181 316 167 39 247 307 291 215 163 95 63 
204 300 132 2 178 5 217 81 301 233 296 109 115 31 330 105 335 309 344 76 110 146 289 
166 79 112 59 278 318 282 15 234 280 37 260 42 199 47 201 32 73 
123 327 325 338 130 142 284 290 182 107 295 203 324 305 238 22 226 108 235 242 
41 111 36 13 197 194 328 150 308 26 180 254 128 58 345 11 18 98 
244 306 190 57 186 28 208 126 265 267 148 143 205 319 85 231 53 165 
46 211 62 219 294 240 347 212 310 193 183 9 299 72 60 348 279 326 
155 51 228 256 38 315 65 80 29 19 331 103 71 222 149 160 21 287 253 221 
281 274 30 293 119 268 209 184 259 213 147 246 114 127 320 70 271 283 
20 285 264 202 101 10 129 49 230 171 275 133 17 153 151 241 44 93 261 
124 314 252 312 176 311 33 321 24 118 172 218 229 168 69 346 25 34 137 225 298 43 157 250 64 323 
227 67 333 139 187 288 207 55 83 75 170 257 131 232 12 255 84 
339 82 206 239 340 113 161 188 334 179 223 7 266 
88 90 349 40 210 87 45 270 189 198 248 156 
286 92 144 89 96 141 145 292 66 1 192 
214 350 175 322 8 196 117 245 122 54 97 