125560
29
320 343 349 241 245 367 23 101 222 250 104 
325 55 119 214 131 208 147 92 187 129 
65 114 378 244 335 234 43 191 171 49 
352 253 82 188 373 25 304 296 94 79 87 190 311 
254 17 393 347 299 170 383 149 210 169 137 375 
99 351 45 336 36 18 308 166 290 138 5 193 70 262 
74 357 110 329 316 340 385 162 295 151 267 
133 14 227 198 28 314 211 247 150 240 54 362 192 284 95 2 
21 255 219 143 268 160 302 323 69 256 266 360 1 
399 178 275 387 251 67 35 153 173 
11 276 80 374 356 339 369 184 391 348 185 118 179 
315 233 177 376 85 16 331 134 346 88 84 135 76 97 
366 338 117 321 156 389 294 282 197 345 
286 68 116 400 372 155 202 273 217 301 386 59 
189 200 7 249 228 257 146 279 285 145 126 8 6 
297 90 174 50 186 164 56 107 261 71 226 75 310 194 61 72 98 
392 303 62 291 243 269 365 278 274 201 100 
318 332 195 263 12 390 205 37 353 112 312 246 
319 260 364 235 96 341 168 394 300 330 106 175 337 229 326 120 
182 121 58 322 221 354 167 91 277 103 24 359 63 30 293 252 
15 111 370 78 142 29 77 38 328 199 309 157 48 39 280 384 397 
368 13 128 292 377 237 32 305 57 46 52 204 136 124 
225 398 216 212 81 324 40 242 317 102 327 148 93 161 258 26 333 4 363 53 44 379 66 264 86 272 
34 313 396 64 298 115 60 236 144 307 31 358 122 215 27 33 380 259 395 20 334 224 
382 163 152 350 288 206 220 127 342 388 371 105 9 154 287 3 
230 381 51 271 181 231 165 130 141 207 355 183 239 
176 289 306 361 108 265 19 109 139 123 213 83 196 
238 22 248 209 132 125 270 159 281 158 283 47 42 
41 180 232 344 89 140 73 113 203 172 10 223 218 