196236
15
327 116 103 407 218 153 42 208 145 449 413 193 192 430 29 270 83 402 261 53 274 88 325 260 363 222 323 185 321 232 424 
94 162 362 22 418 397 52 317 215 275 32 39 369 155 406 349 87 414 115 6 130 252 183 68 289 235 319 379 142 220 180 305 
57 31 140 271 446 47 399 398 120 221 203 163 17 99 296 292 387 19 141 346 368 263 37 51 195 262 294 376 280 191 328 82 13 338 417 
385 111 187 358 92 109 56 45 373 2 96 179 375 26 182 404 217 216 427 11 209 60 8 151 46 366 408 318 73 
16 370 377 154 297 242 197 288 105 44 240 246 267 135 189 95 431 35 367 138 437 108 311 84 137 159 78 315 353 299 351 
226 409 290 276 124 411 58 196 210 390 38 186 23 371 97 63 90 309 41 249 69 104 444 245 178 224 241 293 372 344 426 320 
301 443 110 55 122 304 129 158 332 171 177 14 160 336 72 435 365 303 119 291 15 139 428 85 282 334 136 147 343 257 335 
394 238 403 237 239 234 392 298 33 214 423 391 70 219 66 28 62 67 121 118 360 161 212 9 342 100 123 102 198 175 40 206 1 125 24 176 223 285 113 174 227 314 236 
400 436 420 61 170 200 253 27 93 266 324 86 259 422 202 341 133 166 18 190 59 165 106 388 207 447 134 247 380 173 12 48 77 355 300 168 313 283 114 281 107 21 329 333 
248 284 79 381 143 251 231 384 101 412 378 225 150 401 188 80 36 405 10 230 357 54 268 172 181 169 361 433 308 81 75 30 50 205 295 356 442 194 34 
425 316 273 112 91 286 148 326 419 157 74 5 76 345 233 255 389 450 146 350 302 25 347 89 448 254 272 439 386 434 7 213 354 
184 415 340 277 396 438 310 71 330 432 132 244 128 312 117 258 229 127 441 
152 339 410 278 393 243 144 359 4 382 211 374 395 383 331 264 364 445 
3 64 126 421 98 306 43 322 307 279 256 204 228 265 250 429 440 
287 199 49 337 20 269 65 352 348 416 131 201 156 149 167 164 