218056
17
144 133 326 234 236 203 481 341 314 487 191 88 18 389 296 95 80 352 273 34 152 298 24 307 173 300 151 366 486 187 252 248 
259 316 325 365 459 426 401 178 188 291 114 328 220 289 206 12 414 330 193 355 70 391 198 353 324 
299 44 38 450 348 479 87 275 436 470 192 257 39 127 274 216 331 79 474 21 322 158 329 297 232 83 128 235 305 269 
409 98 319 222 317 210 105 310 427 477 376 357 253 77 183 491 337 398 412 4 61 85 16 8 454 488 334 243 
215 439 384 284 97 204 397 89 47 15 383 370 82 212 390 65 458 369 350 333 277 287 276 60 434 9 250 207 373 420 
422 442 496 67 174 164 74 460 23 66 155 347 286 122 57 63 358 279 31 116 396 321 120 10 241 245 194 293 169 201 
359 500 135 137 456 25 343 363 473 484 244 283 36 189 374 72 380 393 445 455 498 387 385 106 109 
111 75 28 179 96 342 256 268 132 371 255 94 104 27 29 394 312 247 403 379 437 351 266 149 131 159 372 453 478 197 62 451 7 295 107 413 
50 258 301 251 177 26 282 126 166 200 448 170 119 46 76 392 115 360 280 147 476 51 112 311 482 400 196 483 19 490 214 182 91 14 140 
239 335 113 327 395 443 153 402 361 125 172 254 485 338 404 466 32 180 129 157 263 54 421 272 146 405 213 417 411 2 55 306 489 438 121 261 
349 118 368 332 81 186 464 447 271 136 246 281 71 184 440 110 425 386 260 495 86 1 431 285 37 225 265 11 134 73 415 320 336 428 
48 492 33 123 471 345 69 452 377 185 339 430 108 175 294 139 160 433 3 399 143 59 93 230 84 176 117 449 154 99 167 100 5 278 52 354 68 497 
446 362 103 382 171 138 423 441 223 233 142 165 163 162 499 472 156 101 90 202 228 49 190 475 229 231 181 195 209 344 424 224 375 465 161 410 444 
457 217 205 429 494 199 35 40 432 270 58 53 237 493 292 462 315 407 309 124 13 406 290 
238 302 480 435 242 378 218 168 264 388 56 467 30 381 6 323 43 227 288 416 102 22 
468 469 150 367 42 408 364 208 346 17 226 20 267 308 356 304 318 313 145 221 
340 463 148 92 418 419 78 303 130 211 219 262 240 64 461 249 141 45 41 