36201
11
18 51 133 132 107 44 59 82 13 128 143 109 16 114 33 43 71 141 110 149 124 70 38
53 55 42 47 60 6 45 111 36 93 29 145 104 37 92 144 96 73 46 35 142
64 27 140 78 14 131 85 139 116 30 65 11 69 32 119 72 125 24 108 77 56 17 48 34
39 103 120 49 81 112 21 122 9 26 135 115 105 75 86 8 67
12 54 20 91 97 99 25 5 3 87 15 66 101 57 138
63 136 40 1 41 23 98 150 106 102 123 2 4
68 19 58 50 61 84 130 121 100 95 137 127
22 79 76 31 117 7 146 10
80 88 147 62 28 52 83
148 129 94 126
74 90 134 113 118 89
