47836
19
143 168 200 127 70 98 49 175 123
12 83 134 180 50 103 119 72 185
138 77 113 194 184 129 136 80 94 102 88 131 99 152 22 56 122
8 183 76 4 31 95 156 24 162 5 137 147 148 58
84 160 107 112 124 195 128 43 87 10 29 3 18 55 74 192 188 64 149
146 33 32 35 172 163 17 125 106 159 157 20 120 82 61 78 116 167 114
75 7 150 60 176 130 45 89 6 39 154 140 34 1 68 186 42
28 173 81 142 90 179 46 97 93
117 190 111 91 48 118 86 178 37 15 165 197 51
21 41 44 144 9 166 191 164 171 62 52 23
126 19 181 14 63 141 38 109 108 153 121 145 30
36 135 79 16 182 133 177 59 96 69 11 198
67 2 187 110 115 104 155 189 40
25 105 158 199 196 169 100 132
53 170 101 71 85 54
66 193 13
57 161 65 151
92 27 174 26 139
73 47
