100302
23
79 56 151 241 114 185 156 12 187 75 169 68 136 3 116
128 74 211 203 17 37 179 52 121 55 71 1
245 244 160 208 190 182 155 159 176 87 15
60 168 247 222 146 119 147 126 183 20 38 154 50 205 93 115 158 53 198
106 5 7 195 18 44 138 95 139 11 161
30 111 209 140 86 181 194 62 67 103 174 26 189 90 212 164
163 59 170 63 118 14 152 249 157 192 65 24 153 202 129 134
141 177 199 72 2 78 132 6 224 89 4 142 166 58 76 127
250 131 96 61 66 10 184 97
105 64 144 45 23 172 125 69 102 210 82 117 191 42
40 148 201 80 130 101 29 167 27 231 41
145 94 239 48 229 207 218 235 49 213 112 232
180 25 21 137 46 51 204 57 246 242 84 108 16 162
36 227 175 223 200 92 197 236 216 173 233 238 110
135 120 77 143 73 196 237 171 104 9 234
226 98 228 83 220 206 85 240 43 47 99
225 100 39 219 165 230 248 33
28 122 215 91 178 113 22 32 8
70 31 54 150 221 13
19 133 124 109 193
34 149 243 123 81
186 217 88
107 214 188 35
