76129
37
175 33 258 164 9 181 214 265 276 107 217 2 229
52 54 133 209 178 21 170 231 208
207 293 291 106 271 42 262 102 45
277 50 34 129 131 300 220 245 126
83 103 210 243 113 202 222 281
58 105 80 299 235 203 48 199 240 122 36 143 139 61 44 136 56 60 62
270 35 226 234 23 180 49
155 211 263 278
82 137 147 267 59
4 241 236 5 283 190 134 151 244 66 153
11 162 167 273 248 99 88 252 166 288 110 154 115 260 18 225 116 177
161 93 96 98 183 251 232 173 74 142 247
24 125 289 14
239 259 127 230 159 26 189 264 144 86 176
227 215 57 17 22 121 100 16 188
13 39 94 182 274 238 257 272 135 47 185 95 196
25 285 78 171 261 193 233 275 71 140 148
81 27 85 12 72 84 179 191 51 32
150 294 268 256 186 120 266 132 200 254 296 152
20 46 28
70 269 101 89 286 130 219 197
43 168 64 123 204 290 292 212 223
97 19 55 160 76 169 1 282 280
38 163 218 145 158 184 242 192 75 77
114 117 221 172 157 68 149 237 79 87 187
91 37 253 284 250 65 249 141
8 128 112 119 104 69 73
124 156 298 228 246 165
279 31 194 30 29 118
201 295 90
63 108 40 206 146
10 198 224 109
15 53 213 92
41 205 111
6 287 3
7 138 174 195 216
67 297 255
