141284
47
220 86 102 329 6 159 5 348 35 317
116 121 120 257 343 104 77 27
336 52 74 169 61 162
216 68 16 152 136 185 94 191 15 247
140 31 302 258 237 177 200 272 313 304 195 23 125
4 48 297 224 78 341 178 262 2 277 100
135 243 233 134 41 249 3 299 236
251 342 273 138 14
337 39 215 173 81 163
132 22 307 106 248 13 115 153 50 154 79 167 56
316 327 174 91 63 253 126 19 95
217 282 300 289 181 42 279 188
296 182 108 234 330 158 194 309 338
260 110 301 318 76 47 112 105 278
284 203 186 201 269 164 32 142 276 143 325 107 146
324 226 165 291 295 280 73
57 36 235 111 238 328 209 211 123 332
26 197 319 58 208 18 305 128 254 60 183 37
193 308 190 242 344 263 290 70 265 59
150 71 38 99 306 231 130 85 54 9
244 286 241 204 53 46 219
267 149 223 51 294 335
326 29 221 266 98 264 274
65 331 80 240 293 281 62
30 222 155 28 20 103 205 271
287 310 246 180 127 119
268 213 184 315
147 69 228 17 347 255 166
202 72 25 285 314 230 312 129 151
101 283 75 10 93 44 176 245 199
218 225 172 64 311 346 12 321 21 34 259 88 168 148
118 124 83 24 227 261 229 323
187 55 137 207 157 320 161
170 171 131 43 49 67 340
288 333 250 114 232 109
113 192 275 139 179 212 122
189 298 84 206
160 349 82 7 11 1
345 90 92
87 239 8 292
133 256 339 33
334 210 97 252 198 144 45 96
350 117 196
40 214 270 156
141 303 322
145 66
89 175
