166774
70
320 349 241 23 367 147
250 222 49 101 50
208 119 304
375 66 129 373 104 352 171
190
296 351 18 248 193 149 376 97 299 35 267 21
25 245 234 271 214 94 79 253
17 347 335
254 303 65 308 284 36 170 205
311 383 87 133 82 135 191
362 45 70 210 1
336 262 169 160 138 179 74 69 134 131
5 340 28 325 166
386 184 227 295 255 360 2 187 71
54 185 95 329 14 67 290 294 6
316 151 247 150 385
302 219 314 162 378 276
323 393 198 268 266 357
387 275 90 192 229 211
173 110 356 56 80 88
391 369 76 256 389 399
315 339 261 338 348 61
331 346 68 177
116 195 84 240 117 233 145 355
146 282 118 197
217 279 156 16 143 366 257 286
98 297 59 374 264 161 51 176
155 194 400 7 85 181 81
189 182 8 202 251 310 137 309
126 228 301 174 164 235 43 30 142
394 365 200 300 392 72 107 243 12 281
201 390 46 62 269 274
226 153 246 78 96 99
263 260 305 236 41
120 168 37 364 354 121 175 103
337 322 167 11 312 93 319 24 278 324 330 321 106
221 63 293 326 15 277 58 285 215 26 188
291 368 372 252 91
370 112 280 29
38 157 377 223 111
48 292 13 204 75 132 384 328
327 359 259 216 34
242 398 212 237 100 220 53
230 225 178 33 231 380
397 363 102
32 148 127 345
124 86 165 4 136 144 358
44 396 272 371
379 115 317 334 122 186 73
27 307 163
342 224 154 258 128 350 64 57 395
207 382 105 141 287
298 3 313 20
333 341 183 152
353 55 40
343 273 77
318 158
199 52 39 9 332
388 361 206 381
244 289 47 249 92 288
83 238 108 114
109 196 218
19 31 130
265 270 239 42
232 283 123 60 159
180 10 22 306
213 209 113
203 125 89
139 172 344
140
