318558
42
116 103 208 414 145 321 83 407 153 402 8
413 88 430 193
222 325 262 162 260 363 424 431 263 195 217 324
22 349 232 397 275 6 362 398 215 261 183 289 185 100 373
244 317 29 42 274 418 56 191 130 180 32 163
141 406 60 142 328 94 104 51 155
296 186 399 192 89
68 203 221 45 90 292 220 387 47 305 235 63 379 87 315 55 281 329
446 314 323 189 99 2 73 129 120 115 311 338 252 327
19 297 368 17 365 437 78 58 376 26 319 200 238 449 13
280 270 52 82 267
92 154 288 209 394
46 370 366 218 96 109 408 346 210 417 95 11 151 241 171 347 124 432
411 318 285 84 138 351 216 177 226 182 306 196 44 364 367 174 39 301
242 409 371 276 158 353 224 137 178 240 159 206 320 332 35 77 123 33 175
313 428 249 294 435 404 427 69 102 41 257 72 375
372 113 139 197 119 214 53
245 282 293 246 136 443 291 135 70 110 426 219 202
343 122 391 304 423 28 334 342 237 335 333 194 160 107 440 344
147 377 299 97 236 303 108 93 380 336 15 66
9 1 25 403
212 61 392 114 168 24 290 298 121 415 133 134 125 14 223 309 201
341 266 361 81 118 360 170 187
106 176 253 67 442 198 259 358 12 85 165 190 357
422 36 166 227 300 48 268 188 283 401 239 420 173 181 356 316 54 277 382
59 381 378 447 412 273 21 205 80 199 18
247 248 150 384 355 172 76 410 251 225 369 101 169 354 131 65
433 230 405 50 286 295 7 98 86 10 388 255 450 146 439
34 330 284 254 302 448 27 444
213 91 148 157 30 74 419 112 5 143
233 234 16 425 23 340 127 350 385 416
272 441 37 207 436 79 31 128 434 326 38
390 264 40 386 438 117 307 445 331
389 179 140 105 204 345 229 258 161 4
308 132 396 184 312 64 144 310 322
271 3 152 400 111 164 231 395 383
339 228 393 71 126 348 421 278
279 359 269 75 20 62 352 337
250 256 156 265 57
243 167 149 374
43 287 211
429 49
