377298
64
326 234 203 298 236 173 38 80 12 16
18 352 178 10 220 60
307 88 206 39 144 314 252 379
366 275 436 474 296 196 34
401 259 348 325 337 413 191
300 289 486 369 389 84 291 355 24 95 188 77
316 391 479 341 152 79 330 384 127
70 414 105 193 487
458 44 66 151 114 261
21 328 82 491 23 329
331 242 434 83 450 297 322
192 454 235 198 65
334 8 210 319 310 216 439 61 305 201 324 253 357 115
398 284 484 183 274 295 47 277 187 459 174 381 207 96 477
97 397 488 85 204 422 222 250 287
373 15 122 478 75 370 383 215 496 317 87 248 350 299 286 170
212 194 164 74 279 374 67 63 119 376 371 269 321 442
342 390 276 333 415 426 282
57 155 120 358 351 232 283 9
25 420 241 293 116 158 257 89 91 31 255
393 387 380 500 102 445 258 344 365
106 247 363 169 243 456 143 214 172 128 327
460 19 179 266 36 7 213 62 131 437 137 104
180 498 256 159 181 343
427 453 451 197 385 268 312 166 113 360 167
186 107 492 490 396 251 94 182 359
51 254 347 177 72 392 272
361 311 28 482 280 58 141 400
26 27 403 55 372 69 485 2 14 452 46 147 56 244 98
402 447 86 246 111
125 335 448 466
417 404 140 443 112 489 285 184 483 405 336
421 157 146 332 377 425 440 495
118 239 368 32 464 338 411 81 17
209 271 225 349 100 134 386 185 471 76 395 153 3 273 260 123
37 320 135 449 472 313
263 281 110 73 160 399 136 412 124 149
433 11 230 429 109 165 103
108 441 54 306 48 200 245
354 265 59 278 382 233 476
171 195 270 99 5 424 142 101
446 228 229 199 375 423 43 49
231 68 470 345 430
499 467 190 52 457
444 497 202 290 139 406 126 410
161 117 1 418 163 71 93
292 227 353 428 435 432 409
138 339 29 462 431 323 33 90
50 156 294 154 438 189 217 132
264 176 394 175 6 22 40 493 455
162 30 150 469 407 481 463
408 221 42 494 35 13 356 340
468 78 205 92 129 309
315 223 237 121 318 218
480 133 238 378 346 20
168 475 304 473 148 226 4
53 262 362 301 461 224 219
41 64 208 367 465 302
267 288 416
45
145 130 303 308
388 240
249 364 211
419
