50
142 171 70 85 1994
194 58 72 179 1224
59 22 182 48 1202
194 137 144 155 1261
152 127 16 119 1846
145 1 183 15 1954
85 67 114 101 2000
71 52 60 67 1445
187 191 151 140 616
54 60 29 165 1263
64 137 69 39 976
47 136 157 200 1093
158 126 183 155 952
93 129 55 196 1772
63 147 149 34 1727
13 123 175 126 1210
132 86 55 76 1539
184 46 176 33 1593
133 103 151 184 512
3 185 102 166 986
43 30 25 103 980
158 172 117 56 456
199 39 67 91 1262
152 31 38 129 407
169 124 113 196 127
182 152 108 165 6
45 170 91 46 444
99 193 121 15 1725
100 65 190 36 964
119 73 160 181 708
82 43 127 102 905
20 43 184 40 1354
42 100 164 64 1520
93 87 146 21 1464
175 59 71 157 480
3 107 86 182 1529
177 51 79 41 1014
3 117 98 56 1786
115 193 99 140 201
112 128 40 150 74
42 43 47 73 200
4 111 129 15 395
122 107 12 42 975
34 99 195 115 1739
187 89 184 51 1661
26 125 32 146 1751
149 170 16 186 1251
103 37 74 193 1915
127 2 173 166 413
143 64 35 120 587
0 37 25 3 23 48 14 34 15 31 16 42 14 15 30 50 0 7 43 8 29 32 37 39 19 13 43 6 28 46 26 18 49 47 31 7 22 34 26 47 38 21 12 45 48 34 17 42 39 15
40 0 40 27 32 28 20 2 45 9 42 24 43 30 40 1 30 38 27 42 45 39 41 5 21 10 47 10 11 28 12 27 5 43 7 25 35 39 17 23 9 6 16 29 32 45 1 28 40 14
31 5 0 22 31 15 43 14 20 29 33 45 21 35 20 13 49 21 49 34 39 44 18 24 20 0 17 5 13 36 37 36 23 39 44 40 50 36 26 48 22 14 34 3 21 15 27 21 3 25
29 41 22 0 49 7 11 35 20 34 14 9 41 38 43 50 9 46 24 11 7 14 14 12 15 4 43 49 20 13 5 14 26 49 37 40 19 27 40 12 8 44 19 2 9 11 14 11 43 11
40 0 38 23 0 15 1 50 30 35 36 45 15 21 12 38 41 13 1 6 41 17 5 37 29 36 44 24 23 4 35 43 34 24 12 8 43 29 18 19 18 28 47 46 16 5 11 40 6 25
47 6 21 32 19 0 16 30 37 44 19 44 45 18 45 38 18 21 32 41 43 47 9 32 44 37 4 44 2 38 17 10 46 13 7 21 46 46 3 42 6 50 16 36 19 16 18 45 39 22
34 9 33 37 18 35 0 19 12 31 20 1 4 30 48 42 30 24 5 17 3 49 32 23 40 5 32 17 33 42 41 34 42 0 48 23 2 17 0 49 43 2 46 22 17 49 36 23 0 3
37 47 28 11 28 35 34 0 44 7 44 17 17 31 6 8 11 29 31 50 27 3 39 10 50 31 40 23 47 10 2 8 32 15 38 28 26 24 48 34 50 17 5 3 1 1 37 42 25 1
38 22 19 5 38 33 33 0 0 20 0 44 23 48 20 12 11 1 15 5 46 19 28 39 8 45 15 24 22 27 9 26 46 30 43 4 46 30 28 44 12 30 1 50 10 3 4 2 19 17
50 32 27 36 33 34 15 27 29 0 11 13 3 0 6 49 16 2 31 33 11 13 6 26 47 17 41 37 18 39 37 23 4 32 41 12 3 20 47 12 17 21 2 29 16 24 16 25 33 40
33 24 35 1 37 49 33 21 37 4 0 22 10 11 30 18 19 47 48 34 48 22 3 17 40 25 12 29 24 39 0 43 48 26 22 28 34 34 19 11 36 32 1 50 44 45 42 0 47 3
8 27 42 10 2 31 33 28 33 39 48 0 14 36 42 14 3 27 46 49 12 49 49 45 19 15 43 49 20 35 3 15 17 0 37 24 15 6 22 24 30 29 18 5 39 33 30 6 1 8
49 34 33 49 12 10 1 16 27 28 27 7 0 13 34 49 36 46 47 29 26 6 44 22 9 8 50 40 16 4 22 45 43 33 21 29 28 32 20 30 42 41 2 33 15 2 38 36 16 9
46 47 49 45 0 33 0 1 28 25 49 11 45 0 28 6 24 35 42 9 27 44 40 19 7 25 20 21 5 44 43 30 19 26 28 4 37 2 9 39 4 39 32 10 33 14 28 25 8 16
33 3 3 46 49 20 8 29 22 23 16 1 28 38 0 12 30 4 44 5 47 41 27 19 36 45 25 45 20 49 19 22 39 17 42 50 37 27 20 11 37 6 6 27 46 32 35 44 32 4
21 50 34 42 29 6 41 4 12 35 1 31 21 13 45 0 5 3 7 3 30 35 7 49 25 29 0 32 21 8 48 30 42 40 25 0 50 5 23 34 12 18 1 32 26 42 14 35 26 28
37 48 18 49 50 21 38 6 4 37 21 26 4 1 36 10 0 30 50 41 0 0 27 0 8 25 37 10 48 15 29 44 36 26 18 44 8 35 32 45 14 40 9 50 30 46 28 42 15 17
45 31 24 16 3 17 49 23 41 5 49 7 5 32 12 26 15 0 18 36 8 40 25 4 20 22 42 5 19 21 1 33 40 10 38 15 16 43 23 48 47 4 40 8 4 22 49 6 2 3
32 3 2 4 50 16 49 48 22 12 34 40 4 10 22 41 37 48 0 47 24 44 21 0 1 6 5 8 10 36 33 3 32 50 31 18 3 26 5 36 23 27 48 24 37 32 42 30 31 49
15 34 22 26 33 30 41 49 5 12 21 5 43 16 25 7 13 10 7 0 16 50 12 31 31 5 46 34 24 15 26 27 42 25 25 45 44 18 2 3 24 0 39 42 9 18 4 46 40 25
23 40 26 11 1 6 28 37 25 35 21 5 27 33 35 2 36 42 44 37 0 43 17 25 36 34 24 38 24 15 45 10 13 35 27 41 28 16 30 22 28 42 27 22 14 5 32 18 31 8
13 3 21 5 16 10 28 15 3 29 9 26 24 12 14 44 6 11 13 50 28 0 33 12 18 19 4 3 45 10 36 49 12 4 4 44 13 25 48 31 36 3 30 35 42 25 19 46 11 37
43 1 12 25 17 36 8 31 43 25 22 15 24 8 24 4 16 50 18 42 0 47 0 27 11 26 49 38 30 47 30 21 34 41 38 43 17 12 17 37 39 50 29 48 44 49 44 31 41 14
12 46 25 30 4 21 36 17 38 45 22 27 34 2 34 17 4 9 13 28 22 45 32 0 28 22 23 12 0 3 43 43 20 18 8 44 35 45 3 13 34 28 14 48 16 9 29 14 21 37
7 16 50 3 48 42 41 18 50 18 17 17 42 50 20 5 30 0 23 27 20 30 18 32 0 50 22 8 44 27 13 20 7 12 30 13 3 11 16 20 15 39 21 29 8 25 37 50 12 18
19 15 38 17 3 37 26 5 10 22 29 16 36 8 46 31 24 28 31 12 39 22 43 21 47 0 15 17 20 48 33 49 27 28 6 11 40 37 12 0 6 1 13 23 7 42 14 5 40 38
37 36 13 13 28 28 8 7 38 34 29 26 0 16 10 46 47 6 17 45 23 26 40 27 29 50 0 11 40 14 25 21 25 29 9 2 8 5 36 47 37 26 31 5 35 12 29 10 25 40
41 1 33 19 6 42 47 38 50 0 1 17 22 20 49 37 8 30 40 0 40 20 26 15 50 19 5 0 36 6 23 37 40 36 40 13 46 42 7 39 15 30 8 32 28 3 45 29 49 18
20 45 49 47 40 33 3 19 27 2 44 19 18 6 16 0 41 34 1 36 4 4 26 31 45 19 44 39 0 27 28 45 15 29 20 14 31 18 33 31 43 23 24 2 41 7 47 18 6 31
0 46 30 42 20 7 17 6 19 20 2 49 34 49 14 45 10 3 11 13 44 29 43 12 5 30 16 4 15 0 34 40 45 0 50 38 1 4 14 42 3 8 46 0 48 1 21 3 30 2
23 40 29 29 48 28 29 9 43 49 50 33 29 35 10 21 23 6 45 20 5 49 18 40 23 11 37 14 1 38 0 42 23 48 33 39 44 41 32 12 12 2 41 30 15 23 37 23 25 23
20 39 39 4 20 34 22 5 6 41 6 35 33 2 40 29 47 17 26 2 4 41 6 31 47 34 13 0 32 5 32 0 10 5 4 35 7 37 13 47 30 30 0 41 6 0 50 45 31 8
8 42 39 31 7 23 42 25 31 2 2 26 17 34 34 22 49 42 27 38 15 42 21 39 24 25 3 40 27 35 45 1 0 36 3 36 29 35 9 4 18 40 44 3 15 28 3 12 24 32
46 22 1 48 19 23 6 12 45 38 6 18 43 14 13 17 37 15 16 38 24 42 43 41 47 14 35 37 42 10 40 1 36 0 5 3 24 4 50 29 43 29 15 33 8 33 43 24 6 22
19 35 28 16 19 44 4 34 4 13 45 15 27 10 24 50 44 14 6 36 38 29 50 11 9 17 47 11 17 24 49 2 17 21 0 32 22 50 34 17 1 30 31 15 5 9 46 12 4 50
14 30 39 41 13 14 1 5 5 21 49 13 16 23 49 11 32 45 24 42 4 27 23 1 27 13 49 23 29 11 22 7 16 49 44 0 14 34 34 10 12 24 50 49 10 36 38 46 10 10
33 18 49 7 33 8 40 44 37 5 42 1 26 5 28 17 4 19 30 34 27 12 29 32 24 45 30 27 20 49 3 21 26 25 6 46 0 33 30 24 23 34 29 33 3 27 46 1 26 28
20 20 50 25 24 35 2 39 8 17 1 21 30 25 43 32 18 49 43 47 7 37 8 26 13 22 29 33 3 3 18 47 33 17 0 47 10 0 7 47 45 21 24 17 7 27 43 41 29 17
32 9 6 32 34 23 28 33 34 5 21 2 32 31 12 39 5 28 30 11 29 8 18 25 18 38 36 37 34 34 43 24 25 21 6 1 21 45 0 47 30 33 46 25 33 7 29 11 34 48
50 12 27 27 17 12 13 15 17 13 35 37 10 5 50 46 31 3 14 14 7 39 2 31 7 6 14 14 10 27 38 41 20 38 6 25 18 12 19 0 44 33 50 32 50 7 21 22 6 2
15 47 24 30 11 1 20 24 12 26 29 13 20 40 34 32 13 22 14 12 23 43 40 11 36 40 16 0 33 37 5 10 14 3 37 6 17 0 18 50 0 19 36 50 36 44 37 30 40 7
38 20 27 12 31 38 46 29 9 2 11 19 38 0 39 21 1 2 29 50 45 8 42 22 32 1 15 18 47 41 38 46 26 25 2 14 32 11 10 13 28 0 50 16 37 11 46 6 47 25
12 19 41 18 50 42 11 40 45 6 46 24 7 49 30 42 26 30 24 19 21 20 10 3 50 39 49 38 5 35 48 28 15 16 46 21 49 30 8 26 7 34 0 30 12 7 46 9 28 41
27 46 19 20 31 14 3 48 48 26 11 38 15 20 50 49 0 18 6 16 45 18 20 18 23 1 50 40 16 26 26 24 48 9 43 34 19 0 16 2 20 20 6 0 49 2 31 23 21 22
30 15 36 21 34 30 31 19 35 15 20 12 8 8 48 11 8 45 11 11 5 20 49 21 0 32 30 36 45 9 19 35 46 44 28 43 38 9 46 35 38 34 27 3 0 17 18 1 1 16
50 13 18 25 2 17 40 17 9 45 23 17 39 18 14 21 0 5 19 10 13 18 16 6 8 27 13 50 34 43 25 22 20 5 8 40 23 8 11 36 48 0 9 11 14 0 26 28 0 1
28 22 50 48 18 46 18 37 4 26 27 1 33 5 10 46 9 21 32 24 39 34 37 32 9 20 17 14 5 40 50 44 14 38 44 7 16 40 9 19 25 47 4 8 33 21 0 36 43 19
5 15 8 0 34 13 11 37 4 37 30 47 8 31 5 33 43 8 12 49 19 30 36 15 20 36 23 0 32 38 26 43 23 46 39 14 27 39 15 28 0 48 31 3 11 7 27 0 21 27
14 6 43 10 17 41 7 29 2 31 9 27 41 16 26 39 46 29 39 39 41 25 6 19 31 15 10 25 44 32 10 15 24 34 44 50 40 42 48 41 49 5 9 43 24 8 45 9 0 13
29 20 1 19 44 18 44 50 25 36 18 11 6 26 47 12 5 49 35 31 30 34 5 27 4 3 0 17 43 6 31 30 39 12 37 2 48 18 49 19 21 27 38 18 3 16 0 27 29 0
