150
24 28 58 118 1603
118 23 80 175 689
138 29 186 188 1112
4 86 142 113 436
199 34 141 145 1255
68 104 155 45 1561
60 134 21 31 1629
167 23 11 85 1724
1 78 30 184 695
19 34 35 68 52
42 102 31 63 482
99 136 22 51 1570
104 3 87 145 1908
35 66 140 180 1776
161 141 129 127 1201
76 131 76 75 1775
48 158 94 185 232
126 80 75 54 1428
30 42 24 173 1131
45 97 58 76 1052
73 41 143 195 542
13 31 170 55 322
129 193 183 98 1726
76 193 132 86 775
101 49 127 144 979
174 175 109 153 508
129 112 161 14 368
19 139 60 80 1288
143 69 118 71 1589
55 91 18 194 149
16 157 118 7 201
26 134 69 158 1704
16 95 196 167 598
192 129 200 168 950
172 129 194 179 429
45 157 155 29 614
144 24 74 37 151
63 162 91 57 717
11 200 60 189 908
140 120 135 5 545
46 88 32 5 1843
167 70 110 66 847
139 103 180 189 85
75 89 130 86 1938
80 9 14 60 1270
32 114 22 54 1583
121 150 135 188 1000
165 93 5 19 780
30 136 43 75 1889
139 38 92 42 28
113 13 146 148 952
200 82 196 167 570
77 153 157 164 1291
45 151 144 198 581
164 56 160 104 329
134 150 4 176 1887
125 30 76 166 1566
82 23 108 122 1057
124 99 170 38 1546
96 184 162 123 632
131 189 88 130 1712
85 115 29 150 1518
34 193 118 147 1485
180 162 157 36 1857
158 89 188 171 633
81 172 189 151 961
44 9 21 66 49
190 149 184 193 513
162 187 188 80 528
38 15 140 167 870
46 48 108 60 1414
186 6 75 115 801
142 121 57 9 1357
66 38 169 161 286
168 160 28 196 1995
148 148 48 8 316
122 169 136 92 906
61 171 184 13 1748
28 93 48 122 1612
148 106 39 126 758
138 3 61 87 272
78 17 160 89 1004
74 147 61 75 1649
100 119 97 33 654
93 90 130 136 1456
34 165 178 46 1346
142 165 3 97 1999
164 194 79 128 1752
177 32 89 79 561
153 135 138 183 829
83 111 195 110 1106
79 4 119 23 738
137 109 165 71 400
105 97 138 155 1748
3 173 199 125 1915
65 103 50 44 1478
197 140 125 148 1429
58 90 141 142 1716
41 35 113 115 203
30 113 177 63 589
33 112 112 47 1896
153 194 76 198 443
197 139 156 55 1017
83 187 72 67 1454
50 97 102 120 819
17 17 141 171 1287
105 143 177 102 1312
77 200 37 9 1026
145 179 82 143 906
33 149 45 90 140
101 190 186 132 119
82 4 118 100 1140
145 79 33 4 258
63 116 142 30 1112
58 18 22 192 283
136 20 179 113 33
181 172 65 190 988
184 41 22 107 725
31 7 136 19 1150
95 84 32 26 1139
196 48 122 182 1881
164 5 178 136 632
102 14 146 125 229
187 152 197 22 1647
137 161 12 103 369
49 151 46 90 1418
200 41 43 57 1622
150 160 94 17 1992
190 80 5 186 1412
37 84 58 155 1513
181 46 39 41 1553
138 86 93 154 252
90 63 27 63 1611
52 89 68 37 1966
5 107 3 118 1724
150 181 72 87 1593
31 141 178 57 1024
45 147 112 147 1791
46 54 176 62 1870
120 112 17 157 851
116 185 85 73 207
194 44 142 58 1558
102 168 113 48 1741
35 181 191 100 573
200 131 105 58 280
69 26 27 17 1955
74 72 101 152 958
13 171 41 13 891
1 87 133 119 1284
5 170 37 62 1688
0 43 26 1 7 30 16 10 39 35 42 38 33 3 23 8 41 44 46 4 42 35 13 8 0 16 41 28 14 28 27 50 21 29 36 38 32 15 4 20 41 50 46 49 6 27 14 43 42 24 3 23 12 19 45 3 15 29 12 22 47 13 4 33 0 20 3 47 7 3 8 14 13 14 10 37 44 47 16 35 6 48 9 36 16 20 13 44 25 19 13 43 4 12 8 41 25 32 9 11 7 21 48 25 8 5 1 35 32 1 42 24 23 2 47 13 40 2 41 37 49 43 31 37 42 12 45 30 20 37 23 7 48 1 36 20 36 38 24 42 12 26 38 36 37 35 14 21 12 29
44 0 16 14 36 18 25 32 26 9 24 20 45 35 20 23 6 47 28 3 31 4 18 44 25 7 20 32 18 2 2 39 44 14 27 41 47 30 30 25 21 0 34 30 43 39 48 18 42 50 33 12 45 20 20 25 49 25 29 43 17 40 34 22 26 23 20 41 39 12 22 25 20 42 33 47 15 21 35 33 37 50 36 20 27 47 27 45 46 49 34 49 49 19 14 31 4 35 22 10 32 5 48 2 15 4 5 19 5 47 50 7 33 50 39 38 21 27 6 17 22 11 48 33 20 5 18 40 19 15 31 22 44 35 37 41 35 29 20 49 25 15 10 39 50 35 14 35 11 13
9 32 0 11 1 40 19 36 38 9 36 49 19 17 7 48 42 36 3 40 42 20 19 20 43 23 41 20 45 21 13 44 42 8 5 46 25 8 39 26 35 5 4 33 27 49 40 46 8 20 27 11 28 21 1 16 33 27 26 2 23 14 18 49 48 7 41 30 8 39 49 27 14 31 10 44 17 11 36 26 23 41 24 29 23 21 38 1 47 20 0 3 20 33 20 7 5 10 29 21 9 20 11 29 50 42 26 26 39 21 42 26 12 30 41 11 50 30 48 21 24 48 5 44 20 0 29 14 3 42 25 37 38 46 20 33 27 34 41 39 35 40 31 15 1 46 20 29 16 25
38 19 45 0 14 15 29 48 7 19 15 25 17 24 12 26 30 50 17 46 22 21 12 9 40 4 19 10 25 38 19 34 36 37 32 34 10 3 37 3 43 4 37 14 23 19 45 15 35 12 12 39 37 1 36 26 46 49 46 7 40 48 26 25 2 25 21 31 3 21 40 48 13 45 11 45 29 14 34 26 28 29 11 46 23 36 12 43 23 3 2 49 46 1 24 38 11 14 15 6 11 43 4 14 48 13 31 30 1 30 38 2 22 23 9 44 50 47 1 46 43 1 23 39 20 6 11 39 11 44 29 1 2 17 4 47 48 14 1 12 49 11 2 12 30 37 13 15 22 7
21 36 0 38 0 45 28 7 31 11 36 45 13 41 42 43 11 15 33 37 33 24 8 33 49 39 38 15 41 19 5 35 26 13 11 27 48 15 0 21 3 36 36 23 16 46 2 7 35 28 18 47 14 44 5 15 49 5 43 46 8 10 10 25 50 17 25 17 43 2 26 11 16 48 34 44 28 45 42 39 5 5 35 4 33 45 6 43 33 24 19 37 14 20 0 5 32 12 42 18 24 43 30 21 17 12 3 35 46 16 49 44 22 1 3 13 0 17 35 26 22 33 17 25 44 49 43 6 15 8 25 42 40 25 4 20 7 29 14 22 32 7 1 37 44 42 45 46 3 21
19 42 27 28 46 0 8 24 28 11 11 22 1 17 20 0 6 42 23 23 24 19 29 12 32 25 12 48 0 38 17 9 6 5 38 47 22 2 39 30 14 45 30 18 27 30 24 36 39 8 47 50 8 6 29 37 24 11 42 17 22 0 48 9 16 19 5 47 48 36 19 18 13 32 34 16 18 37 42 9 50 34 22 19 44 42 24 39 38 36 43 12 17 39 10 36 0 21 34 46 25 39 1 29 14 7 24 19 0 40 29 49 13 3 15 23 37 33 30 48 8 49 15 46 44 5 47 22 17 40 45 3 49 16 43 43 10 28 44 44 40 23 8 30 12 19 10 8 43 39
24 20 3 40 41 23 0 0 3 16 27 47 25 36 36 28 8 42 42 47 18 36 7 49 44 42 32 44 20 14 1 30 40 0 6 20 37 6 5 21 18 16 5 34 30 6 34 21 32 4 50 13 37 33 0 21 3 20 45 29 18 20 24 46 20 34 3 35 23 24 47 39 38 43 18 28 48 46 14 16 19 29 36 35 3 33 37 47 41 3 29 14 45 15 34 10 41 49 2 47 7 8 49 29 4 20 40 40 27 10 17 26 6 39 22 47 18 1 25 11 34 6 24 46 11 15 47 2 7 11 15 38 40 21 43 31 19 2 9 43 5 47 11 47 33 48 0 20 8 8
4 37 15 45 31 24 47 0 7 44 14 46 32 35 43 5 44 31 34 41 38 45 43 21 28 14 31 24 29 1 26 15 36 50 5 36 26 22 2 26 39 33 40 11 22 38 31 47 3 18 13 31 46 20 37 47 6 23 16 27 47 41 40 36 41 3 0 29 3 15 17 40 32 27 35 46 33 7 46 38 9 8 38 48 11 29 9 26 46 37 32 25 34 5 44 48 39 40 36 41 3 9 26 23 19 2 35 46 2 10 41 1 43 29 10 23 20 10 48 48 48 36 35 3 22 37 24 38 20 41 36 8 23 21 34 20 11 32 28 17 6 37 36 33 3 5 45 28 50 13
21 7 18 33 37 8 47 29 0 35 32 33 31 27 37 37 33 45 42 33 35 37 26 15 0 24 29 12 47 2 41 18 41 12 24 2 27 34 41 1 16 29 25 19 45 42 12 36 48 4 32 32 5 15 48 14 48 33 6 39 20 23 45 1 11 29 5 28 3 0 6 50 30 25 28 10 46 34 49 14 15 16 11 20 21 31 10 27 47 25 34 16 49 11 50 28 10 20 13 48 3 42 46 3 17 32 40 6 39 48 27 13 9 11 49 41 19 22 42 10 26 25 4 17 36 22 10 41 28 24 4 11 38 20 43 48 18 20 0 13 7 20 19 34 24 37 6 8 19 46
5 46 4 7 20 30 46 22 35 0 36 21 23 8 2 17 4 39 44 27 9 43 7 41 37 17 19 6 26 42 13 29 39 21 34 35 36 4 37 13 28 32 11 13 24 38 24 31 3 43 45 40 4 32 3 13 48 3 1 25 24 50 18 33 24 3 49 33 17 3 30 14 6 27 17 6 2 35 16 0 45 9 23 30 34 24 47 41 5 11 8 22 3 25 15 22 50 23 25 42 11 33 33 21 12 37 31 29 29 35 42 0 6 24 24 18 14 44 46 0 20 1 23 43 3 20 5 36 22 3 45 19 26 22 2 8 33 14 50 26 32 5 22 4 32 25 17 22 28 39
16 49 1 39 0 8 48 17 2 40 0 32 26 23 1 15 5 20 15 26 42 8 4 8 9 19 31 24 3 32 12 26 21 14 45 47 7 10 30 28 6 43 36 8 41 33 47 13 12 21 48 9 6 10 36 5 17 26 24 20 13 41 27 6 1 28 46 12 44 12 23 43 29 24 45 16 20 39 15 26 10 13 1 6 8 5 20 30 2 46 1 33 27 27 19 3 18 21 5 18 47 2 3 25 5 50 4 36 38 37 12 4 29 35 15 21 15 40 40 1 40 49 27 24 42 29 35 42 4 50 44 10 47 6 21 6 8 25 29 35 18 37 31 22 21 48 13 30 45 19
41 8 23 23 15 26 10 27 33 25 14 0 31 46 10 16 48 12 36 46 39 31 44 12 28 35 12 35 11 40 39 38 36 23 1 35 0 1 1 21 6 31 5 10 10 23 39 36 22 45 2 48 21 45 48 45 5 7 39 30 12 22 28 15 2 35 30 33 15 31 50 44 33 36 39 31 13 6 42 1 1 38 37 38 5 47 28 50 7 23 37 0 26 2 12 33 50 40 17 37 22 3 1 43 27 43 16 30 6 29 22 42 42 14 15 38 26 15 33 23 49 49 33 30 16 0 8 34 43 6 18 39 21 38 0 14 20 31 46 40 29 30 50 3 6 26 5 44 1 45
20 1 38 46 4 21 48 20 4 42 48 18 0 28 25 16 41 28 19 27 41 37 50 3 50 29 49 5 31 11 35 11 39 35 43 0 8 35 15 29 25 36 6 2 2 23 12 35 28 32 26 50 50 16 10 48 41 22 8 27 28 8 23 34 39 12 4 18 27 32 32 22 14 1 39 23 42 50 36 16 37 8 16 40 16 40 9 9 32 18 17 7 16 3 9 42 44 27 30 42 5 16 48 29 41 32 48 43 10 34 11 44 21 20 50 25 11 18 25 7 5 6 49 31 46 0 42 6 35 17 2 48 3 6 41 44 38 5 26 20 7 30 46 17 18 4 26 2 27 11
20 50 13 36 2 32 5 7 16 1 17 25 27 0 19 4 7 42 29 38 9 20 17 37 19 31 2 44 3 15 47 13 6 0 15 26 18 28 9 42 20 39 12 28 12 9 4 26 13 13 13 49 30 42 23 49 37 39 49 5 41 23 10 42 16 27 4 6 39 16 9 19 32 33 40 22 7 46 47 46 50 46 22 18 46 30 47 0 24 37 12 6 50 0 0 19 41 33 34 16 38 12 4 45 42 4 35 30 20 11 8 27 18 1 27 21 32 35 2 23 6 10 34 34 22 50 22 16 26 8 4 43 4 46 8 37 31 43 48 2 31 38 23 33 0 26 11 10 15 26
29 32 27 19 40 49 48 21 47 36 28 24 27 4 0 3 48 40 9 29 19 13 49 40 36 20 37 40 24 31 5 28 29 9 42 24 7 30 31 0 26 33 44 33 16 9 48 3 20 31 31 15 15 14 23 34 43 50 40 47 8 8 22 15 23 7 9 28 13 44 5 36 35 4 25 17 4 19 48 49 34 12 20 4 3 47 34 18 1 15 19 9 20 1 30 16 33 44 49 48 16 29 22 5 32 46 50 2 6 36 47 16 28 50 32 24 39 4 14 37 21 45 20 35 4 8 19 10 15 27 24 3 16 39 46 42 8 31 16 26 14 39 17 8 46 6 10 8 38 20
28 9 11 19 5 30 28 45 23 17 3 9 38 26 25 0 12 2 1 10 26 14 20 4 19 23 11 42 32 31 40 42 1 35 21 50 14 49 33 41 24 18 12 7 48 37 31 9 33 8 19 5 16 46 14 1 31 17 0 14 24 0 46 46 27 21 20 27 43 10 36 6 5 19 44 50 34 1 37 17 37 42 5 32 14 42 12 9 31 6 40 23 37 37 11 24 37 10 11 38 43 34 32 5 10 25 26 42 15 11 15 17 44 27 44 46 45 6 24 6 45 1 11 7 26 3 33 7 14 33 13 47 28 9 38 25 28 17 33 18 41 41 27 37 1 29 41 26 26 46
23 27 31 34 29 24 43 24 27 13 27 1 16 31 32 4 0 44 24 50 20 27 22 2 29 27 19 37 50 44 1 35 32 39 25 19 48 45 26 17 11 0 36 50 19 3 14 29 21 36 6 4 34 12 50 50 13 11 20 13 0 44 28 29 11 40 14 13 27 5 6 15 17 15 22 17 45 21 14 3 38 3 25 0 2 39 29 7 35 3 0 16 11 10 0 37 6 11 48 45 25 24 39 43 29 12 16 14 33 26 1 22 9 22 3 5 31 29 2 48 31 36 11 12 39 2 2 31 14 29 44 37 31 23 6 47 9 50 32 16 42 32 12 9 4 32 14 0 6 4
42 16 45 4 45 2 1 29 48 36 38 43 7 9 26 0 16 0 42 47 9 30 24 16 45 31 14 0 1 42 9 24 1 8 29 10 41 39 38 34 10 28 20 40 15 32 41 47 1 50 17 28 27 40 44 22 28 24 0 2 37 0 39 34 9 36 28 23 14 2 16 34 13 49 11 13 13 45 8 45 17 18 31 48 27 26 31 41 32 29 19 41 45 11 19 19 45 43 50 16 31 4 27 40 31 42 30 37 20 35 29 40 18 7 0 3 24 32 39 30 50 9 1 16 6 17 35 41 9 34 49 19 44 27 8 23 27 16 14 47 32 45 29 46 22 31 3 37 7 22
7 19 14 37 25 44 12 3 31 28 8 35 48 40 24 11 27 24 0 46 31 47 48 1 16 1 47 43 49 11 31 34 10 36 30 23 3 42 49 16 9 40 34 36 28 40 39 26 11 4 21 44 44 50 15 2 2 15 4 8 0 50 42 49 20 4 14 37 25 29 0 5 16 26 1 26 30 21 49 14 1 40 10 21 15 10 36 36 11 28 36 22 15 1 42 28 13 16 14 44 39 15 7 37 38 3 16 17 18 29 34 1 47 46 35 21 17 48 34 44 41 33 44 10 39 11 43 29 3 13 0 49 38 42 25 24 38 30 25 46 47 36 28 17 48 16 4 17 11 45
27 43 12 3 37 33 41 48 23 25 28 25 10 34 38 50 26 25 35 0 36 49 46 30 23 1 42 37 44 29 11 30 0 30 12 19 20 49 26 11 25 47 11 45 38 37 11 32 50 25 34 32 43 38 15 9 20 43 28 5 2 30 26 36 23 27 8 44 0 48 26 28 20 45 19 36 35 30 21 27 15 23 3 22 23 3 13 43 12 28 28 7 25 42 43 3 19 28 44 31 50 44 32 43 17 30 42 1 42 9 12 25 35 0 46 48 20 28 0 40 0 25 28 12 9 29 50 31 24 17 18 41 18 36 35 8 50 41 32 6 38 13 43 49 37 47 26 11 10 27
14 25 2 50 29 40 8 46 24 10 18 31 42 18 41 5 15 36 42 5 0 13 38 45 20 42 24 14 2 4 4 35 16 31 33 49 48 33 39 1 1 16 29 21 37 41 32 4 3 38 31 40 29 9 40 30 5 9 26 15 13 4 24 34 45 1 30 2 20 34 40 43 50 36 16 4 42 36 32 16 18 45 43 19 47 48 3 44 42 21 10 2 8 30 43 23 13 5 43 37 42 46 8 10 4 4 5 35 48 37 30 37 46 10 42 7 13 39 41 6 25 7 45 0 36 48 41 29 1 42 30 4 2 22 31 35 15 19 7 31 45 38 36 35 43 10 1 1 43 15
7 19 49 8 0 28 39 0 40 30 3 21 12 34 48 7 18 41 19 16 9 0 46 17 8 24 14 43 1 26 48 38 20 7 34 8 40 23 32 50 50 17 14 32 32 44 28 49 2 21 30 9 20 3 21 39 46 22 47 16 25 21 40 45 11 47 30 42 15 6 26 25 19 19 44 46 12 2 8 19 11 20 41 27 33 50 28 15 9 27 27 16 28 46 37 7 15 41 48 44 4 48 5 12 20 7 26 41 9 17 36 17 11 27 2 6 32 18 15 39 22 21 25 4 7 4 40 34 40 8 40 2 12 19 33 32 29 22 7 49 0 44 26 12 25 21 44 29 8 35
27 34 21 22 48 28 15 7 8 26 46 26 34 18 1 25 11 3 43 9 29 37 0 41 12 1 6 25 34 23 44 46 9 6 26 27 23 14 7 10 49 13 38 11 16 36 9 11 24 42 36 6 23 44 36 23 32 7 21 26 36 45 36 31 14 37 18 38 18 45 6 14 7 12 19 29 38 4 47 47 6 49 19 21 41 0 25 9 47 26 36 36 10 14 14 19 2 29 14 7 34 5 24 37 10 46 13 43 49 44 12 3 33 15 1 21 27 17 39 0 47 11 47 32 21 47 49 43 30 39 35 16 26 16 39 36 12 46 22 3 42 19 27 7 49 5 41 18 21 17
30 17 0 11 45 46 49 13 36 7 32 36 1 21 3 25 40 36 21 22 32 3 49 0 46 20 23 45 33 17 2 3 25 22 46 2 19 16 18 11 46 39 6 38 47 16 26 26 12 26 46 12 27 33 4 37 30 34 17 2 10 7 31 28 25 50 48 50 24 10 27 14 44 46 19 43 24 49 44 6 18 10 29 48 28 27 38 34 11 14 1 15 17 4 7 11 20 17 16 15 32 16 18 45 48 43 7 34 8 27 37 11 36 20 34 32 41 13 21 15 38 19 40 34 9 36 19 9 19 4 25 35 28 7 18 35 10 30 11 7 4 18 28 48 5 17 9 14 18 49
48 1 16 16 39 2 23 2 38 26 1 3 44 13 28 46 23 45 15 42 9 11 19 28 0 45 48 35 15 14 6 6 28 9 20 38 32 36 15 38 10 17 49 44 5 23 19 7 15 36 2 25 36 48 49 14 8 50 22 48 11 28 10 21 6 34 45 25 44 31 47 31 43 46 17 26 14 28 31 14 14 8 33 29 50 6 7 14 49 40 29 22 41 0 27 19 35 44 10 12 27 25 10 23 35 6 25 28 50 39 38 11 20 41 33 47 46 23 11 1 33 40 11 20 46 33 24 43 27 28 49 1 2 50 5 47 38 22 38 29 33 9 17 37 41 11 25 21 21 39
17 2 6 46 32 10 15 21 37 45 29 2 38 48 35 25 27 46 1 10 50 19 40 23 8 0 45 42 37 7 10 2 27 1 24 43 0 36 33 29 40 50 1 30 46 46 21 14 18 15 12 21 40 47 29 32 25 47 26 26 34 26 25 36 36 7 33 22 15 47 44 45 46 33 50 44 17 50 0 46 24 22 50 37 7 47 9 30 25 19 3 4 10 2 16 33 20 36 33 10 15 24 10 32 40 33 7 25 11 20 42 42 8 17 2 28 42 0 37 40 29 40 25 45 38 8 3 3 4 23 22 10 12 24 6 23 12 0 46 46 10 32 24 26 38 50 19 17 16 38
22 16 30 18 46 0 25 27 29 43 1 8 2 14 33 8 13 1 13 40 21 32 26 43 5 2 0 37 12 13 17 47 0 26 45 6 49 15 20 16 3 40 33 49 46 1 15 7 11 12 49 23 6 0 49 15 47 11 11 14 18 36 42 27 28 43 48 12 39 37 36 40 23 9 30 36 26 0 19 22 29 30 19 26 29 11 37 31 25 6 0 2 44 10 33 5 41 8 28 19 15 45 20 24 14 21 23 37 26 37 23 16 33 27 30 17 50 13 39 17 31 16 23 26 33 33 45 50 40 31 35 3 43 10 28 41 25 27 10 18 47 19 5 7 29 47 7 23 47 29
3 24 21 1 17 50 7 17 36 4 50 39 19 17 14 40 41 8 14 45 35 27 31 48 50 17 5 0 18 3 23 38 41 5 38 49 32 32 21 10 29 2 13 15 43 7 10 10 31 17 12 28 16 14 17 40 2 45 40 2 18 30 11 7 23 8 40 45 30 19 17 16 20 27 8 29 8 39 5 16 22 42 42 35 31 45 38 11 41 43 25 47 21 2 31 3 48 29 11 1 43 25 37 36 28 0 26 35 10 23 10 39 11 47 30 34 47 29 37 23 48 10 10 45 43 1 4 9 0 47 3 29 33 13 4 4 24 36 18 4 8 42 26 29 12 44 11 3 41 4
9 36 14 30 21 17 48 5 28 30 32 31 3 9 3 33 3 35 12 46 33 48 17 34 33 22 49 18 0 38 7 36 11 1 47 29 28 2 48 22 16 30 30 2 13 11 23 6 5 50 25 48 41 50 46 1 6 21 39 10 7 8 8 48 26 39 0 45 17 20 39 36 38 40 38 38 11 38 9 5 1 7 42 49 50 25 11 50 18 5 37 23 14 32 2 3 36 38 22 11 5 15 13 23 35 30 50 9 34 44 34 8 1 16 2 25 15 11 46 21 1 28 12 33 31 28 13 27 24 28 14 32 36 33 12 33 40 36 14 36 33 45 8 15 44 2 21 44 11 33
0 11 17 2 12 49 2 36 17 24 35 20 27 49 18 16 40 33 13 42 26 16 15 29 48 25 28 41 0 0 43 21 18 11 31 35 6 4 14 45 0 34 15 36 33 6 29 6 49 28 33 41 36 24 37 18 22 31 43 44 47 17 7 17 13 8 2 28 34 20 32 19 5 20 27 36 50 43 1 33 9 42 29 16 22 40 41 28 15 3 39 7 4 10 24 34 7 27 43 11 22 25 49 28 35 11 7 15 42 26 48 49 44 31 45 18 27 22 47 31 31 21 28 14 20 24 44 21 28 50 26 39 27 36 13 50 13 15 39 49 38 47 44 17 45 36 45 28 30 35
20 46 48 23 13 49 14 25 16 3 31 25 13 15 25 29 36 24 21 20 36 18 11 34 37 44 14 36 36 45 0 16 40 27 1 39 12 32 42 0 3 43 23 47 30 20 10 50 15 33 6 13 39 22 28 27 19 19 1 4 16 33 15 50 31 14 35 49 35 0 32 19 18 45 1 12 39 4 3 30 10 8 34 31 21 10 1 6 31 21 35 35 13 43 23 16 41 2 18 4 44 14 48 46 6 43 29 35 37 26 16 44 17 5 22 11 47 41 43 2 10 46 49 2 28 36 5 27 44 26 25 17 35 3 15 11 21 0 14 40 36 0 24 20 21 49 46 37 16 4
42 39 27 44 15 12 37 44 13 41 6 46 21 39 45 30 4 46 47 14 17 50 30 12 8 23 21 43 23 13 4 0 42 49 9 7 43 24 18 47 12 11 10 10 11 37 37 22 19 29 8 47 18 24 10 18 40 28 5 18 41 10 26 49 22 23 10 9 35 1 15 18 40 17 12 39 16 36 47 8 13 49 33 11 39 42 11 38 25 5 2 2 47 21 29 29 42 17 35 40 27 43 40 38 26 0 7 48 25 39 14 9 2 38 38 3 29 20 25 47 3 2 44 16 0 40 37 24 21 38 16 8 30 25 20 40 34 22 30 25 9 38 21 19 0 25 5 16 31 17
2 18 39 37 45 16 43 29 16 36 2 50 23 17 40 10 3 16 3 47 32 22 33 46 49 38 1 15 35 7 29 43 0 5 14 14 48 36 36 48 3 10 9 27 4 17 12 50 45 17 0 22 19 31 46 44 0 2 30 45 24 28 2 28 41 36 27 16 37 40 4 42 8 11 24 11 35 23 22 27 5 5 9 22 48 27 7 46 35 39 14 9 11 49 38 49 39 1 7 7 28 50 37 36 33 2 21 35 37 37 24 11 15 50 32 21 48 1 33 20 20 30 39 2 23 49 11 13 6 7 21 28 27 14 4 49 26 34 47 19 11 18 16 47 41 46 19 0 18 24
3 16 46 50 25 40 42 37 16 31 31 19 2 21 19 22 30 18 18 37 39 3 6 46 14 7 41 13 30 22 30 14 29 0 6 40 11 35 10 9 49 21 48 39 15 36 3 10 45 39 19 34 9 4 45 30 25 22 18 24 47 27 45 31 44 33 18 43 27 42 14 27 24 25 36 16 22 48 43 0 40 49 50 26 33 24 9 43 20 6 37 16 1 30 21 17 14 47 14 32 14 49 10 4 11 28 12 45 49 13 11 10 24 27 34 35 8 25 32 48 29 33 38 27 17 6 9 43 12 2 25 4 8 18 24 49 29 40 37 8 21 6 39 30 26 37 33 18 27 11
28 0 26 31 41 27 41 1 20 24 14 18 37 11 44 28 50 0 4 16 49 35 5 7 19 14 16 25 48 0 4 29 7 12 0 38 11 30 22 24 9 20 26 8 17 43 43 5 10 25 42 1 17 28 14 11 40 4 24 14 50 2 37 25 10 2 5 38 33 44 3 34 47 30 16 9 39 38 25 2 48 11 40 45 41 2 49 7 49 1 47 48 3 50 21 28 34 13 13 23 28 15 14 17 39 9 15 4 30 48 10 32 30 11 8 34 47 27 47 43 23 10 21 8 41 1 33 18 22 27 15 6 44 8 33 42 44 49 40 24 1 0 18 7 6 0 39 47 19 10
43 19 17 11 21 18 21 0 44 27 21 17 32 18 25 18 4 5 33 19 34 29 37 44 33 0 18 49 16 42 33 21 46 26 50 0 16 2 32 3 28 41 9 6 43 28 29 39 7 50 32 50 5 3 36 13 15 23 50 19 22 14 10 44 10 18 11 11 8 39 30 10 17 19 36 40 16 6 4 38 8 24 26 17 20 25 46 11 31 23 34 18 11 19 8 11 48 25 9 49 16 10 20 23 23 40 29 22 14 44 11 34 38 15 49 6 29 47 20 17 44 49 32 37 22 24 31 5 49 38 47 47 12 48 42 27 24 28 48 14 8 10 23 10 36 42 19 27 46 0
48 26 33 2 30 50 34 31 32 18 21 29 18 6 17 13 35 2 4 24 20 12 26 40 41 32 30 35 9 41 12 30 22 30 16 18 0 22 38 35 34 7 45 10 33 27 44 43 1 50 33 16 50 10 49 28 30 42 32 24 46 46 1 8 16 1 49 1 27 48 15 27 5 13 7 49 27 46 47 50 50 12 32 34 43 24 46 6 42 35 15 1 48 44 21 19 22 43 15 46 50 31 44 42 16 9 46 49 33 18 2 41 16 22 14 41 24 47 4 10 6 6 11 16 23 49 26 47 20 13 7 4 19 19 10 41 49 26 9 13 29 49 3 2 26 38 34 43 32 31
1 39 19 2 2 32 4 49 50 19 37 37 6 17 11 2 11 5 30 0 28 42 9 43 26 50 46 21 4 39 48 2 1 18 39 19 14 0 3 13 10 45 49 1 33 28 26 20 48 13 12 47 3 18 25 46 2 0 7 41 7 20 9 20 10 3 40 48 34 22 47 10 9 19 41 49 2 24 33 44 1 41 0 5 9 41 45 27 12 20 15 14 22 30 16 20 3 18 14 25 15 18 21 25 0 9 3 7 24 25 49 37 46 8 28 6 16 21 24 17 36 41 39 31 1 41 21 11 21 6 5 4 14 29 35 33 48 41 19 46 39 20 13 8 45 8 39 36 20 11
24 20 3 24 26 17 23 33 19 21 13 27 50 7 23 5 21 45 16 38 6 38 39 9 32 30 39 31 26 8 50 6 34 17 20 17 15 35 0 22 19 37 32 41 48 14 48 0 42 36 19 12 45 22 12 48 27 5 24 42 16 35 29 30 49 15 35 19 41 43 26 12 40 36 38 17 28 50 39 45 48 38 21 26 10 40 41 35 50 31 13 35 47 7 45 38 4 47 3 33 4 1 47 7 14 11 17 3 47 2 42 7 43 16 41 49 34 2 29 9 35 43 20 10 27 2 12 37 41 43 26 5 25 35 47 5 31 27 14 7 24 17 0 12 15 18 7 42 19 49
2 8 28 26 7 13 32 32 49 8 35 17 0 8 10 3 43 9 8 50 19 6 15 7 41 6 31 0 33 48 10 45 32 31 5 3 18 38 36 0 0 8 40 48 10 25 32 7 38 15 27 48 32 27 36 27 47 29 42 7 11 12 40 15 15 6 13 44 22 1 40 13 9 39 44 29 2 14 50 2 19 27 40 37 10 43 29 44 13 38 11 29 39 25 27 14 22 47 7 21 20 5 11 27 17 18 9 20 20 41 8 6 35 46 19 32 9 39 15 1 19 27 47 25 20 24 12 40 46 8 41 16 44 31 32 31 7 14 14 8 26 39 12 11 42 47 14 4 10 37
4 37 2 18 27 46 30 33 39 49 16 6 37 49 20 29 49 0 31 50 0 1 44 25 33 44 24 42 9 43 42 0 48 45 10 31 38 4 41 21 0 40 22 47 31 47 37 33 28 17 37 23 42 17 49 29 12 30 39 19 21 25 20 48 44 47 24 23 40 27 38 36 34 8 14 9 33 1 27 27 25 31 29 5 21 6 13 15 45 30 37 29 13 39 1 42 1 24 45 22 16 43 23 15 28 45 24 7 41 9 7 22 39 6 8 19 24 40 32 32 41 8 42 11 49 26 45 12 30 8 14 24 14 47 6 22 22 47 33 33 40 23 40 10 38 39 4 15 36 5
41 26 39 24 41 3 13 29 4 46 38 31 6 8 26 10 35 10 41 43 33 41 8 13 22 14 32 12 19 13 27 2 37 18 30 50 33 20 22 25 11 0 6 8 24 39 32 3 26 31 7 14 28 10 40 18 24 46 11 49 18 21 31 4 36 31 43 17 36 46 50 29 30 36 0 36 19 1 29 34 12 50 25 14 26 1 11 21 8 30 2 22 21 48 42 29 2 17 2 1 2 4 30 50 45 1 4 50 23 50 37 25 4 25 17 44 29 25 33 48 4 14 34 41 25 24 48 45 24 25 37 26 22 9 34 38 18 16 28 30 21 37 42 47 3 31 21 17 13 28
0 43 7 2 1 6 17 9 9 38 3 11 44 30 37 48 3 11 47 3 42 1 7 32 2 1 35 22 35 23 10 7 3 14 1 49 27 45 38 48 48 19 0 22 44 18 38 31 37 36 2 9 5 36 3 11 25 4 47 27 18 11 44 6 42 23 10 13 12 49 38 21 16 14 6 21 40 5 44 21 48 12 27 49 20 22 13 13 17 31 3 46 47 33 40 35 18 34 5 49 23 40 8 49 46 13 23 11 50 24 42 36 5 47 7 40 43 5 28 38 0 19 33 39 50 29 24 25 36 8 16 16 16 9 48 30 21 10 30 6 9 22 1 9 6 25 11 40 14 44
39 13 42 47 7 17 14 24 36 16 40 33 7 44 33 24 34 23 17 23 30 5 35 31 16 6 13 13 46 25 30 34 25 46 18 20 9 4 49 9 21 34 19 0 13 41 47 28 18 25 42 13 15 49 37 24 8 8 21 5 11 50 41 3 31 34 22 25 5 22 26 7 48 47 44 21 18 5 48 25 13 46 22 1 50 14 22 12 2 45 0 11 27 32 20 5 0 35 11 6 36 21 43 0 23 36 10 8 38 11 45 48 39 17 26 19 25 25 20 47 39 41 8 34 22 4 24 9 36 6 40 30 48 27 16 16 13 35 3 22 48 7 37 25 47 50 20 42 32 42
12 9 4 32 20 22 12 43 28 28 26 8 10 47 19 26 36 42 25 18 28 49 12 0 21 30 0 34 48 1 6 26 4 19 27 26 19 45 48 42 17 20 9 42 0 15 23 35 15 6 36 25 44 6 30 7 48 29 45 5 30 40 36 21 22 34 11 5 16 36 19 49 35 18 33 31 29 42 1 14 19 19 46 26 37 13 16 42 45 31 10 10 45 40 24 13 44 39 8 14 39 27 41 50 37 9 23 42 20 9 21 17 17 23 34 8 45 33 37 15 29 25 46 47 38 7 31 9 13 32 7 29 22 28 44 0 36 39 21 2 28 37 45 10 34 9 40 10 7 20
46 15 31 47 12 23 13 27 42 6 8 31 16 23 35 5 14 1 21 0 17 20 17 37 15 28 2 19 28 50 5 36 30 4 13 2 23 33 1 2 39 40 2 39 16 0 23 3 29 5 18 43 43 29 12 48 29 49 18 40 3 25 21 15 43 46 45 3 9 30 22 8 0 44 34 48 32 3 22 32 0 39 17 32 16 26 33 25 3 45 29 36 17 38 25 7 25 11 2 9 35 7 49 9 7 22 30 20 20 27 11 49 25 36 48 23 32 1 0 12 4 23 28 13 25 14 33 2 17 44 8 2 9 46 13 39 33 15 28 7 4 21 13 30 3 7 46 26 30 19
14 40 8 19 44 26 40 34 21 5 9 36 25 13 44 0 6 20 28 20 20 29 17 26 50 12 19 49 3 50 7 33 8 25 12 20 23 14 18 43 43 13 17 37 2 31 0 16 4 20 41 48 42 12 33 26 19 46 10 9 47 36 37 38 35 36 11 36 32 13 1 13 34 0 13 27 19 25 0 9 12 47 35 10 34 32 45 7 32 3 48 42 0 7 13 13 9 1 44 39 49 27 35 48 39 4 45 38 38 49 47 16 12 43 34 20 7 14 24 2 50 42 9 30 23 29 46 23 7 10 2 29 10 14 50 9 43 49 31 10 36 11 0 48 49 22 23 26 42 10
28 4 21 12 13 48 50 36 27 15 14 33 6 21 19 4 45 8 22 9 38 11 37 48 17 8 35 39 33 38 47 41 43 35 44 20 40 6 13 29 31 45 7 7 8 11 14 0 17 11 44 37 4 37 28 15 38 25 8 11 47 42 25 25 9 20 43 19 23 36 1 14 4 23 45 11 9 45 26 3 23 36 16 26 16 44 20 3 47 9 34 19 23 43 42 31 47 2 38 27 4 37 39 18 1 49 11 44 17 35 35 40 41 9 23 33 44 2 5 25 34 2 43 9 22 49 5 14 42 41 24 4 8 47 32 33 11 30 14 22 2 19 49 20 6 6 38 8 27 33
45 20 20 2 8 22 12 25 34 34 39 6 35 35 31 43 47 7 38 8 35 27 7 48 36 48 39 12 34 37 2 47 1 2 44 5 12 47 11 16 42 6 9 12 22 6 36 46 0 23 33 45 40 31 50 50 31 6 49 46 32 21 18 28 36 10 8 5 15 29 34 8 39 47 24 15 13 18 50 42 10 45 8 5 18 34 44 3 7 2 44 46 6 37 16 23 25 5 20 25 4 43 5 5 0 47 25 3 6 7 38 46 47 31 7 28 8 38 27 29 35 40 7 37 38 22 2 48 36 14 35 43 6 18 43 46 3 21 45 37 27 43 16 7 1 40 2 30 45 9
39 41 23 11 46 37 15 1 29 18 50 41 14 17 0 33 26 35 39 33 45 43 43 13 15 43 41 12 7 39 38 17 26 40 44 30 47 3 0 0 36 49 47 50 4 11 45 24 18 0 41 10 19 18 33 0 49 15 8 44 25 28 33 6 47 3 32 20 36 14 21 44 36 16 15 29 9 33 39 34 2 8 18 22 22 44 10 11 33 16 29 37 1 47 1 24 30 17 3 1 47 37 26 24 49 15 48 46 36 10 31 26 18 24 32 5 20 48 41 50 26 47 16 42 13 17 2 29 25 6 27 27 40 42 12 27 36 10 30 34 46 9 12 49 14 15 25 2 22 34
5 50 17 49 47 15 11 6 19 44 29 40 30 27 0 20 43 41 2 3 16 2 47 27 44 38 49 11 3 30 26 22 35 11 24 3 28 7 22 27 3 22 19 28 4 37 16 27 41 26 0 39 17 0 41 49 14 12 47 3 44 6 31 26 11 0 26 12 40 3 18 41 32 21 42 30 1 36 24 33 7 39 48 30 5 48 26 18 13 1 7 43 10 23 8 30 30 7 21 35 44 35 37 36 27 15 46 20 24 47 7 16 39 11 0 22 12 47 19 48 10 33 36 21 33 28 42 2 47 49 8 20 9 10 20 46 47 19 5 7 0 19 5 26 24 49 3 4 36 39
23 27 47 41 2 10 49 2 6 24 5 7 36 46 25 2 5 47 29 39 19 36 28 31 30 18 49 25 19 24 12 41 48 0 49 8 7 23 39 32 44 15 27 43 41 46 30 7 4 42 23 0 0 36 42 26 32 40 32 47 10 12 9 27 31 45 16 3 6 23 18 30 18 23 14 14 42 45 5 32 30 14 26 35 37 0 2 37 38 13 37 3 18 0 41 10 38 13 0 6 19 14 33 23 23 37 30 44 17 34 22 44 41 49 14 45 33 39 23 9 14 24 44 38 38 35 47 17 31 48 35 18 11 2 27 27 39 26 33 15 34 24 8 26 16 45 49 38 33 32
21 25 11 4 49 5 14 49 49 17 8 35 50 12 24 4 3 31 20 49 2 17 42 31 41 4 49 27 24 1 31 38 14 12 8 49 40 42 36 33 1 9 35 25 26 18 39 14 21 48 32 28 0 13 39 11 49 9 42 37 35 3 19 4 20 24 38 49 9 43 22 10 9 18 37 2 3 43 23 16 0 14 34 11 42 21 48 36 11 46 31 29 28 12 14 38 5 26 46 22 4 49 4 15 33 10 31 26 12 32 26 1 35 35 7 36 30 46 46 7 19 31 45 41 20 2 40 12 15 14 0 28 5 37 10 6 35 12 37 17 0 50 23 33 32 39 4 48 21 48
5 42 27 29 47 50 13 17 37 13 30 34 33 27 22 2 25 27 42 6 2 6 31 18 34 20 32 46 16 37 0 32 36 3 27 3 1 33 36 23 20 31 33 12 18 27 24 27 35 2 15 44 37 0 40 46 16 21 18 47 0 26 46 32 30 35 4 26 39 39 43 50 37 14 1 32 12 0 27 43 35 17 14 26 1 36 8 48 4 42 16 29 25 50 44 37 5 15 20 9 21 20 17 46 18 21 20 39 10 30 25 6 40 9 35 25 15 30 15 29 20 16 21 50 4 25 15 46 42 15 7 0 34 11 5 0 13 13 42 39 30 39 48 49 45 18 6 44 46 41
6 7 4 47 48 44 1 21 43 40 18 35 35 17 8 43 6 29 12 3 50 7 46 37 41 49 23 3 43 20 27 25 0 50 39 14 14 13 7 5 47 15 15 27 39 32 47 30 3 37 46 43 28 4 0 20 11 31 43 31 12 48 14 12 49 21 29 40 49 7 13 1 19 14 15 44 24 43 8 20 7 43 20 4 47 4 47 49 24 9 27 31 36 15 30 4 44 12 35 39 4 25 11 36 25 40 42 28 30 43 29 18 34 8 45 11 18 41 19 47 7 41 14 6 29 13 1 16 17 36 11 10 17 6 28 8 25 22 29 37 32 38 18 17 10 35 8 27 20 50
9 36 8 29 2 2 40 21 23 29 31 5 23 21 7 42 12 49 32 4 23 1 21 6 12 12 4 33 2 50 41 43 35 39 18 44 4 17 26 12 34 9 15 27 26 48 26 39 49 18 44 37 35 1 33 0 42 16 12 36 30 36 9 21 0 37 36 6 15 46 46 12 5 37 20 27 12 48 28 32 45 35 18 24 49 0 1 46 37 32 6 40 45 49 28 14 36 7 45 41 23 39 19 28 5 6 6 2 49 5 36 44 17 6 9 36 20 33 34 32 26 40 33 43 25 14 2 39 25 7 30 37 13 12 29 16 23 35 0 31 24 1 5 44 6 44 26 34 20 43
47 22 7 20 26 19 49 33 6 50 6 40 8 15 15 27 49 37 8 33 46 13 44 25 14 37 18 40 34 16 49 43 40 13 37 22 31 50 47 48 0 16 38 27 8 27 24 41 28 26 17 46 15 9 24 32 0 20 33 7 15 0 31 27 10 26 28 48 37 27 49 37 44 23 46 37 9 50 49 1 3 43 9 13 33 13 43 22 32 9 34 24 32 30 8 8 10 39 33 39 30 20 30 34 32 12 36 7 1 24 44 40 26 49 10 19 9 31 28 18 29 25 35 37 36 28 47 3 8 46 0 17 15 9 3 11 32 24 38 19 28 3 25 5 35 5 19 35 43 29
18 29 41 38 45 5 0 46 19 42 30 45 26 9 16 31 38 50 11 23 47 23 12 24 2 21 10 42 17 29 5 31 5 19 4 30 41 9 8 41 17 5 49 0 37 19 22 42 46 13 25 45 15 0 44 42 48 0 17 4 28 28 14 45 39 1 30 33 14 24 8 22 30 39 8 30 15 1 19 12 26 33 7 38 43 14 16 45 24 37 48 36 28 3 31 18 18 12 36 50 45 7 40 1 25 42 4 12 10 14 27 22 35 5 44 24 9 37 22 18 44 50 7 23 3 44 49 43 26 10 40 38 42 41 30 20 5 35 16 20 32 18 34 17 28 5 2 18 29 11
34 1 49 46 33 17 4 27 47 25 13 11 1 4 14 41 42 5 11 33 9 0 2 45 23 49 6 36 41 5 34 0 36 30 6 32 18 0 23 35 18 18 37 15 35 17 3 6 39 40 15 31 30 48 44 1 30 35 0 21 26 0 35 5 47 1 29 0 39 32 30 38 42 35 14 18 25 50 46 3 16 9 28 40 14 50 0 48 15 34 28 17 40 26 0 17 28 40 44 21 49 31 1 16 42 38 20 31 36 40 41 23 16 10 20 7 50 42 19 47 19 25 6 40 33 41 45 12 1 22 22 48 19 5 1 38 29 36 5 39 28 34 33 50 36 46 18 43 9 19
23 25 24 34 40 1 38 0 28 5 6 40 13 45 50 25 22 1 39 6 3 3 44 8 50 38 0 8 39 35 20 49 40 38 39 40 10 23 49 42 27 14 31 7 25 32 20 18 18 25 17 0 50 3 5 21 24 49 45 0 46 22 20 27 46 50 39 31 14 9 13 1 9 12 32 36 24 4 12 42 43 42 19 15 41 41 16 36 26 25 26 5 39 43 38 14 29 14 1 47 25 45 32 48 45 35 40 43 44 8 11 38 24 44 46 45 17 20 20 3 37 36 30 0 14 45 13 36 36 9 20 18 40 37 39 49 43 22 40 45 0 15 13 6 24 1 39 28 22 26
40 48 25 41 24 42 3 16 0 24 32 21 0 46 38 22 12 8 35 46 26 32 20 5 1 34 29 14 9 8 8 44 43 38 12 22 36 39 8 5 41 8 36 34 20 24 12 10 17 41 30 19 11 0 38 48 43 45 19 40 0 38 11 16 41 24 4 38 30 10 17 0 23 45 5 47 7 22 13 13 50 13 24 38 13 37 11 29 47 10 10 4 4 10 46 1 0 8 6 29 3 18 16 1 50 19 38 48 31 36 46 6 22 45 34 27 23 5 28 1 23 20 30 49 8 16 0 30 43 49 48 45 20 32 31 19 0 12 37 30 6 42 39 45 49 34 35 10 25 41
34 35 14 45 19 24 17 36 34 45 35 47 26 48 14 30 49 35 17 9 33 2 28 3 35 17 37 48 27 26 22 33 49 23 41 45 50 20 5 5 47 41 3 23 31 37 19 11 9 27 23 0 15 10 45 31 20 22 46 41 46 0 42 24 32 48 25 25 7 12 34 28 21 18 21 10 32 50 14 20 10 45 27 25 11 50 25 14 19 6 47 26 21 9 1 12 50 1 7 10 4 2 31 14 19 36 1 28 4 50 48 34 47 22 4 6 27 43 28 36 20 15 12 2 50 19 31 44 39 18 50 22 5 44 49 38 44 26 33 46 49 27 24 22 12 23 16 12 24 27
31 34 45 15 7 1 21 44 24 41 34 44 29 19 48 6 8 28 45 17 2 22 9 33 6 47 19 31 16 35 45 48 27 31 11 43 48 43 8 13 25 26 28 2 39 21 18 8 34 13 0 24 41 21 30 48 13 12 29 6 32 25 0 13 44 10 28 3 24 8 8 32 5 3 33 0 48 13 25 33 41 3 26 29 27 23 3 45 5 8 28 32 18 25 17 5 37 49 31 17 0 46 34 15 4 2 48 32 16 35 50 23 2 35 8 36 15 43 31 28 13 23 1 50 8 10 16 44 2 9 7 25 49 1 6 3 39 42 15 2 39 32 43 25 27 38 42 38 35 49
3 15 30 48 47 11 18 47 47 30 11 38 42 32 0 48 9 2 34 47 50 42 5 19 31 50 29 43 33 32 3 26 22 25 41 43 17 45 48 28 37 12 3 34 49 6 34 0 21 6 6 20 29 19 33 38 26 4 46 41 42 11 15 0 6 44 18 50 50 11 26 7 13 30 40 29 2 47 34 1 14 26 38 8 38 46 26 37 32 34 0 14 1 18 6 18 14 3 9 14 5 19 6 28 44 28 36 3 46 30 22 46 25 30 26 3 11 25 7 1 41 41 40 2 4 43 34 46 34 20 50 15 15 21 12 42 0 48 16 48 13 19 1 36 0 13 33 1 37 10
44 13 23 23 1 3 16 7 21 12 9 20 38 5 8 10 19 13 3 31 47 3 38 18 25 27 31 47 19 14 10 41 46 39 24 15 14 46 21 26 34 0 25 37 32 33 31 19 12 49 21 30 37 37 33 10 14 26 45 33 30 21 9 9 0 17 11 24 20 36 40 46 10 47 2 47 45 30 25 26 10 8 11 43 9 32 13 27 15 15 26 32 45 29 23 48 41 0 39 13 40 24 0 3 17 40 4 6 40 1 31 4 34 25 35 11 17 48 44 31 46 2 18 50 21 19 1 41 20 50 35 35 5 32 27 43 9 13 19 45 8 20 15 26 18 4 4 23 39 7
46 36 9 12 5 27 20 48 45 34 18 25 30 46 16 23 48 27 32 17 13 17 38 29 3 29 10 20 36 23 32 12 37 11 33 29 21 41 5 42 32 39 21 10 10 15 35 40 1 33 26 26 21 31 18 2 48 3 30 36 3 11 43 9 3 0 1 30 6 32 25 44 30 28 49 31 47 0 45 20 2 44 43 0 8 14 41 29 12 24 36 37 33 9 6 30 35 31 40 11 1 41 31 46 25 5 23 46 12 42 9 44 12 38 15 10 23 33 46 40 8 47 32 29 49 49 8 31 46 17 27 33 33 20 10 28 4 42 3 49 40 20 32 4 21 8 40 28 35 41
48 16 15 10 14 37 44 35 32 48 23 22 23 31 44 22 10 24 10 18 32 31 16 13 36 35 41 46 9 36 47 34 11 2 39 43 45 25 18 27 45 43 40 21 9 41 31 10 36 12 34 10 28 28 37 10 25 6 4 4 17 1 23 33 4 5 0 18 15 12 12 22 28 23 41 37 3 5 49 35 49 8 6 33 12 20 34 43 20 49 32 46 10 38 43 3 7 30 10 13 10 41 13 39 40 11 9 24 31 19 0 41 47 36 7 26 14 7 45 24 4 2 8 28 16 43 21 6 36 22 45 26 33 42 32 46 19 25 45 50 47 33 27 41 3 40 3 11 46 9
2 41 27 18 42 45 25 21 8 6 4 30 20 4 41 46 6 22 13 2 47 45 46 17 24 20 0 22 11 9 25 32 19 50 40 23 48 49 34 12 0 6 31 46 7 42 50 17 26 43 50 18 24 23 35 13 41 17 24 20 8 3 0 23 24 50 14 0 2 9 21 46 44 44 4 1 19 50 11 46 12 14 47 0 45 9 44 38 22 25 34 43 20 18 19 27 9 7 17 23 35 27 39 48 3 43 21 42 6 13 33 6 29 5 25 3 16 11 39 37 5 40 36 0 12 30 41 48 30 39 10 30 41 29 40 7 41 39 16 37 33 22 20 26 44 38 4 2 10 30
33 9 44 41 46 48 35 35 15 50 17 31 35 48 31 30 13 26 17 16 49 25 22 39 7 7 4 48 20 20 36 49 15 31 3 12 18 47 4 43 28 40 0 17 23 42 36 19 46 4 7 6 14 32 33 18 2 37 32 30 2 16 15 4 27 12 29 49 0 46 20 1 21 43 19 36 8 3 1 12 45 0 16 3 42 42 41 2 9 22 26 0 37 20 13 5 1 31 2 23 25 47 13 30 15 16 10 10 36 16 26 37 9 37 28 49 49 19 14 44 36 4 10 41 35 38 30 10 36 29 9 2 8 15 35 14 15 31 6 36 15 48 33 25 50 19 7 23 2 39
48 40 33 1 26 24 20 48 11 4 16 23 29 25 26 46 11 41 21 29 29 7 6 28 12 35 31 37 11 42 36 8 50 13 26 3 50 34 2 49 16 30 17 46 2 25 8 25 21 42 30 32 22 24 12 7 40 37 45 36 50 40 16 33 41 31 8 24 32 0 17 49 45 4 36 14 3 37 38 17 39 29 21 3 10 34 14 21 9 9 39 19 6 29 47 35 24 45 13 22 43 28 8 27 49 46 35 44 27 32 3 8 45 10 24 13 16 36 2 28 20 2 35 39 15 39 27 30 16 39 29 13 6 46 40 11 28 4 41 11 44 23 13 4 4 13 43 19 13 12
24 31 16 50 3 31 26 2 1 29 11 14 33 11 1 18 4 47 24 14 42 40 26 40 38 19 22 29 23 17 37 34 29 9 20 11 15 50 8 11 36 24 38 0 12 6 13 47 36 14 17 8 8 21 48 24 26 19 15 1 40 7 35 21 5 4 37 4 44 50 0 1 25 35 14 38 6 2 43 3 9 4 24 41 26 41 40 22 39 45 19 42 19 37 33 0 42 48 40 13 12 40 36 4 15 43 0 24 26 6 48 18 30 5 29 26 49 50 31 41 6 3 4 8 2 7 10 5 12 27 0 37 35 32 1 15 24 9 27 36 3 10 17 20 5 7 20 9 9 5
8 13 34 28 0 35 19 31 36 16 30 24 28 24 16 24 50 26 0 27 50 32 32 19 4 35 30 1 5 19 3 14 28 23 8 11 21 1 30 11 2 20 24 9 32 43 29 48 27 24 34 5 27 39 48 2 20 6 24 28 30 34 9 28 29 12 46 7 15 20 30 0 1 13 48 15 45 15 5 13 0 45 6 36 34 35 27 5 9 5 33 3 23 17 36 40 40 21 5 18 50 41 3 6 44 27 2 26 8 37 3 34 22 8 2 2 24 15 44 47 35 31 29 17 35 35 13 14 8 0 30 39 20 41 42 28 43 42 11 4 31 39 50 46 49 25 37 14 29 8
18 16 5 1 0 41 41 34 18 3 15 12 39 45 22 18 32 37 31 21 25 47 50 26 44 30 28 23 29 38 28 42 9 41 47 33 40 1 4 3 37 46 30 3 13 41 2 1 34 42 13 0 43 35 19 23 20 4 50 19 34 20 1 39 15 23 0 46 6 44 17 8 0 3 26 14 29 18 22 21 18 0 36 46 43 18 16 48 27 7 22 42 24 13 12 39 6 12 30 46 48 11 3 48 36 28 41 21 24 6 49 39 26 13 45 17 22 45 46 38 10 44 21 17 37 42 11 21 2 42 50 22 7 24 47 40 37 29 38 6 48 23 38 5 30 13 31 5 32 8
31 5 23 22 3 25 34 29 3 12 4 7 21 21 21 23 33 29 11 4 48 20 8 7 50 4 9 34 46 26 9 0 8 12 16 24 11 33 23 32 11 37 23 37 42 42 23 10 31 21 43 15 48 0 26 47 0 26 43 49 30 9 32 37 40 7 23 11 47 5 46 2 29 0 41 30 37 7 21 12 33 36 46 8 27 1 6 4 24 21 40 44 17 6 49 8 3 41 7 31 22 27 17 37 28 20 14 2 31 39 23 47 19 1 31 32 41 4 15 22 26 34 35 7 28 13 44 15 38 9 25 9 41 9 31 0 44 40 0 4 29 43 37 11 5 39 25 46 47 34
36 22 19 34 0 8 22 36 1 40 6 42 14 12 27 50 40 6 13 14 30 34 21 0 8 40 37 45 14 7 21 9 36 40 0 33 43 43 32 8 42 13 11 43 0 33 27 22 9 23 36 29 37 45 29 26 36 45 4 16 9 30 36 49 37 16 21 24 43 1 4 9 20 27 0 29 18 5 22 41 1 9 0 20 15 43 42 34 44 15 11 21 49 35 37 18 18 39 11 46 31 40 43 21 45 41 34 14 40 10 30 23 9 6 48 28 1 37 37 47 17 17 13 28 8 20 47 0 47 7 2 38 30 7 43 0 45 49 8 11 37 10 13 13 50 23 10 11 32 22
29 12 31 36 44 23 50 2 42 46 12 15 15 23 4 44 45 35 5 2 50 24 30 45 2 32 13 0 29 11 6 25 36 16 1 42 15 21 19 47 0 39 14 23 23 28 48 4 32 22 17 46 46 16 43 0 7 10 3 19 49 25 34 5 35 39 32 19 46 31 38 4 21 34 46 0 33 8 42 8 27 6 16 46 5 37 10 1 3 4 6 34 36 47 0 1 29 25 22 38 22 10 24 16 38 47 39 0 39 38 30 27 47 37 50 21 8 47 49 13 38 30 38 27 6 3 27 45 30 1 7 26 33 31 30 36 33 23 29 1 23 19 12 45 4 11 33 45 28 32
29 28 15 29 11 13 31 5 3 36 6 45 2 49 32 16 44 22 41 11 13 19 50 35 30 2 33 41 16 24 43 23 14 3 36 30 27 25 1 15 34 38 22 14 50 21 50 37 47 29 26 40 41 17 26 1 48 23 1 15 43 34 15 28 27 21 44 30 37 21 49 48 47 8 35 31 0 49 0 37 27 50 31 49 7 28 13 44 37 5 36 34 1 3 6 18 17 47 24 28 35 1 23 21 13 7 44 17 27 43 30 45 7 38 8 25 44 13 33 50 45 8 6 39 47 31 36 22 29 28 39 23 8 18 40 29 23 2 12 34 26 18 29 18 10 44 6 13 12 39
17 26 46 11 20 10 43 41 40 24 27 44 16 43 23 33 24 42 19 47 10 35 14 34 15 25 49 12 47 14 28 41 7 17 41 7 42 0 11 49 40 35 33 45 20 14 8 5 32 10 10 14 26 49 12 14 50 23 50 0 36 46 46 17 33 33 41 12 2 37 41 10 16 3 34 26 1 0 15 3 8 50 26 17 45 21 29 48 29 31 27 46 31 10 17 29 10 16 16 45 45 5 27 4 36 49 26 32 46 1 29 35 32 15 19 24 35 21 12 1 22 48 30 44 4 27 30 32 25 17 3 23 21 48 23 21 10 16 2 11 17 39 39 47 25 4 14 48 33 50
13 43 15 50 50 42 1 36 34 9 24 23 3 34 37 34 46 4 10 8 15 21 22 17 38 2 9 32 0 18 23 14 4 19 37 37 34 8 35 24 24 38 47 36 1 45 14 15 9 34 0 20 22 40 25 10 18 0 10 18 13 39 14 47 47 49 40 33 47 10 17 23 4 31 3 41 23 43 0 24 8 44 40 2 42 7 46 27 7 39 20 49 6 9 49 7 20 23 22 1 40 46 30 49 13 39 39 30 6 39 1 36 27 26 44 32 13 42 43 26 6 16 16 19 34 25 25 19 31 20 2 15 0 7 7 42 35 29 46 17 23 14 40 38 31 20 11 16 17 46
12 46 8 33 20 21 48 45 19 23 0 42 12 20 46 28 35 20 48 4 3 27 0 3 35 16 20 40 38 24 33 17 29 50 45 50 26 35 49 14 21 49 19 28 5 6 20 24 42 47 34 10 26 43 16 11 19 25 11 38 17 13 29 38 43 3 44 2 37 42 36 26 30 23 33 14 8 4 39 0 29 37 21 23 28 22 17 6 50 26 31 31 27 25 33 45 30 12 2 31 28 36 22 11 44 18 5 26 34 38 16 5 30 7 20 23 39 17 10 21 39 30 40 46 46 12 44 31 6 28 16 29 25 47 5 39 42 14 36 30 3 3 35 11 41 13 48 40 44 31
18 36 21 6 6 26 0 46 2 40 40 23 24 33 23 18 8 5 25 40 44 21 19 42 15 29 16 0 42 40 25 47 48 7 24 43 8 43 24 26 32 26 7 9 42 18 31 42 15 33 33 12 35 4 36 41 39 12 38 47 1 6 38 48 28 2 8 33 1 24 17 41 2 0 0 29 21 32 44 49 0 9 49 48 50 42 16 44 41 10 34 25 36 29 7 42 27 17 3 6 6 10 25 47 22 30 42 2 29 30 11 6 42 8 18 5 30 36 21 25 31 25 44 20 35 10 48 14 7 20 22 23 45 36 19 22 4 34 5 37 50 14 16 14 39 14 28 21 33 49
9 49 15 1 22 4 9 9 23 9 16 16 17 49 21 5 36 19 4 41 26 3 36 25 35 23 28 17 29 21 39 9 20 11 14 33 36 32 12 5 35 36 38 38 26 15 7 21 11 30 49 4 34 48 35 34 37 48 29 3 44 8 3 7 34 1 18 14 13 23 45 27 17 33 41 14 43 15 45 6 32 0 33 25 7 27 37 10 5 4 24 49 23 46 49 34 47 27 5 48 46 20 2 6 29 18 48 20 50 20 24 2 10 2 6 35 28 20 40 3 22 17 18 18 50 26 31 31 17 43 5 5 28 34 44 16 34 17 10 44 26 26 7 16 50 21 6 17 19 35
9 11 11 48 45 26 3 19 0 43 28 45 30 16 34 29 42 25 47 5 29 41 29 48 24 49 15 6 36 37 11 47 0 6 11 4 48 11 7 17 1 49 22 19 12 12 20 33 30 12 25 17 15 11 32 31 36 20 48 31 14 19 37 38 32 22 17 48 5 2 19 5 43 4 31 4 43 32 45 23 31 39 0 27 39 22 34 37 8 31 24 7 37 50 48 33 10 45 24 32 27 8 19 10 42 46 19 39 25 8 14 31 22 26 27 0 28 2 34 2 25 40 17 8 16 35 43 15 36 5 16 13 38 38 46 0 48 44 10 25 24 13 36 44 5 9 28 34 49 15
23 5 26 29 25 39 19 13 22 16 1 38 39 32 21 42 37 31 23 10 45 11 30 24 30 0 4 37 20 1 7 38 11 28 8 10 8 8 28 32 11 33 2 19 46 10 22 38 6 40 36 18 18 1 5 28 5 31 43 6 33 48 16 5 32 38 50 19 21 21 29 14 43 36 13 47 42 25 49 41 17 11 19 0 35 11 24 27 25 26 27 39 49 6 39 43 13 12 29 43 25 40 15 45 15 31 26 23 31 44 8 23 44 12 16 22 42 37 43 7 14 13 6 45 24 0 6 42 4 8 30 30 25 12 48 13 23 38 39 37 7 3 13 49 3 17 44 28 10 12
29 22 11 1 15 3 11 50 48 6 0 18 28 15 14 21 1 47 40 48 41 33 12 50 32 18 47 35 0 26 4 28 30 32 44 27 30 6 37 14 44 38 41 20 33 44 39 21 15 41 15 1 42 50 9 2 3 42 7 50 12 49 18 50 31 21 13 12 16 9 7 26 7 46 41 25 27 45 47 42 44 16 38 23 0 2 15 7 48 44 47 1 10 21 21 40 17 28 36 22 26 10 23 19 8 2 35 14 21 0 18 35 39 5 50 33 17 38 6 38 36 0 14 43 18 45 43 11 18 20 28 17 7 38 44 25 30 29 44 16 25 48 37 24 49 15 6 35 36 11
1 26 20 30 12 7 34 15 44 24 5 5 19 5 41 42 28 48 31 36 33 49 2 38 46 48 2 23 36 6 10 44 21 5 2 6 31 40 43 44 3 33 4 49 50 46 29 36 11 21 48 40 21 16 9 7 29 14 39 34 42 29 45 22 12 47 16 8 12 33 35 32 50 43 25 33 27 16 6 4 14 49 49 34 24 0 33 46 43 16 25 33 49 36 18 28 27 29 45 9 16 49 50 17 13 29 11 15 10 48 38 39 44 13 34 20 35 37 50 2 30 29 9 42 3 30 50 2 3 49 19 6 28 2 23 2 11 28 41 26 17 3 44 32 48 13 24 44 34 9
33 35 16 11 41 46 49 5 0 36 19 17 6 24 25 13 45 44 50 39 42 25 8 11 24 10 18 42 43 23 13 47 44 37 49 45 27 22 18 26 27 30 28 19 20 31 10 35 33 8 38 39 28 10 4 45 12 24 41 27 29 27 10 20 46 24 5 32 24 2 17 17 11 42 48 28 46 41 7 29 7 27 21 17 13 5 0 3 23 15 39 45 1 24 43 23 11 34 44 40 5 7 28 12 42 29 1 50 43 22 44 36 10 2 20 14 29 31 49 15 25 48 14 7 11 48 31 21 45 46 28 50 21 38 14 45 13 2 32 21 28 43 3 31 42 8 7 49 31 8
8 30 2 11 49 17 48 17 36 31 44 19 38 49 33 45 18 0 21 49 22 32 39 48 14 27 7 15 19 35 12 30 20 31 30 36 33 50 13 37 38 11 17 32 20 21 48 14 8 38 38 1 43 38 2 47 39 39 48 24 10 6 2 18 0 49 15 32 23 4 9 19 16 48 17 32 3 0 14 5 37 22 3 9 25 38 38 0 32 50 19 41 15 39 40 49 37 48 6 29 31 29 38 15 11 43 27 11 37 15 5 44 5 11 7 35 41 6 8 36 46 3 9 40 20 13 2 21 9 20 45 20 25 26 19 40 22 7 25 2 11 48 29 36 4 2 9 0 27 3
49 43 49 37 14 17 29 4 41 14 2 6 1 4 7 5 32 22 29 47 23 8 17 38 40 35 14 44 17 18 24 3 1 15 47 46 4 11 50 8 2 5 33 4 20 37 39 50 50 15 4 16 43 26 27 21 42 23 42 5 47 43 27 7 41 9 45 10 38 29 26 18 34 9 0 7 32 31 42 30 3 19 44 32 45 41 36 50 0 27 19 25 24 48 28 11 33 10 45 1 22 3 15 8 28 12 9 28 41 6 5 5 20 37 48 19 2 13 12 33 30 0 39 3 16 1 44 46 2 4 22 45 14 30 11 17 43 40 5 19 6 50 45 38 50 49 47 28 5 1
43 33 5 37 2 22 4 9 40 2 33 5 2 35 33 15 34 37 33 37 38 38 44 40 17 10 11 36 44 1 27 8 10 2 13 39 42 29 38 45 39 16 38 16 28 5 2 40 46 30 8 7 18 48 47 14 32 20 48 9 50 46 34 3 22 33 49 15 46 1 6 35 9 21 38 7 33 48 37 1 13 5 31 10 43 49 43 33 26 0 20 42 32 20 46 33 22 26 43 23 17 49 50 26 20 7 1 34 15 38 34 18 45 35 40 4 11 6 30 47 9 2 22 50 18 48 17 10 20 9 36 39 19 20 23 0 21 17 21 44 44 26 40 39 19 9 47 50 34 47
30 18 6 17 43 0 24 26 41 10 46 10 48 46 36 16 9 26 12 29 20 7 9 11 47 5 14 4 1 30 11 38 41 36 17 23 17 26 23 11 3 30 22 50 22 36 8 2 5 8 4 32 6 23 7 23 17 3 2 25 50 10 9 49 15 17 11 47 9 6 28 3 21 42 6 22 44 44 8 33 2 25 47 40 38 8 28 42 7 30 0 6 45 48 5 27 31 24 10 39 19 24 25 12 39 25 32 22 36 32 16 2 44 35 17 16 0 19 40 31 13 14 16 41 20 15 43 11 43 42 36 28 42 21 25 12 28 13 14 41 45 9 12 20 3 9 49 14 7 43
20 44 40 17 22 29 0 29 47 38 34 3 27 26 0 30 24 12 32 50 31 11 36 25 25 46 48 32 27 48 17 40 32 23 32 23 41 18 18 32 2 35 18 43 45 22 31 42 7 37 22 4 7 22 50 38 25 9 24 40 32 35 33 11 48 14 11 47 41 45 5 27 32 15 6 0 21 22 21 11 13 41 30 35 11 17 35 7 18 7 48 0 22 40 5 43 4 3 26 46 1 3 15 42 38 45 23 25 0 50 35 2 41 40 22 37 8 29 36 16 39 28 46 1 13 17 33 2 14 21 2 38 21 33 3 18 38 5 31 24 32 5 27 47 16 18 50 24 8 28
49 31 31 6 10 19 31 22 37 12 15 23 46 13 0 19 27 25 49 47 6 32 0 22 39 28 13 3 21 33 12 28 16 15 35 33 42 34 14 35 11 15 6 31 26 9 19 16 18 8 23 18 40 6 4 14 22 15 19 50 33 27 31 30 15 40 17 45 44 39 47 31 25 12 7 24 18 6 40 21 33 4 2 4 7 25 1 24 20 30 27 27 0 48 7 33 16 25 28 28 10 43 37 22 17 43 33 1 49 3 36 41 36 46 30 47 20 41 6 8 8 8 3 10 50 49 36 6 41 3 38 28 0 24 4 22 17 49 29 26 21 17 23 2 46 28 10 24 25 34
18 5 13 27 21 16 13 16 26 0 39 17 9 50 48 37 12 25 40 39 2 39 42 10 47 4 45 10 22 34 17 22 20 46 35 43 47 7 35 13 41 35 10 39 18 4 22 1 6 30 18 50 36 16 5 17 39 23 1 35 43 11 6 22 14 17 31 41 47 20 22 50 37 33 47 45 35 39 26 12 47 16 7 9 40 42 5 45 31 10 8 12 46 0 38 26 50 12 21 4 39 38 26 41 7 40 34 33 38 47 34 47 11 26 2 49 12 38 21 46 1 11 49 0 35 39 20 47 7 16 41 27 20 16 12 40 42 33 42 32 12 42 48 39 19 19 19 48 26 41
37 11 25 15 45 9 38 13 10 3 50 16 44 13 7 46 19 27 23 39 33 49 29 17 8 43 8 22 20 5 45 19 16 43 3 31 37 14 19 35 35 3 14 44 1 19 11 31 2 47 5 1 49 25 33 20 35 14 11 4 28 9 46 10 32 25 49 35 47 0 25 9 9 49 5 29 27 16 47 25 48 37 47 41 33 36 41 37 36 16 1 41 8 28 0 5 7 34 48 7 35 28 22 41 22 33 7 8 31 28 20 1 2 44 42 12 3 29 3 46 8 11 13 3 21 3 24 25 50 15 20 0 21 38 13 1 40 42 41 19 33 37 31 28 35 34 0 2 33 6
27 39 3 44 34 27 34 13 40 7 10 40 48 25 31 44 36 42 19 43 26 49 10 49 6 17 11 38 6 31 34 49 15 18 39 0 50 9 33 32 25 31 31 4 19 3 28 34 50 6 29 8 12 25 48 21 27 7 35 14 4 12 6 22 31 49 50 21 34 35 18 32 21 44 12 18 3 11 42 21 38 1 44 14 12 18 34 48 16 31 37 30 47 37 39 0 22 11 5 2 0 22 25 31 1 28 21 6 0 36 5 26 44 29 50 6 13 32 46 46 27 44 2 49 35 16 26 27 29 33 48 12 7 50 6 16 4 45 24 50 38 38 36 47 24 21 32 10 1 29
37 49 7 5 49 47 40 39 0 28 27 29 25 34 9 45 39 26 44 45 31 11 50 9 3 5 24 24 7 11 7 10 38 21 38 20 27 16 13 27 19 32 49 3 45 49 47 42 24 33 24 28 19 10 23 49 36 14 13 39 11 35 15 44 22 3 46 6 25 35 49 48 48 32 40 38 46 42 22 2 8 7 4 0 50 1 10 32 41 13 18 31 20 42 7 24 0 8 14 29 28 6 9 17 16 28 49 21 35 42 28 0 38 35 5 34 31 16 45 18 21 47 44 14 15 2 43 4 10 27 0 12 2 9 23 26 39 18 40 44 48 14 49 46 34 45 6 14 17 21
10 6 34 39 14 17 17 10 24 4 12 13 41 15 15 28 9 20 28 25 31 11 45 37 20 50 17 48 21 38 18 12 0 5 21 24 44 5 24 29 7 23 23 43 9 10 3 30 12 31 1 28 31 48 1 15 50 35 42 5 44 39 16 17 46 12 16 31 45 26 29 35 36 4 34 2 46 15 10 50 27 30 46 17 18 27 22 27 16 17 41 44 19 15 6 2 8 0 40 47 48 13 0 48 41 4 36 7 17 7 19 22 42 34 40 22 26 8 5 8 37 34 12 26 6 7 23 19 30 11 45 11 26 13 48 32 49 47 28 0 1 19 35 1 8 36 26 7 19 41
4 24 26 15 0 16 38 39 50 6 1 1 30 4 28 17 46 31 31 47 1 47 45 47 37 33 9 18 45 4 50 42 17 2 21 41 29 33 6 23 3 30 35 32 25 23 39 6 50 39 48 47 39 47 39 40 24 2 40 29 35 38 41 35 28 48 38 24 0 12 10 9 19 43 19 34 31 38 42 45 35 13 12 40 50 3 47 14 40 5 30 36 6 36 13 16 48 27 0 35 28 33 19 50 6 28 13 7 23 41 14 2 49 29 38 12 42 49 23 18 38 5 44 22 31 28 3 31 38 26 34 6 15 23 26 11 35 44 29 34 33 7 41 26 34 9 35 16 4 39
44 36 47 7 14 22 10 37 38 16 10 6 9 49 32 19 25 21 13 47 4 8 41 5 28 15 5 17 48 10 47 45 12 4 35 9 28 8 31 2 15 12 18 19 30 25 21 41 19 36 15 27 34 22 8 21 12 9 39 42 46 47 19 49 16 14 37 0 13 36 1 29 27 50 47 43 47 2 1 47 2 2 2 50 9 29 26 21 6 32 49 49 11 49 27 12 33 13 18 0 20 33 16 39 32 17 31 16 2 14 38 40 41 8 45 7 36 9 3 15 10 27 26 20 39 8 10 0 5 36 27 37 35 39 41 34 35 14 22 9 18 30 40 0 44 46 26 37 22 44
37 42 15 12 6 33 41 33 41 24 27 26 9 2 19 37 42 30 31 43 22 24 41 46 9 26 21 34 15 39 12 11 16 9 14 15 49 44 44 38 14 35 31 43 21 40 2 11 40 12 29 11 35 10 8 16 9 42 32 38 46 36 40 35 0 22 2 21 23 46 43 15 1 24 20 47 43 47 29 24 11 15 25 50 16 12 45 25 33 30 42 21 8 50 40 45 42 2 44 12 0 7 5 47 48 32 43 15 31 10 36 0 40 3 46 7 34 0 28 36 4 2 45 19 3 30 29 35 34 18 33 20 19 35 46 37 7 8 18 42 48 21 35 36 24 25 10 44 36 26
48 17 46 17 47 17 0 35 37 1 3 47 47 33 10 4 32 13 42 30 19 33 9 2 4 11 48 5 48 11 16 40 49 20 21 7 7 17 31 30 32 11 7 44 3 44 49 48 12 39 29 15 42 11 35 35 5 37 46 41 21 44 30 10 28 41 12 36 15 5 10 23 43 39 8 48 45 12 20 50 44 1 22 22 28 16 17 28 3 31 15 4 46 21 21 48 1 3 49 10 38 0 4 36 41 28 41 22 46 30 44 6 38 27 28 41 2 42 27 2 37 50 28 35 41 12 28 9 6 27 8 15 43 14 50 10 5 29 20 25 3 24 35 19 43 24 1 23 40 36
50 4 41 23 36 25 33 44 30 24 38 11 49 23 8 26 42 11 50 4 23 4 22 42 36 39 7 44 38 39 22 13 24 46 31 2 8 41 42 12 34 20 14 42 39 36 6 7 23 8 22 48 3 16 35 40 22 12 43 14 25 6 27 7 13 11 32 41 26 49 21 37 43 38 29 42 43 43 23 48 46 24 15 50 6 17 40 11 11 16 9 48 11 4 26 20 13 32 46 35 4 31 0 6 3 1 27 24 3 12 10 38 27 13 10 44 40 35 34 8 24 22 5 28 18 5 44 49 41 24 26 23 32 16 41 7 8 24 43 24 49 48 25 35 34 23 0 12 25 28
28 29 22 36 29 21 13 4 16 26 31 31 48 9 0 23 48 0 6 48 26 31 47 19 29 12 4 31 16 4 27 17 22 15 17 9 34 32 22 11 39 19 46 41 4 39 10 32 19 8 47 14 4 8 29 9 48 0 8 6 7 17 31 47 47 39 50 44 14 12 7 13 29 28 13 36 4 31 5 8 22 2 17 50 41 28 5 1 24 13 7 14 45 31 8 13 49 30 13 21 34 14 6 0 44 13 31 0 19 14 49 43 24 27 50 27 40 29 15 8 9 49 45 6 41 21 19 25 25 19 24 36 48 0 35 6 46 2 12 41 7 28 21 13 43 4 19 42 3 42
45 3 44 49 18 1 4 48 38 3 50 32 2 27 7 50 6 37 8 2 37 38 25 10 25 18 2 36 12 41 3 16 18 41 40 0 34 24 25 48 20 48 17 6 33 30 9 0 8 13 32 34 18 13 38 18 0 48 16 23 11 44 8 21 30 39 4 3 26 24 34 20 42 32 44 32 22 27 24 37 9 12 39 7 0 28 26 5 14 6 8 19 4 28 1 17 41 23 13 28 40 32 34 20 0 40 0 13 39 2 35 17 49 11 9 20 44 0 10 36 22 37 49 36 8 44 19 37 11 0 16 37 29 25 43 30 43 39 17 0 10 35 3 19 39 32 11 50 50 40
24 18 27 11 31 43 19 6 32 13 36 24 22 16 24 2 46 19 21 13 2 10 44 9 21 33 40 7 33 10 35 10 13 33 31 46 15 43 36 17 10 15 50 50 30 49 15 27 4 9 22 1 43 39 41 34 3 27 30 16 48 26 3 31 23 19 13 7 0 38 12 25 48 28 7 49 38 43 12 42 30 0 29 25 49 23 22 30 7 16 11 42 18 2 42 40 33 26 12 20 19 14 43 41 46 0 43 29 2 15 35 33 20 39 35 2 18 4 27 43 20 9 40 8 37 31 24 6 22 27 5 19 11 42 24 47 33 4 13 7 42 20 23 30 17 18 4 38 25 25
47 21 1 36 47 30 27 33 14 33 15 2 0 23 34 48 32 2 11 34 49 36 49 13 4 6 8 39 35 33 0 23 16 3 42 25 19 40 13 41 33 43 44 42 32 8 32 47 8 48 26 41 49 34 34 6 27 6 0 24 7 41 36 7 49 13 45 3 12 14 44 32 14 33 28 44 17 25 39 11 43 47 17 35 30 15 16 3 22 42 19 46 41 2 16 30 11 21 46 39 17 25 24 20 36 29 0 16 13 41 4 15 0 13 20 22 50 28 38 43 16 45 49 19 40 37 4 25 2 0 28 7 41 17 10 28 24 0 42 0 28 16 17 48 16 45 8 35 50 19
27 37 16 30 16 48 50 0 20 37 49 17 8 39 40 36 41 9 18 42 0 29 17 35 6 18 40 21 20 41 36 41 48 46 46 19 47 22 5 30 36 17 4 7 15 2 20 23 36 24 23 33 40 39 20 17 13 17 0 4 42 16 2 6 21 50 14 41 12 43 3 49 8 32 3 6 33 6 13 7 47 4 12 21 45 32 37 34 43 48 34 44 16 13 27 30 43 50 46 41 26 16 46 39 18 2 12 0 21 0 46 26 25 47 31 26 26 44 24 29 30 25 37 45 13 43 30 38 22 23 2 17 50 17 11 23 24 20 16 6 1 39 30 31 39 19 11 37 10 16
24 9 27 43 27 49 7 28 36 5 13 35 32 6 26 24 40 49 20 26 11 43 14 45 11 17 34 44 39 46 12 8 23 42 46 49 50 28 10 17 38 16 20 32 48 27 42 6 4 49 41 4 15 6 2 27 7 17 30 1 11 0 46 16 30 47 4 31 12 5 50 27 44 32 10 36 25 20 17 8 17 12 18 39 40 9 44 14 3 13 14 43 24 1 2 2 11 19 41 21 19 16 30 39 14 13 18 20 0 38 7 2 47 22 28 37 24 11 10 11 47 34 45 19 25 48 31 14 11 6 25 0 6 47 36 25 1 38 29 47 20 35 4 32 40 35 46 50 16 28
49 2 46 1 33 37 13 4 4 12 49 49 46 28 30 46 32 9 13 35 9 43 11 38 2 35 9 22 20 38 21 29 28 2 28 46 32 29 40 26 35 39 2 47 0 34 45 48 49 11 41 43 9 22 26 45 21 2 33 31 42 13 40 45 29 33 29 13 36 50 34 7 43 30 12 47 31 24 7 29 8 17 34 35 48 2 29 23 37 31 34 2 34 25 16 46 20 16 24 30 15 48 34 50 49 0 26 18 42 0 15 44 44 32 27 26 18 16 46 50 24 35 46 26 8 34 44 2 9 26 15 37 15 37 0 21 32 5 16 2 30 26 30 19 10 29 42 11 9 17
9 25 20 39 23 40 17 47 6 46 30 8 19 38 45 4 11 31 25 44 21 6 2 7 42 13 7 26 25 46 32 34 33 31 36 49 40 1 23 42 31 16 34 50 37 28 44 42 41 3 41 38 42 26 19 38 43 16 43 4 15 22 49 28 26 13 19 14 3 24 27 50 19 14 47 8 21 35 10 36 26 5 19 15 23 50 16 28 20 0 37 25 14 35 3 17 43 39 10 29 36 22 0 36 28 15 24 17 22 42 0 29 47 30 42 49 4 4 35 20 30 36 22 2 18 34 37 35 11 27 37 18 49 3 20 7 49 6 48 39 27 39 46 48 33 47 46 20 31 12
8 13 4 11 15 30 30 2 20 30 48 27 7 47 25 14 16 17 29 47 40 4 34 39 39 9 23 13 10 17 37 24 24 2 35 45 46 29 12 10 10 4 37 14 41 36 6 19 6 30 47 42 5 19 31 21 29 10 0 23 48 24 19 2 7 41 22 17 44 15 5 11 30 10 40 32 12 12 21 3 36 35 41 29 38 28 24 15 43 47 43 46 28 15 42 32 22 27 15 7 44 3 46 37 9 1 16 0 3 35 16 0 29 10 38 0 38 32 11 33 16 10 49 30 8 41 34 30 7 32 17 38 19 27 39 28 21 2 11 38 31 23 40 48 13 26 12 16 3 48
33 27 5 48 10 0 25 21 44 36 30 15 21 40 8 19 23 5 2 5 49 36 50 35 37 7 30 12 33 16 8 14 15 14 22 3 37 38 20 39 27 27 26 37 37 5 49 17 45 34 43 22 9 11 39 3 49 43 34 12 4 36 10 28 42 10 13 0 45 4 11 46 8 1 34 14 16 6 19 16 46 4 0 4 50 38 10 2 18 44 27 31 4 25 5 11 12 48 42 3 39 48 42 14 48 31 20 42 21 27 6 21 0 44 26 3 14 33 17 46 23 33 5 46 30 7 12 31 15 17 0 36 11 26 14 18 5 24 45 12 30 0 45 10 31 47 37 34 38 34
43 30 42 3 43 42 45 43 4 4 9 3 46 6 37 47 50 19 2 2 16 21 32 47 48 29 26 29 23 19 10 32 24 43 31 28 8 14 21 47 47 29 9 29 30 13 1 36 30 10 1 36 43 8 36 35 50 22 30 9 41 37 26 39 31 31 24 19 45 38 6 6 39 41 35 19 6 31 40 1 20 36 7 2 43 17 34 47 20 16 47 40 40 24 33 40 41 49 30 13 25 26 20 15 35 49 45 13 48 30 29 17 39 0 34 10 1 3 49 47 22 48 7 46 41 36 34 1 46 2 48 48 46 2 38 28 44 10 28 19 2 9 32 31 44 26 21 36 29 39
20 10 5 3 18 18 29 42 29 10 7 14 36 23 20 25 15 11 36 28 29 48 39 32 0 16 36 6 18 33 17 49 40 27 5 39 50 41 39 6 35 32 30 19 42 50 11 24 15 47 49 23 50 13 7 11 45 39 41 2 40 18 5 23 24 2 23 22 21 20 8 14 17 0 7 23 49 47 32 12 24 12 43 28 10 9 35 19 43 14 25 43 25 32 16 43 47 0 8 39 5 39 49 42 33 1 49 48 5 46 2 13 8 35 0 17 28 46 45 40 18 24 30 49 11 21 45 30 43 14 20 49 48 26 44 5 47 27 43 7 36 22 32 33 21 2 27 1 4 11
46 2 11 42 8 33 9 13 14 17 40 3 33 9 4 33 3 46 9 21 9 5 49 40 33 21 34 2 47 10 5 21 47 27 2 34 46 3 18 48 41 3 33 49 5 50 48 37 39 48 0 2 34 15 38 47 14 3 0 26 49 36 23 21 44 21 8 14 15 49 37 13 16 39 40 8 23 31 40 19 0 2 31 4 13 49 10 29 31 10 9 0 38 24 30 49 19 44 44 40 28 31 21 0 6 47 32 37 18 36 23 18 15 40 0 0 12 3 14 3 42 3 5 43 33 21 3 18 45 42 49 50 12 28 18 10 13 39 10 50 32 22 32 16 48 43 31 12 2 2
28 31 38 16 7 42 39 20 34 32 18 17 8 31 23 43 37 25 26 6 42 11 29 13 38 19 22 19 16 17 0 13 33 45 7 12 30 42 35 23 39 19 13 23 33 46 13 30 43 31 15 28 42 41 31 14 47 29 10 26 29 31 45 23 21 30 0 10 44 31 37 20 42 15 48 21 50 32 32 32 23 36 1 20 24 23 27 39 5 47 5 9 13 21 3 0 37 46 49 33 13 40 29 0 3 19 21 2 22 29 24 44 46 26 2 14 0 7 42 23 38 34 11 42 3 7 6 4 39 21 6 9 3 29 43 49 22 19 28 39 15 4 25 27 12 10 11 14 36 2
10 44 33 2 12 31 3 47 39 50 4 29 20 9 28 31 41 12 9 3 20 37 30 3 36 7 26 49 25 44 6 37 10 33 25 26 23 3 22 5 23 33 14 16 37 30 27 37 11 6 30 8 27 24 40 48 8 2 37 28 15 10 11 25 29 14 44 50 37 18 34 18 18 15 13 18 37 27 9 40 38 42 41 19 45 29 27 10 42 9 25 3 37 47 41 41 8 37 39 33 26 25 46 49 20 46 24 9 50 3 10 28 16 17 37 24 17 0 48 32 31 18 29 12 47 47 28 47 16 23 18 27 10 15 23 26 13 17 26 23 10 16 24 38 45 10 1 20 30 19
41 20 47 16 26 37 21 0 38 48 25 10 4 38 21 50 6 3 27 41 37 4 15 48 37 46 23 49 43 32 22 45 41 35 42 35 6 47 47 2 10 49 31 23 50 37 49 48 18 44 39 4 17 10 13 21 7 8 32 22 38 12 32 23 36 45 9 22 50 47 29 33 48 44 35 12 2 0 18 44 38 45 50 2 19 37 31 17 19 32 25 26 16 23 14 30 25 33 5 24 26 25 19 4 23 2 39 6 42 27 15 6 48 48 17 35 26 33 0 11 41 16 42 21 46 43 22 18 39 10 2 9 47 0 22 20 29 17 45 14 27 32 47 47 45 25 45 17 48 7
12 29 28 47 10 3 23 11 25 11 3 17 21 8 28 30 46 50 25 7 48 41 20 38 15 14 37 28 17 4 17 36 15 43 35 44 11 3 42 42 21 40 49 2 34 43 37 32 7 9 13 8 2 44 42 5 10 11 7 49 7 32 1 19 23 7 32 25 49 0 22 48 38 49 31 32 19 45 39 32 21 21 25 18 23 25 7 5 28 26 0 21 45 15 50 9 11 35 49 1 38 7 10 11 25 42 19 28 28 38 12 2 44 24 20 49 40 11 38 0 50 46 19 39 17 46 22 20 20 17 3 28 23 13 15 43 40 16 0 25 10 47 22 3 17 49 33 35 21 26
14 40 47 12 44 27 49 0 29 48 32 36 43 19 48 0 25 27 19 8 40 2 44 33 43 25 0 35 49 31 44 10 15 10 12 15 19 40 37 14 37 46 25 39 1 30 38 48 4 24 50 11 15 29 27 37 14 20 26 8 20 19 4 38 31 4 1 20 47 6 24 9 32 6 29 14 24 46 7 29 2 48 13 20 2 33 0 42 42 14 20 39 38 34 34 47 19 31 13 39 7 5 27 42 14 18 13 16 19 24 14 7 16 25 6 23 43 9 2 26 0 17 18 43 20 44 29 1 38 1 10 44 39 41 41 27 36 28 10 0 30 36 31 31 28 12 38 19 11 44
33 14 10 36 50 25 40 35 27 13 38 47 23 44 42 41 18 39 18 43 8 7 33 43 13 27 20 45 21 24 49 2 19 3 29 39 19 24 29 9 13 42 41 12 40 17 43 28 15 43 33 4 1 32 11 34 24 14 11 39 1 23 8 21 4 35 35 12 2 30 31 38 13 11 23 49 37 47 48 36 33 6 20 48 48 49 43 22 28 45 11 36 5 31 19 46 44 16 16 14 36 50 48 22 46 40 36 33 3 38 1 39 50 23 36 25 10 9 48 34 42 0 28 0 40 13 27 5 8 36 16 41 47 43 3 7 31 50 29 41 7 38 2 34 27 42 27 21 23 12
47 50 39 10 18 34 21 33 10 24 3 16 3 45 44 6 8 3 1 12 16 6 4 7 8 26 0 3 47 49 0 39 39 50 9 25 31 35 32 39 39 36 30 27 42 20 35 37 46 28 16 41 50 36 20 8 41 25 1 16 39 34 6 27 49 38 26 13 49 44 21 44 44 34 21 34 19 26 6 33 33 26 14 4 35 0 6 49 12 13 4 14 24 47 2 16 11 9 29 22 25 34 25 31 38 16 7 49 14 28 22 7 28 29 16 24 45 37 47 23 27 25 0 35 15 40 49 25 38 49 50 18 5 21 27 33 22 31 36 10 1 19 4 9 8 17 32 26 31 28
28 15 41 43 25 1 38 41 22 10 10 47 14 10 49 23 3 27 15 7 40 0 19 3 12 46 38 44 11 29 49 49 31 38 38 36 8 25 12 22 31 29 11 11 42 15 2 40 17 7 48 1 33 30 26 1 11 48 46 42 9 37 17 27 44 49 33 13 40 27 7 49 11 39 7 11 31 11 0 44 36 6 32 41 4 31 39 2 16 3 34 27 41 31 9 16 14 39 33 9 48 38 38 40 3 21 5 15 38 7 25 1 40 31 17 19 39 50 48 45 42 39 10 0 22 50 10 14 39 26 34 34 37 10 9 14 22 41 35 15 24 18 18 11 41 27 47 38 35 32
19 40 48 18 27 40 23 49 21 39 41 48 42 30 29 28 45 29 2 16 46 7 28 21 0 43 11 47 46 4 33 38 40 29 20 49 24 30 43 10 49 12 26 14 1 28 34 50 42 47 46 34 14 26 15 37 19 33 0 20 11 44 22 38 22 24 25 23 22 10 25 6 41 6 23 3 45 4 30 23 7 44 14 42 18 12 25 20 33 50 7 29 34 45 10 0 35 17 15 49 25 22 22 36 44 0 23 37 31 15 1 35 2 1 40 15 17 13 21 44 3 34 10 49 0 10 42 13 4 13 12 23 0 5 49 18 8 37 40 14 11 12 5 38 2 1 45 22 45 10
26 26 31 33 34 0 49 30 36 47 10 23 41 2 23 9 44 28 50 30 33 16 38 21 9 33 10 5 34 37 23 1 19 37 18 46 7 4 22 11 50 1 31 18 1 3 50 26 46 29 18 49 15 26 31 25 25 32 17 2 18 49 44 16 8 12 36 22 2 20 23 28 11 26 21 3 27 35 14 21 30 10 35 15 10 24 19 6 39 24 27 0 24 10 35 24 31 13 30 35 6 30 10 47 28 30 35 38 41 14 32 38 34 26 48 50 5 3 28 3 2 32 45 8 20 0 22 17 6 1 3 5 13 10 38 26 26 15 45 34 27 19 8 1 9 22 48 5 37 28
11 15 28 0 43 48 21 19 30 30 45 44 25 28 23 34 11 14 5 13 50 9 25 23 31 30 40 17 4 35 26 27 49 16 24 45 21 11 6 29 39 9 34 47 3 4 32 49 3 30 12 43 35 29 39 13 37 31 14 7 4 5 4 14 48 37 33 48 21 33 28 7 32 34 43 36 50 6 38 15 46 31 36 37 23 3 43 37 19 3 49 17 34 41 25 45 37 0 4 22 44 31 50 21 16 10 23 46 39 27 21 24 32 27 42 23 3 13 17 1 21 41 38 48 18 36 0 8 5 8 35 36 21 38 24 9 46 45 28 15 19 16 5 29 42 5 46 14 13 47
36 36 34 8 7 6 44 44 40 5 27 41 17 32 23 22 8 4 8 34 12 4 30 5 38 33 22 39 30 17 34 4 8 23 29 4 31 37 2 20 26 21 12 25 12 25 7 45 28 9 8 32 34 44 37 15 7 44 33 15 22 5 38 47 17 10 28 21 34 29 28 34 22 7 33 14 24 11 7 29 2 9 23 1 39 5 36 36 23 0 17 39 27 22 4 6 29 35 18 15 29 19 20 16 16 8 49 29 29 41 21 50 8 8 16 36 37 10 30 50 16 22 37 32 26 10 28 0 20 28 2 5 49 23 16 8 8 3 0 39 8 4 11 48 29 16 10 48 28 39
19 1 9 36 16 24 26 21 17 29 19 10 16 21 47 47 11 44 34 31 5 41 28 6 39 12 17 19 50 38 4 32 25 12 13 46 28 8 20 24 1 5 9 25 44 1 27 13 0 4 44 30 10 3 3 18 22 44 8 3 33 12 5 24 44 8 38 4 14 2 18 7 42 23 29 34 25 34 15 40 35 17 31 29 1 29 48 16 2 15 36 20 16 16 1 16 44 14 28 33 5 17 40 20 6 39 13 38 22 0 15 11 25 20 18 11 20 28 46 10 45 50 18 3 10 37 26 50 0 23 4 7 16 42 45 36 46 17 45 26 45 6 28 2 0 47 35 35 34 17
0 21 31 20 21 18 34 31 27 24 19 30 8 43 50 36 31 39 13 2 43 2 16 31 12 16 48 39 14 4 10 50 8 21 22 19 1 4 5 5 31 3 35 38 14 24 14 33 35 25 22 14 20 1 28 17 37 12 16 8 4 10 34 18 21 28 13 22 0 46 2 11 8 33 13 7 32 26 23 30 46 11 50 12 12 15 16 50 10 18 25 22 22 42 38 15 10 7 29 28 9 24 27 7 28 40 23 40 39 45 29 35 35 10 24 39 11 48 47 1 29 46 29 17 31 17 26 34 48 0 35 13 17 29 34 36 32 37 0 40 26 50 47 20 27 14 12 7 33 16
10 32 20 30 32 28 33 47 8 22 14 6 29 0 42 35 5 3 1 45 39 30 40 34 31 10 13 33 49 15 48 47 3 21 3 7 8 35 17 11 19 40 47 41 13 48 15 17 5 34 6 13 19 29 22 16 28 41 42 7 24 24 7 5 20 40 21 48 8 24 31 20 0 2 5 38 25 32 37 48 23 0 3 1 18 21 14 38 49 43 37 41 6 42 50 33 46 29 48 41 44 34 34 17 12 10 45 10 11 45 10 38 10 39 6 14 13 30 20 35 41 25 42 9 17 16 17 40 19 2 0 12 8 17 12 22 49 11 44 24 18 9 5 11 46 38 18 41 10 9
5 16 27 3 18 37 32 24 13 47 28 39 0 5 35 14 39 0 12 2 19 42 23 19 44 14 47 4 45 1 39 23 39 29 19 27 35 3 41 48 28 22 38 41 38 0 47 25 23 26 35 39 28 50 35 23 28 20 28 25 15 5 27 27 32 11 47 6 27 26 46 25 1 3 28 19 4 23 13 6 29 6 37 46 45 40 38 42 39 21 21 18 48 12 46 1 4 36 21 32 47 22 26 24 7 21 4 34 7 35 25 41 35 38 50 48 35 45 42 19 1 16 0 19 5 21 26 3 17 41 1 0 25 32 15 8 40 40 29 5 40 33 30 29 20 10 29 18 40 50
2 40 17 28 24 7 19 39 45 50 3 18 6 39 47 44 18 33 46 36 10 9 12 3 47 14 39 31 2 42 4 29 42 17 34 42 20 27 11 9 19 49 35 32 32 16 44 46 6 26 1 16 42 42 39 27 10 8 42 0 8 39 24 19 20 7 37 32 36 32 46 43 13 30 37 16 18 9 28 23 19 8 22 22 12 36 41 16 45 14 15 21 26 6 35 35 5 47 45 50 8 43 18 0 38 4 49 8 38 12 20 41 43 4 43 12 32 39 17 22 1 26 18 25 18 17 17 11 44 39 2 6 0 42 10 37 10 10 1 30 21 50 4 41 50 47 45 13 46 12
31 16 40 22 12 50 36 23 26 42 14 17 27 38 5 45 40 47 20 35 11 48 27 18 49 37 4 38 49 27 35 35 44 1 4 33 39 16 16 17 5 17 8 39 0 11 38 9 32 10 48 31 29 13 13 31 48 8 24 50 16 45 24 16 30 4 48 35 26 50 10 50 18 48 16 23 26 46 23 30 19 7 23 11 4 50 12 9 10 27 48 37 19 25 2 29 29 25 23 27 5 7 47 33 17 12 15 27 33 34 49 29 15 41 41 10 37 44 42 37 29 9 3 28 36 12 7 17 18 26 8 28 7 0 15 2 13 27 34 2 24 5 4 42 50 19 44 34 50 35
47 48 41 20 43 31 0 29 19 20 50 21 38 28 15 36 26 49 27 26 26 3 32 48 38 36 36 41 50 6 20 44 37 16 13 12 2 4 47 1 48 14 14 8 1 6 40 29 7 45 42 22 36 15 5 31 4 41 39 7 42 19 11 32 25 39 50 40 23 8 12 27 32 24 48 17 19 50 22 18 28 38 48 38 44 6 26 45 35 0 48 6 44 40 1 27 26 50 43 38 38 50 20 23 49 0 19 10 0 43 29 18 50 41 47 44 12 22 16 6 8 26 43 15 9 1 11 44 50 45 42 21 41 50 0 40 28 42 46 20 24 44 7 37 16 6 41 42 17 11
13 23 14 32 34 50 3 34 26 29 37 43 13 19 31 9 30 48 29 44 10 31 3 28 38 11 47 9 31 17 33 0 43 23 29 50 14 0 7 38 34 45 3 6 0 46 4 14 48 19 48 49 43 28 18 43 41 17 24 40 45 25 7 38 6 29 49 24 39 37 4 41 33 7 27 33 41 24 49 50 43 26 12 4 36 44 18 32 48 12 20 26 5 34 17 31 13 16 44 4 14 11 16 31 3 47 10 38 30 33 22 5 44 0 47 14 32 44 13 31 20 10 13 49 23 20 33 42 46 7 33 26 1 18 25 0 32 12 17 2 7 16 50 30 48 29 44 2 28 2
18 43 3 0 0 44 6 48 9 26 41 4 12 49 15 35 30 17 50 50 29 43 31 26 22 15 29 8 31 20 42 30 30 28 23 2 7 11 37 21 39 32 19 1 29 16 29 19 33 49 35 21 5 3 23 35 45 18 3 1 45 47 45 6 32 36 2 49 17 19 38 50 13 20 27 32 14 3 39 38 36 38 11 37 33 18 15 21 3 32 11 8 2 1 38 7 0 36 42 21 9 50 16 20 23 20 13 24 41 13 17 29 23 42 20 11 19 44 18 44 23 28 29 33 11 29 17 16 33 2 18 0 47 31 6 48 0 0 30 36 4 34 18 50 10 30 24 8 29 38
7 27 20 46 24 17 1 24 1 50 29 20 14 6 29 11 47 43 14 14 29 20 5 43 9 14 45 4 38 38 13 34 10 15 33 35 30 35 39 5 19 28 29 7 10 13 7 6 11 4 25 30 5 38 16 17 41 31 8 10 16 16 48 12 36 46 14 43 9 31 1 12 16 30 10 50 11 38 15 3 1 12 11 40 13 3 25 20 29 36 47 33 6 4 5 47 5 39 11 48 26 27 25 42 41 43 23 50 31 48 15 11 29 1 12 38 36 23 4 24 40 21 32 5 23 3 5 23 39 30 34 49 12 20 40 1 19 0 3 8 26 4 16 46 12 15 30 47 26 22
32 11 1 13 9 9 13 38 11 39 5 31 7 37 50 45 0 39 41 39 37 19 33 11 47 19 31 5 23 23 16 27 31 41 45 4 47 35 26 21 49 8 10 41 35 28 10 42 0 47 41 44 19 49 6 19 4 9 10 49 37 19 33 24 33 38 12 27 2 39 3 4 27 20 7 1 26 28 33 46 24 37 26 10 39 3 28 42 14 1 15 29 8 46 7 24 4 34 34 45 20 27 40 2 5 41 28 36 40 16 28 18 10 25 42 38 19 24 26 4 44 49 13 38 8 34 18 41 4 2 45 9 10 7 15 2 24 39 0 24 31 9 34 31 31 23 49 10 23 11
42 8 37 11 1 16 10 21 13 38 13 33 49 1 48 30 35 38 42 22 34 10 9 10 6 47 24 21 46 43 27 3 11 23 49 0 37 0 33 33 32 42 9 5 25 15 49 37 14 19 30 11 29 32 40 24 25 26 9 45 42 1 33 1 32 21 29 21 48 48 6 4 26 27 26 26 50 23 45 25 6 47 2 40 0 19 49 38 41 4 8 30 21 5 25 49 4 11 14 33 44 34 23 7 31 10 26 24 46 45 16 36 2 43 35 11 26 48 20 45 37 14 40 47 44 40 33 23 35 25 41 4 25 15 9 20 33 29 23 0 28 17 40 37 15 22 13 16 36 4
37 0 36 33 7 3 40 25 31 7 43 39 39 19 12 28 17 8 28 1 9 26 9 23 47 1 5 5 40 18 16 3 26 3 36 13 11 16 49 15 7 27 36 8 44 4 31 0 22 8 23 7 7 50 34 2 24 37 42 49 12 14 41 11 9 8 0 39 17 13 17 29 4 0 26 9 0 44 48 40 39 32 32 15 27 33 37 16 0 19 34 14 33 42 19 33 6 45 4 12 48 8 2 15 40 25 20 36 39 0 10 48 31 9 11 32 40 28 18 49 41 45 2 33 46 18 4 37 47 49 22 32 15 6 49 17 34 11 14 0 0 23 24 31 21 38 2 22 35 28
33 49 50 20 7 7 44 19 40 16 2 22 23 32 47 30 29 39 39 41 33 40 27 2 49 45 23 16 21 16 33 8 11 0 30 0 20 19 11 34 21 13 25 46 23 17 29 41 9 38 49 19 11 4 11 50 28 48 20 8 45 10 18 6 13 37 49 2 48 12 18 44 30 9 32 26 32 45 30 49 5 0 20 10 3 17 43 20 11 46 50 19 50 41 11 11 18 36 13 8 42 4 43 22 11 26 23 0 32 39 50 23 16 14 0 6 9 22 12 44 50 32 48 25 32 12 27 30 12 15 50 49 43 32 25 50 37 6 33 24 12 0 18 11 9 6 43 39 22 19
20 28 20 45 4 38 25 24 22 40 44 24 38 24 18 47 41 13 46 45 24 49 19 2 11 23 16 10 42 16 23 29 5 21 13 20 37 10 43 29 35 31 7 18 34 6 24 32 7 24 14 21 23 5 24 29 44 24 20 34 17 32 49 47 35 16 41 29 2 16 22 3 7 38 33 4 15 39 31 18 45 35 19 32 10 50 32 0 45 35 5 15 33 46 19 20 41 44 25 14 2 29 1 1 43 50 38 38 50 43 19 20 19 18 41 24 5 19 17 5 19 8 38 25 30 32 46 40 13 34 0 34 46 7 42 23 33 43 32 5 39 24 0 29 13 48 49 33 43 45
24 22 2 18 0 19 2 19 16 5 32 13 13 49 5 21 28 13 26 11 39 45 38 18 31 27 13 45 13 34 26 38 12 48 23 13 38 33 41 39 30 42 28 18 32 1 19 16 30 49 6 10 18 2 38 21 30 3 35 50 4 41 34 10 13 22 40 25 0 48 28 36 42 13 22 37 29 25 13 11 13 28 45 40 37 17 48 43 5 17 15 11 1 26 1 49 5 34 6 32 29 27 18 37 20 35 18 17 3 40 40 45 13 12 3 9 10 4 46 41 15 22 33 43 38 43 38 27 14 32 0 49 24 46 0 35 26 26 47 44 6 28 25 0 15 16 14 50 32 31
25 0 36 7 6 4 28 41 33 50 20 49 3 42 9 30 35 50 47 48 7 19 10 31 18 42 5 11 30 41 42 13 42 9 38 12 49 50 3 11 50 7 27 49 27 49 11 2 23 18 26 14 5 36 35 40 40 5 5 40 9 5 43 36 49 43 37 48 24 21 18 34 0 29 40 43 41 29 6 27 25 39 41 35 40 34 3 22 1 39 46 7 12 10 13 23 17 50 20 45 35 7 39 15 33 28 23 24 24 9 1 4 4 47 13 5 45 0 28 37 13 3 41 44 48 35 26 37 16 26 13 34 33 30 14 28 44 12 43 13 16 14 25 16 0 39 16 25 2 44
44 16 48 28 3 4 15 26 46 44 21 34 17 7 10 26 29 7 24 33 17 9 13 50 4 11 44 28 33 42 44 3 7 6 21 50 35 46 39 9 50 4 48 33 41 46 41 24 42 42 8 45 23 46 8 3 40 11 21 10 4 28 46 50 4 5 2 49 48 25 13 4 16 45 18 20 3 42 24 44 19 43 35 9 11 43 10 32 40 20 40 0 33 36 30 32 20 7 4 4 41 9 7 48 14 2 29 40 26 16 35 30 27 14 26 20 20 18 11 14 34 1 25 1 7 3 30 0 20 10 13 47 49 37 27 41 39 44 36 32 40 14 6 4 31 0 4 13 36 32
26 24 20 4 47 17 10 36 14 2 4 44 45 31 44 16 19 40 44 12 31 47 11 14 35 47 27 16 32 39 11 20 29 40 29 29 32 3 42 44 37 11 34 8 22 37 7 37 7 5 20 48 14 10 1 39 26 35 40 3 22 1 24 8 1 18 37 21 7 26 22 7 16 24 34 8 47 47 43 31 14 22 17 7 14 47 28 16 27 40 41 18 2 4 31 12 31 41 14 40 32 20 34 45 22 13 36 25 25 47 9 18 12 3 49 15 28 40 30 3 32 35 26 27 24 23 46 50 2 14 7 46 17 44 40 41 14 14 37 47 43 6 12 15 26 31 0 39 41 48
37 6 22 18 31 13 4 12 14 32 23 10 50 42 3 12 26 38 0 14 30 41 4 10 17 49 10 25 36 26 10 16 47 30 21 6 44 13 31 50 46 1 47 6 6 13 9 9 9 7 36 4 3 38 13 26 27 35 9 32 0 37 31 2 13 30 37 24 6 22 48 34 11 34 21 6 49 43 43 33 16 41 2 10 36 46 13 2 35 50 40 9 17 35 35 1 24 11 11 20 31 26 39 50 30 45 28 13 48 32 16 45 15 10 21 37 14 33 7 2 26 40 43 7 21 6 11 40 15 28 6 50 29 3 21 24 13 37 37 30 7 31 43 3 11 22 36 0 41 9
35 21 22 48 16 40 44 17 19 37 43 42 35 29 2 39 15 20 20 26 31 24 35 12 6 21 27 36 15 23 1 48 47 19 20 4 48 38 35 9 24 25 1 43 3 15 36 3 37 5 43 41 48 30 41 43 42 49 19 26 6 49 38 45 16 41 7 45 4 9 43 33 48 34 39 44 29 0 11 29 32 36 13 19 45 49 15 46 14 15 18 41 45 1 34 14 29 49 40 0 45 23 46 19 43 39 11 24 16 0 23 38 9 40 34 40 47 4 14 36 50 4 12 12 23 25 47 11 44 20 4 24 6 32 3 21 11 27 15 35 3 19 25 46 22 4 23 43 0 2
31 44 40 18 27 23 49 4 30 11 31 1 8 28 2 45 26 40 7 44 22 27 38 27 5 49 30 48 22 50 28 47 4 44 43 44 22 50 30 1 4 26 18 48 26 35 45 24 2 25 17 14 4 34 46 15 33 13 4 27 23 17 35 24 27 37 25 45 8 1 36 39 1 40 21 2 25 29 18 5 30 26 16 18 37 41 16 50 0 47 29 8 33 20 10 38 9 34 25 11 31 5 10 0 19 13 28 2 14 47 38 50 44 10 19 8 31 1 36 15 6 19 12 27 39 35 14 37 15 42 9 27 21 16 47 16 16 50 18 44 42 32 1 13 0 23 20 38 26 0
