100
92 157 44 115 1390
125 188 127 151 1929
59 124 169 63 1356
55 133 175 32 1961
17 91 86 166 227
31 19 180 88 709
57 196 126 184 1297
36 52 51 105 1802
59 127 150 91 1234
19 176 10 72 136
114 81 134 132 1494
45 179 176 15 545
90 170 112 160 248
6 200 143 154 731
80 18 131 164 1145
55 182 81 117 120
50 62 113 107 1415
163 104 54 11 1192
56 193 36 2 4
133 30 146 19 448
143 32 131 182 1360
75 154 57 23 1398
104 90 11 59 1606
72 109 137 27 1213
33 119 71 75 359
1 153 175 160 267
179 150 127 115 1616
49 145 53 42 700
155 41 51 60 185
81 118 109 42 1969
66 150 98 200 1428
78 187 148 15 1614
162 97 54 179 667
52 57 77 89 1602
75 46 1 118 1240
80 36 195 71 1484
200 167 59 194 1424
18 64 44 73 1971
146 183 155 41 884
199 36 80 187 1571
181 119 163 83 615
162 24 158 73 967
10 198 183 12 1967
164 19 40 191 1959
183 78 155 200 1224
107 81 59 65 144
1 187 48 84 1697
60 52 109 11 1021
161 90 113 71 1808
80 44 58 14 1968
74 36 121 188 1868
44 143 173 121 1676
114 110 93 127 1245
200 200 40 148 1221
40 106 152 62 214
135 143 34 182 1054
194 25 131 134 1496
89 165 79 185 101
66 169 9 169 965
119 28 103 174 1277
94 168 152 127 538
7 177 195 195 1786
135 166 101 40 1976
22 148 111 115 1383
158 126 117 79 292
198 24 66 153 1823
122 87 85 30 1984
78 173 160 189 1294
110 41 52 80 686
104 91 50 28 828
26 47 147 164 640
20 123 108 2 310
47 28 159 134 1628
155 8 21 57 1267
146 149 111 115 162
137 88 73 171 1033
146 146 21 33 1350
79 40 189 67 666
159 151 101 117 1901
13 48 150 79 995
156 5 115 122 1144
55 24 55 52 1329
32 139 131 169 1165
197 9 102 45 945
123 59 42 92 1217
84 7 154 109 1340
118 48 114 31 838
166 27 200 2 117
152 104 138 13 802
150 83 34 78 566
56 182 62 5 1318
109 97 171 140 1896
42 63 175 181 1843
183 171 121 83 1140
113 77 170 81 1308
190 198 29 30 1305
49 4 134 86 1862
198 17 145 106 739
174 102 85 62 662
151 121 123 115 1254
0 36 46 34 14 8 5 17 8 45 39 19 1 25 37 5 30 0 25 14 16 12 42 3 26 17 27 10 14 33 41 4 16 30 41 10 6 5 46 3 21 48 48 5 22 17 7 42 28 43 26 39 5 30 10 34 37 35 13 46 39 1 42 13 47 37 12 8 18 42 24 30 43 6 23 8 24 23 4 14 32 13 30 8 18 36 41 24 29 11 22 24 44 45 17 30 47 8 30 34
22 0 44 14 5 34 6 20 42 27 22 22 45 50 38 25 32 22 47 6 14 11 3 25 14 46 40 30 35 29 43 33 11 8 9 18 9 19 44 42 42 26 23 21 41 15 48 0 13 0 29 46 48 17 22 4 35 18 1 18 24 7 15 5 41 28 33 18 1 32 50 23 31 28 17 27 48 27 32 40 17 47 12 0 31 13 20 7 16 12 29 6 45 13 33 10 5 28 2 7
24 35 0 16 29 13 0 41 48 7 13 49 41 37 13 32 21 23 23 30 37 2 18 42 30 7 6 30 39 45 50 42 15 37 9 6 45 17 19 29 16 5 38 18 28 14 21 2 40 15 46 5 10 24 31 34 33 4 13 22 6 17 50 6 0 40 31 19 15 34 16 3 17 7 33 42 34 10 24 35 3 50 12 40 39 28 23 4 18 8 4 1 3 33 33 10 34 13 0 0
7 37 37 0 30 42 26 45 6 15 33 46 12 32 37 10 40 14 0 18 34 27 31 8 14 14 13 9 18 27 47 49 22 31 3 2 15 41 46 6 45 1 31 1 31 46 25 14 45 27 32 50 23 0 26 11 36 7 12 44 44 31 33 8 21 4 45 16 12 17 32 5 37 30 48 9 30 14 24 22 41 29 20 48 1 20 13 46 43 33 28 25 36 18 18 23 8 9 10 31
13 13 41 29 0 43 35 6 38 11 27 22 12 47 35 50 19 45 46 39 13 7 0 8 23 38 43 33 15 29 12 47 9 33 15 48 41 12 31 24 3 7 15 23 16 43 17 25 34 25 7 27 17 44 4 28 3 46 33 20 13 44 28 45 20 50 48 30 28 26 0 32 32 18 27 29 45 33 48 31 26 3 16 45 45 38 28 20 18 15 23 20 41 2 25 25 17 35 25 47
25 9 46 17 22 0 45 42 38 1 33 47 20 16 13 20 27 7 28 21 49 2 18 17 44 18 49 4 0 34 38 12 3 5 15 3 16 35 24 42 30 12 9 33 0 6 46 19 47 36 29 28 33 20 2 0 35 25 1 4 15 46 8 19 1 37 32 45 49 37 49 34 43 8 19 1 17 22 36 19 36 50 48 34 23 8 33 42 49 0 43 35 20 47 42 34 41 27 43 22
28 5 47 49 32 25 0 28 30 4 32 2 18 19 16 31 25 39 21 15 4 36 35 0 50 19 15 19 39 42 9 23 30 5 7 12 49 25 6 1 21 13 13 29 6 7 18 29 36 8 4 30 34 15 35 31 45 33 19 17 12 44 46 47 48 39 31 15 49 25 23 40 5 21 20 6 8 37 48 32 3 10 25 22 39 22 33 13 7 28 47 31 28 20 14 20 18 37 25 24
2 47 30 36 13 45 27 0 36 27 40 48 28 50 43 19 17 14 17 27 30 6 46 9 50 39 34 18 8 1 47 8 48 16 11 20 21 44 8 44 2 46 22 25 36 14 41 41 14 20 35 50 42 34 44 16 3 4 41 48 8 40 0 26 16 2 17 0 25 36 42 19 48 30 33 29 19 28 31 18 27 21 12 45 44 34 50 37 0 43 15 40 12 45 10 24 45 12 43 18
50 42 28 48 42 25 28 44 0 15 42 36 12 40 34 6 38 23 0 47 22 49 23 12 13 43 4 7 27 11 5 43 47 6 5 7 32 27 11 5 50 38 38 22 26 23 1 13 12 38 44 24 8 15 44 32 44 30 50 39 19 27 10 37 28 39 50 21 24 31 20 10 42 43 1 34 34 15 39 13 11 31 29 22 31 23 12 27 12 33 29 18 11 47 3 16 9 8 7 25
17 18 29 33 19 2 28 23 50 0 30 7 4 13 45 0 25 43 42 41 13 11 15 26 9 50 31 31 8 1 48 35 14 46 18 12 25 33 0 34 28 36 1 44 28 49 29 16 22 7 28 47 22 37 1 16 12 33 10 19 5 26 39 13 25 12 41 38 41 48 14 44 5 22 37 34 33 16 8 1 7 33 22 24 39 9 45 25 47 40 26 49 39 25 39 46 21 48 40 12
9 19 45 15 47 4 41 25 47 44 0 18 37 38 30 37 3 3 34 2 36 9 15 5 33 4 14 24 27 1 6 6 2 44 33 19 11 40 42 13 4 20 3 47 27 40 38 40 21 42 48 1 0 43 23 1 33 6 11 12 4 7 48 35 0 45 23 40 41 21 48 23 13 49 18 17 40 50 34 17 29 50 25 36 26 41 22 50 48 12 10 0 34 36 35 26 10 23 11 36
21 21 25 5 13 1 42 1 29 26 50 0 19 6 3 49 41 26 32 14 23 14 18 41 33 15 31 22 10 39 25 28 49 26 10 13 16 24 29 44 31 48 42 38 20 35 13 12 36 27 50 44 9 31 47 48 22 41 19 4 33 42 42 47 49 4 32 48 35 2 9 7 48 25 20 33 2 1 14 38 1 37 50 27 47 8 17 16 38 20 2 19 9 18 45 1 13 23 37 3
42 16 18 5 35 38 18 46 9 26 24 12 0 36 28 40 28 30 23 23 42 19 44 5 19 2 24 27 11 40 6 6 32 18 36 37 1 7 20 4 20 31 25 46 32 14 5 37 3 28 2 21 31 7 14 36 14 39 21 6 13 39 22 16 14 40 8 2 30 38 30 39 11 27 28 44 38 40 47 26 40 22 24 6 20 46 5 33 18 43 21 22 20 14 24 0 25 43 38 22
35 16 4 18 17 25 0 6 36 28 37 20 16 0 46 41 33 22 2 41 29 28 43 44 16 29 28 40 30 4 26 25 44 33 26 48 9 7 34 40 36 40 1 42 30 25 4 36 37 21 41 4 10 14 23 10 26 21 32 20 41 23 29 2 8 39 3 44 48 14 47 18 5 0 49 1 11 29 38 1 13 12 34 1 30 48 40 18 30 38 8 30 16 48 11 9 45 31 4 28
0 47 45 19 5 50 45 13 0 34 34 50 47 32 0 16 5 17 20 25 21 40 33 11 10 19 21 14 17 34 32 48 9 20 13 41 5 26 15 42 40 24 35 50 50 47 39 38 31 9 49 0 37 8 30 25 9 48 23 25 30 19 32 25 42 48 37 47 45 13 42 23 18 3 13 20 0 15 36 21 34 24 9 17 45 26 15 2 45 2 23 41 45 40 8 35 32 2 11 15
14 0 37 44 13 27 38 4 11 6 48 25 17 39 46 0 1 28 48 43 38 11 1 32 32 9 41 3 19 46 1 23 6 26 10 0 29 28 20 15 42 24 18 43 7 0 0 39 40 36 32 16 9 49 7 17 30 0 49 2 31 0 31 50 0 42 47 12 27 50 49 38 31 24 21 16 28 7 48 6 21 28 46 44 18 12 28 20 6 19 16 22 41 33 33 38 41 24 29 44
37 7 11 17 45 50 28 46 25 0 13 16 0 42 9 3 0 36 19 20 35 46 40 15 26 19 20 31 33 15 11 32 36 28 31 3 28 33 17 23 17 17 35 13 49 25 0 16 21 3 41 19 6 10 36 27 19 19 39 36 46 29 36 43 2 47 24 41 11 36 41 20 7 26 3 31 35 26 0 44 32 42 24 47 48 43 0 23 42 17 42 0 32 18 28 17 27 6 24 5
12 50 16 15 33 11 37 17 42 45 46 49 8 46 15 20 4 0 27 44 38 32 41 37 26 34 17 13 22 45 45 48 20 8 49 6 32 44 31 6 5 21 35 37 6 0 7 38 5 49 20 7 17 6 47 24 31 41 30 35 14 32 34 44 42 12 41 14 20 1 24 32 23 48 50 36 49 7 12 47 48 33 25 50 6 16 32 20 14 48 26 11 45 33 35 41 43 13 31 46
1 32 18 38 25 22 31 49 22 42 22 22 28 3 19 8 3 43 0 38 25 27 10 32 47 11 0 44 21 31 38 12 27 50 3 39 31 5 7 48 42 8 40 27 42 8 3 18 22 21 23 25 7 14 18 0 7 17 10 45 4 13 34 44 13 41 41 12 38 40 3 4 40 23 28 5 34 27 50 36 28 29 25 25 23 24 11 39 33 31 37 4 36 10 33 6 33 36 29 27
12 4 45 7 37 1 25 3 33 33 10 20 40 20 23 14 38 18 49 0 4 5 19 5 24 17 36 18 33 32 50 10 46 13 44 18 26 13 5 48 36 2 49 21 27 48 19 15 0 11 0 29 39 34 23 1 32 37 14 27 46 47 41 27 23 5 44 20 29 47 5 8 13 17 42 25 42 27 16 6 40 23 17 35 26 2 31 34 5 46 48 18 16 42 16 32 47 49 40 18
13 18 36 35 31 40 33 39 6 1 10 50 15 3 41 9 23 18 9 4 0 48 3 50 50 8 20 15 18 12 43 1 36 36 38 40 3 7 2 5 7 25 19 50 24 8 1 6 6 32 0 23 44 23 39 30 26 40 38 30 32 3 19 8 20 7 6 13 29 18 36 15 42 22 12 44 33 3 29 20 19 23 33 33 49 9 12 20 1 16 5 7 29 30 32 32 22 9 4 48
11 26 29 34 27 10 11 45 49 11 31 46 13 13 15 14 37 12 34 36 1 0 41 49 12 15 45 29 50 21 36 8 45 26 14 33 2 3 1 19 11 42 18 50 41 46 4 45 42 7 13 6 46 37 25 18 23 28 1 18 48 47 45 16 35 8 18 0 35 5 28 21 49 35 42 3 45 11 34 21 33 20 9 6 35 23 38 40 50 16 35 17 4 18 18 40 42 18 32 36
43 21 19 26 14 19 50 14 5 0 5 0 13 34 23 3 41 2 15 0 21 19 0 25 17 0 1 41 3 43 36 48 11 19 20 10 18 28 40 11 22 29 32 38 29 47 44 22 33 1 39 38 15 43 13 6 0 0 10 13 28 7 27 9 1 37 46 31 39 11 1 5 21 49 48 27 49 34 22 1 12 10 44 25 28 2 21 0 46 27 46 36 30 11 12 11 21 27 49 29
24 22 36 46 40 50 44 44 21 25 25 46 23 7 34 14 44 46 28 4 19 22 17 0 6 26 18 23 45 7 42 33 4 0 48 42 46 32 5 47 35 39 39 50 2 20 29 1 14 44 24 37 7 41 29 24 8 27 39 35 38 31 32 39 24 50 47 0 37 20 40 12 11 41 4 17 27 13 39 34 29 40 22 20 31 48 19 44 21 26 13 43 40 5 32 20 10 42 19 9
38 26 38 46 45 22 5 22 26 48 11 19 50 29 18 21 12 31 41 45 10 20 10 19 0 18 22 19 45 25 15 39 35 41 29 48 0 5 29 28 23 42 14 30 23 9 30 18 45 6 38 33 44 50 4 48 30 1 13 40 3 29 21 0 38 3 26 29 14 14 44 50 16 3 12 18 50 11 35 11 39 44 4 20 12 4 8 19 40 36 14 47 42 40 12 47 49 7 19 0
0 1 44 14 4 22 6 44 39 7 26 36 32 46 12 11 27 29 44 50 0 6 28 40 27 0 15 20 25 3 4 9 37 35 30 24 1 29 46 33 43 2 11 34 26 5 44 19 41 29 45 3 11 21 41 48 32 39 45 25 21 23 34 46 20 27 45 40 20 33 26 34 40 48 7 20 24 24 0 6 41 21 26 0 2 45 32 26 46 45 32 32 27 26 24 32 7 4 0 14
27 41 40 28 39 36 9 22 21 50 0 34 24 26 45 48 36 12 23 13 17 17 30 22 26 39 0 17 35 22 4 41 35 15 11 21 45 2 47 36 31 9 7 45 44 0 43 40 16 38 22 35 32 17 27 6 44 43 27 27 13 18 8 35 29 18 27 14 44 28 41 28 42 37 4 40 35 39 38 2 15 26 45 25 8 3 29 43 15 39 48 34 35 33 38 22 48 43 16 11
40 18 19 23 46 24 31 48 12 35 32 18 19 10 6 35 9 45 17 24 44 37 40 16 0 34 25 0 37 49 2 44 35 12 26 25 7 3 42 38 19 10 25 36 14 8 0 50 17 45 18 13 13 3 35 17 35 25 44 32 3 31 45 4 50 31 32 49 15 18 46 8 17 45 15 40 31 33 11 47 38 12 30 22 46 11 15 3 4 16 6 49 34 47 19 22 33 13 3 26
40 12 45 38 14 46 47 26 35 26 48 19 7 18 40 43 10 38 37 37 41 34 16 4 6 30 22 38 0 22 15 22 26 42 16 0 14 50 8 48 7 4 20 22 18 6 16 5 42 30 12 37 31 6 34 28 29 4 46 25 33 26 38 19 35 34 29 9 37 32 31 27 49 23 32 12 27 20 39 43 36 45 32 46 41 50 39 34 9 29 4 13 29 50 50 28 43 28 29 31
17 17 9 31 27 5 8 1 38 40 38 19 7 18 7 21 33 45 43 26 10 7 35 48 16 7 24 47 7 0 24 21 45 41 11 22 30 1 15 14 31 7 2 7 17 26 14 40 16 3 41 7 1 43 49 50 19 40 12 12 31 19 46 30 45 32 44 20 4 1 20 43 16 12 7 50 30 43 47 3 38 38 16 16 50 42 15 30 48 42 24 35 39 44 11 36 46 13 23 17
4 46 16 17 10 16 20 31 5 40 27 19 19 36 1 12 11 13 35 49 34 43 18 48 31 4 6 28 17 21 0 29 38 35 33 18 3 40 50 2 33 17 35 4 12 30 28 12 0 3 15 4 10 28 15 20 11 2 33 23 3 31 13 46 39 18 35 2 35 41 36 4 47 50 44 15 23 1 45 38 5 29 10 39 11 17 27 9 36 49 3 23 47 8 10 19 12 39 39 47
9 10 3 14 7 39 8 22 48 8 5 10 1 47 43 35 7 47 50 25 45 7 31 17 1 9 34 19 48 42 31 0 32 12 27 40 17 48 41 36 11 4 42 47 3 0 24 49 16 3 2 0 34 42 46 22 18 18 9 39 49 33 12 33 26 26 29 37 15 10 27 33 19 46 47 10 39 47 11 9 39 23 33 23 16 9 50 44 41 8 42 32 17 43 14 2 15 47 5 1
2 29 13 8 10 25 6 22 10 20 2 46 36 35 45 13 1 30 45 45 31 0 20 32 13 20 31 3 34 37 29 30 0 15 26 48 45 41 40 45 11 7 24 47 50 38 38 43 6 0 8 38 4 9 49 13 23 32 45 42 12 4 42 30 8 42 35 34 37 6 1 19 47 47 20 47 4 27 34 16 42 47 6 26 21 17 48 22 6 6 12 4 8 13 49 19 6 11 10 12
46 24 45 7 2 38 22 30 31 29 20 44 32 3 10 15 27 3 17 41 12 24 45 33 32 37 43 19 50 20 29 0 28 0 32 5 38 8 5 36 47 1 14 48 39 10 6 37 36 15 15 41 2 36 23 38 1 23 9 39 29 45 16 31 26 19 21 43 43 47 18 6 26 12 8 4 31 11 1 26 46 12 34 46 29 28 12 4 10 10 21 34 18 9 27 11 30 18 39 26
40 7 9 5 14 20 45 32 49 45 9 7 45 41 10 43 19 36 43 26 33 17 19 13 24 18 33 42 39 43 23 37 5 38 0 1 20 17 35 43 48 8 32 6 35 34 25 2 50 16 36 5 31 27 12 44 18 25 21 37 12 46 3 23 24 16 29 36 15 10 32 40 26 37 29 2 46 24 44 9 8 13 1 3 14 33 16 5 43 16 2 10 10 46 45 7 38 9 16 38
39 9 15 11 27 4 8 20 34 3 16 4 40 41 27 24 34 33 49 50 41 46 0 41 45 13 43 20 0 0 49 43 36 30 1 0 26 18 36 38 11 23 25 3 27 1 5 13 40 19 27 18 29 6 4 21 4 24 10 1 10 41 9 10 18 47 24 27 24 36 42 9 10 9 43 29 11 1 2 38 23 41 48 42 34 26 5 31 6 26 11 16 16 47 1 14 32 28 30 15
42 39 41 49 39 10 7 5 47 37 4 46 4 31 29 27 2 39 30 24 46 7 34 33 24 43 31 30 9 40 33 42 19 41 11 26 0 44 26 31 30 34 2 37 36 5 10 24 21 34 25 4 44 32 50 9 41 25 14 2 40 1 17 29 18 33 35 11 39 13 40 13 50 13 16 29 32 30 10 28 7 16 32 34 21 40 7 28 19 7 49 40 1 45 9 34 12 2 32 37
2 30 3 26 9 15 10 42 12 48 3 27 13 18 25 46 23 13 29 12 26 43 40 27 25 36 25 45 35 40 27 15 6 14 3 5 11 0 16 39 22 12 10 26 30 12 49 7 45 16 39 45 20 50 32 15 16 14 15 49 29 7 40 38 33 13 32 40 7 4 45 9 32 50 34 16 0 50 0 25 48 29 26 18 45 43 43 43 15 29 49 19 41 24 44 12 19 6 4 38
42 26 35 6 29 42 38 36 3 10 37 1 43 15 43 14 6 33 11 47 46 35 11 6 8 6 22 34 26 20 45 14 47 15 28 15 48 28 0 5 36 36 3 6 34 21 45 38 19 1 8 35 3 41 40 39 0 1 24 8 30 30 12 22 16 3 5 11 43 41 2 27 41 30 41 29 37 30 20 20 6 7 35 17 12 11 22 36 34 20 28 41 48 23 42 25 12 14 38 0
35 3 20 37 48 45 11 2 48 14 35 11 10 38 16 21 3 8 12 26 26 49 14 45 25 36 21 18 10 47 15 45 16 0 12 6 46 37 1 0 6 17 6 0 17 15 9 45 31 26 29 6 37 32 6 29 9 26 2 41 50 18 45 3 7 32 13 14 32 15 13 46 16 30 48 45 34 29 0 9 22 10 26 37 33 42 43 47 2 42 44 10 25 48 29 1 50 48 42 19
9 14 12 44 48 10 18 22 26 11 45 20 31 10 22 30 32 35 27 29 8 36 37 22 21 47 17 21 43 17 4 15 20 27 6 44 20 47 38 9 0 28 0 30 3 50 18 13 43 46 39 1 0 20 38 38 2 27 17 13 29 41 47 14 43 4 2 20 15 34 37 11 38 37 20 22 38 26 7 29 44 5 12 15 14 48 50 45 17 29 40 4 18 11 39 10 4 12 24 40
36 48 33 1 40 11 40 45 13 20 18 27 2 31 31 20 9 41 17 35 14 28 11 19 0 46 41 16 38 22 30 45 13 20 32 50 33 3 3 13 1 0 0 47 45 43 5 23 27 24 13 47 37 3 9 6 43 38 49 19 0 22 16 24 8 3 47 30 31 49 14 17 43 37 7 44 48 35 23 12 35 15 3 41 26 50 39 35 17 49 8 24 41 22 16 39 21 15 27 49
50 22 49 45 2 49 16 39 17 33 29 41 11 50 47 40 43 38 40 17 2 41 37 49 8 22 42 21 36 7 24 8 40 24 28 0 31 36 6 16 44 26 0 46 49 46 15 37 43 22 32 24 15 41 9 27 29 35 20 5 41 41 30 15 12 49 42 22 31 33 46 47 7 6 18 6 49 30 37 25 8 2 24 32 28 45 10 48 19 25 44 37 12 39 14 17 46 47 21 41
40 17 16 10 22 8 7 44 9 20 41 20 30 12 6 30 11 43 11 47 15 36 18 9 45 45 3 29 28 33 28 31 38 40 25 19 47 24 25 39 32 35 3 0 49 14 31 18 47 29 36 7 33 30 7 9 36 2 6 28 18 34 4 4 7 25 28 38 36 3 43 47 37 49 39 6 15 49 12 33 48 1 23 21 49 14 29 33 22 22 23 41 43 17 27 46 0 45 32 35
49 49 33 14 34 47 41 32 9 27 13 44 44 29 36 41 31 30 29 4 14 36 10 37 2 44 22 24 45 20 0 3 44 5 50 2 44 28 30 35 2 26 49 13 0 0 47 23 36 0 0 0 25 46 18 35 10 28 22 1 50 33 10 36 46 31 44 3 14 48 44 4 7 19 3 48 5 15 3 44 18 35 25 38 15 30 31 32 22 47 39 27 44 39 21 0 35 36 32 5
10 45 20 20 22 20 26 48 16 7 34 30 34 24 39 27 49 29 3 37 49 2 49 5 3 19 7 2 5 35 7 34 46 6 45 43 37 16 46 36 17 1 45 23 40 0 42 13 45 44 13 3 26 36 26 3 14 41 36 31 40 40 25 16 9 43 30 2 26 29 48 48 7 14 18 27 27 30 49 30 8 19 43 5 28 38 34 20 0 37 33 18 12 24 1 23 9 41 11 47
30 9 35 31 7 30 40 6 20 40 17 21 31 30 10 18 0 45 13 47 13 32 6 26 49 28 28 7 21 33 28 35 42 48 18 7 14 2 45 0 43 3 45 10 5 28 0 28 40 29 30 35 48 6 2 19 47 5 2 7 7 30 33 13 46 50 9 3 27 19 20 39 45 14 16 9 45 5 24 5 22 43 47 32 39 41 48 22 48 26 38 17 28 45 36 7 22 44 19 25
46 8 50 39 3 13 28 11 3 49 23 4 4 5 10 41 28 9 28 23 18 6 30 38 21 28 42 18 29 12 50 1 23 35 6 1 40 6 6 37 48 22 18 14 44 36 14 0 20 25 48 28 42 47 3 27 45 30 37 5 37 27 49 7 25 38 31 47 39 24 2 22 21 32 50 47 15 4 4 42 33 38 2 27 20 14 42 46 7 13 35 41 38 19 34 35 19 7 47 9
23 46 24 49 21 34 32 25 5 33 2 16 11 13 35 33 28 13 3 0 27 28 7 50 21 49 29 12 20 21 47 38 26 46 29 29 34 5 23 25 42 15 24 42 3 10 14 19 0 8 47 43 4 20 42 36 24 28 3 40 38 28 19 1 8 1 47 1 29 32 12 16 31 14 42 46 18 37 26 28 21 34 14 9 42 16 44 25 45 27 41 7 35 18 22 5 12 23 31 15
0 15 0 10 10 3 50 46 6 20 30 33 6 30 6 41 18 8 25 20 37 38 30 2 18 15 46 50 16 22 18 23 46 22 10 38 1 48 21 18 1 9 42 6 24 25 37 28 43 0 36 35 21 12 14 50 27 47 24 43 28 18 46 34 35 40 1 41 32 37 35 4 38 4 43 0 38 37 21 33 12 3 19 2 15 40 16 31 23 5 29 14 14 11 41 12 42 14 33 7
45 15 45 29 42 2 36 6 22 44 45 6 3 39 18 27 37 17 47 44 26 0 26 38 49 15 7 11 28 27 16 50 42 9 5 12 50 33 12 39 27 29 41 40 37 41 17 43 49 30 0 35 36 28 7 11 25 46 31 10 21 8 48 20 4 33 48 14 38 25 20 31 17 23 32 38 34 35 10 10 22 39 9 17 25 16 47 32 5 2 30 10 49 41 9 34 13 47 16 11
22 48 48 49 28 36 1 43 4 41 26 14 25 20 22 41 13 34 30 15 46 38 45 0 19 14 48 8 21 9 23 13 10 20 21 13 48 0 25 40 45 34 7 31 22 22 24 28 19 6 44 0 8 40 7 8 45 33 43 27 31 4 23 32 15 42 29 22 15 39 48 6 4 21 23 15 17 25 15 34 7 11 46 15 17 0 15 47 15 2 26 11 1 13 8 8 49 36 30 47
10 39 43 46 9 21 18 16 4 31 12 31 13 5 39 4 16 41 3 38 2 50 1 48 11 9 4 35 15 24 21 25 0 25 8 30 44 10 31 27 30 2 25 33 17 33 24 48 33 22 44 37 0 16 16 21 13 34 26 13 16 44 8 13 9 44 47 12 37 47 25 12 11 50 16 28 49 6 25 8 49 2 7 32 32 19 32 11 39 44 0 8 44 36 49 15 30 25 3 29
36 32 32 12 38 4 43 23 2 27 25 32 45 49 0 3 8 24 15 23 12 5 7 13 41 43 13 10 44 2 21 47 1 15 49 8 41 47 49 50 37 0 6 10 14 39 44 43 43 4 49 23 15 0 19 47 2 0 21 25 46 3 32 41 12 2 17 35 10 1 14 40 41 37 50 3 14 10 50 42 17 9 16 25 21 13 49 31 37 39 1 6 19 29 49 27 27 39 38 32
29 8 16 22 17 2 25 25 24 1 41 29 48 6 41 4 7 38 5 27 1 3 31 32 41 31 25 39 48 13 40 46 29 21 49 9 0 0 19 15 38 47 48 5 14 17 36 44 12 50 32 6 6 33 0 4 45 47 42 17 24 11 30 14 31 5 25 12 2 38 34 30 12 18 34 14 40 18 27 6 40 1 12 17 10 13 25 9 47 3 46 19 14 1 15 31 47 2 30 46
43 50 0 18 17 18 23 25 49 21 27 2 6 49 7 12 49 13 11 10 28 18 28 36 19 17 38 10 24 40 3 25 36 37 19 37 42 29 36 26 48 11 4 15 31 35 5 19 17 41 43 16 47 20 21 0 13 29 47 10 22 22 39 14 23 26 42 31 20 4 15 18 38 0 22 5 41 50 21 40 38 36 0 29 16 48 7 7 39 47 35 33 12 11 14 24 31 10 12 44
35 48 10 15 4 48 10 43 45 39 49 43 12 2 22 11 22 13 26 19 21 33 36 48 5 11 34 45 23 45 20 25 33 7 27 28 38 3 0 38 13 26 30 31 8 47 0 44 45 45 49 34 31 48 25 14 0 28 1 16 26 42 15 3 20 22 33 36 42 1 38 30 35 14 32 32 14 31 2 34 34 40 23 18 4 7 50 33 29 28 15 44 41 8 36 8 27 49 49 46
32 11 47 6 31 14 5 27 37 2 6 28 31 2 2 48 33 44 43 49 42 32 23 9 20 26 33 25 40 48 24 24 41 12 11 32 37 46 0 14 44 22 18 33 23 38 48 13 25 5 11 25 28 30 33 20 17 0 13 42 38 32 35 9 38 47 44 50 3 45 44 18 1 41 42 18 18 48 16 30 8 8 13 8 15 3 21 46 33 35 13 18 17 9 8 46 40 46 31 45
25 36 23 20 41 46 0 34 32 48 39 50 45 29 34 43 7 33 21 42 27 45 7 48 26 29 18 19 27 13 37 17 32 36 21 47 15 9 22 27 47 36 45 6 14 7 49 36 27 34 7 7 47 21 3 16 43 21 0 11 18 31 15 34 29 9 28 22 48 40 27 6 28 6 19 11 25 5 39 45 16 47 32 8 19 8 26 41 4 30 40 15 34 29 1 40 48 41 50 50
47 28 37 40 31 48 40 48 11 38 25 9 45 1 21 13 11 39 43 24 44 16 29 1 7 46 9 27 4 4 39 6 15 45 9 20 19 48 19 16 41 46 16 33 49 46 23 10 18 6 39 15 9 7 11 3 45 49 47 0 40 21 24 48 3 44 3 7 15 19 23 18 42 42 32 19 18 36 39 2 49 25 41 24 29 41 37 31 24 48 3 28 37 3 15 38 50 45 4 1
14 16 44 21 7 35 34 36 31 40 37 27 49 18 14 24 49 10 20 24 22 27 43 37 38 46 7 37 32 12 4 1 19 31 25 17 41 45 8 9 34 17 16 41 39 8 25 40 19 16 11 5 46 40 24 22 24 4 41 27 0 4 32 35 2 25 21 20 45 1 16 14 0 3 16 41 24 41 38 40 41 44 1 24 29 11 5 16 1 1 32 49 12 36 49 4 18 21 16 17
26 25 23 21 18 27 38 14 9 15 26 34 48 0 43 40 11 34 23 24 35 33 19 19 10 41 43 0 46 40 34 25 41 48 42 19 44 41 10 41 10 7 12 47 11 37 40 49 26 17 5 42 43 2 19 45 19 10 40 24 35 0 15 26 36 45 23 8 48 21 6 21 7 33 27 50 21 46 17 9 23 28 3 24 49 46 10 9 43 31 33 13 26 41 46 22 18 26 13 3
29 7 38 2 12 43 49 31 3 9 41 14 49 5 4 39 9 42 9 34 27 45 10 21 12 46 3 30 3 24 42 24 42 17 33 36 9 32 49 3 17 18 2 0 0 47 25 13 47 27 17 47 11 38 12 2 21 21 36 16 2 41 0 40 26 23 30 9 33 39 38 22 28 12 19 31 19 29 16 16 15 4 44 21 10 47 11 50 5 35 38 50 13 27 21 17 38 19 30 2
1 8 47 5 42 36 33 44 6 23 10 47 17 32 6 18 36 48 15 0 48 9 19 15 36 27 47 39 38 16 47 14 16 0 2 14 21 23 7 41 28 11 32 30 48 25 18 25 19 24 29 8 33 21 47 27 29 31 25 1 38 15 13 0 0 7 24 37 5 20 30 35 39 45 23 26 16 48 47 37 46 46 36 19 12 43 30 27 4 31 41 30 17 15 8 45 16 7 31 33
43 45 37 30 28 16 45 9 28 27 45 34 12 15 27 36 2 0 11 10 31 41 33 38 23 10 32 26 12 14 34 20 3 2 10 27 7 44 12 6 14 26 42 44 45 12 14 1 8 40 7 39 15 32 33 11 25 9 33 19 50 4 18 4 0 18 27 0 9 47 25 49 40 45 34 7 28 12 21 37 9 43 27 45 46 7 34 2 40 31 35 36 38 8 0 7 44 21 28 2
15 49 45 32 35 24 49 18 46 14 46 11 26 35 13 37 31 7 26 4 24 50 41 23 42 44 26 9 30 28 20 21 5 1 9 48 4 48 8 24 31 13 19 15 22 47 13 30 17 47 27 32 35 41 38 40 0 20 33 10 17 8 12 33 3 0 21 21 8 47 36 34 48 45 34 40 41 50 14 6 47 36 12 49 40 46 47 13 37 1 3 44 9 31 1 43 48 14 45 21
32 17 11 36 9 40 15 33 18 35 37 48 33 24 6 5 32 41 44 45 30 4 16 27 21 32 41 22 22 6 30 38 23 29 8 43 32 42 19 13 46 29 29 50 13 47 29 39 25 16 24 7 23 28 13 18 31 35 33 8 30 38 3 23 24 31 0 46 3 18 43 41 22 32 47 36 14 33 5 44 28 12 8 0 2 1 47 40 40 1 49 47 21 4 27 31 36 43 21 16
24 23 24 7 22 45 1 46 49 43 13 23 38 27 17 30 49 3 23 9 3 8 7 49 30 25 11 41 27 34 17 23 1 48 0 12 4 5 32 1 25 14 29 46 8 48 10 43 20 49 32 34 2 31 39 25 25 37 31 20 19 40 21 10 47 28 10 0 12 3 34 34 5 50 35 12 31 45 26 36 37 49 26 8 5 46 26 43 46 47 34 7 34 24 37 21 36 28 23 47
45 29 8 7 2 10 2 31 13 17 38 18 5 1 41 11 28 20 5 24 25 1 15 17 29 11 37 5 29 5 17 14 10 26 40 37 44 23 31 44 34 18 8 11 44 7 42 40 1 45 9 40 22 1 12 39 12 28 4 21 38 34 47 24 40 43 44 34 0 46 2 38 30 34 34 32 34 31 1 11 45 10 45 24 32 2 30 15 7 5 31 11 1 32 6 47 35 24 45 40
41 14 45 15 22 37 4 2 46 50 46 43 6 5 4 5 39 20 13 8 15 22 27 17 17 19 13 24 20 43 49 34 29 24 32 4 14 18 5 14 44 45 29 26 16 50 36 24 10 45 45 43 17 42 18 44 4 15 22 36 2 33 49 35 27 5 15 28 34 0 24 24 27 13 21 18 47 7 37 33 23 10 31 4 34 6 1 49 40 42 8 50 5 14 5 12 19 34 4 29
29 30 38 32 3 6 11 18 13 50 28 8 8 7 18 49 50 50 41 15 7 46 34 34 32 12 15 42 17 32 15 23 18 45 9 43 43 20 18 16 24 9 5 14 19 6 17 9 24 24 2 49 13 19 19 45 45 29 24 8 31 9 14 41 38 27 0 27 1 16 0 17 27 47 12 31 29 15 8 49 24 50 3 19 5 46 39 27 6 39 15 45 21 50 32 11 47 45 29 25
30 8 5 26 21 5 12 23 26 23 5 25 43 5 42 36 1 31 49 50 15 40 8 48 6 6 3 32 14 18 31 40 13 44 33 49 0 17 17 33 25 0 11 6 32 9 31 4 34 27 18 28 15 14 5 0 5 50 42 3 13 34 12 29 10 19 1 49 45 3 29 0 35 32 23 46 0 28 24 48 29 30 2 4 6 46 3 14 15 2 50 46 1 33 46 21 9 10 10 44
27 15 38 28 48 36 48 33 23 35 2 4 41 43 33 15 47 18 44 38 41 29 7 44 24 14 5 49 0 48 8 5 43 36 23 17 5 49 42 2 14 11 49 38 17 8 22 10 32 29 32 46 45 21 49 4 34 27 13 5 10 17 45 49 14 45 47 47 42 24 41 4 0 5 40 23 9 35 37 47 16 22 25 44 17 36 39 32 40 39 1 40 0 10 24 17 49 19 49 16
19 13 19 15 42 21 42 23 21 24 42 31 20 32 2 40 9 20 42 34 21 40 3 3 48 22 1 39 35 8 47 41 17 27 9 44 31 17 27 7 9 37 37 30 30 16 49 9 31 1 33 39 9 1 44 47 7 3 42 41 3 10 34 2 49 0 45 14 22 8 36 33 36 0 5 5 21 49 7 25 3 12 10 42 36 15 35 13 10 31 29 45 1 37 32 34 12 15 18 25
37 9 2 7 6 21 7 12 45 25 35 49 10 34 49 34 26 21 12 3 11 29 35 49 30 29 15 40 32 22 20 28 42 24 7 28 9 36 16 49 17 26 29 27 2 40 9 34 8 23 13 29 38 6 17 13 40 16 46 46 33 1 29 15 23 47 24 13 18 21 41 31 17 16 0 48 26 6 42 23 40 37 11 5 35 44 10 33 18 47 28 4 8 48 26 22 12 0 7 14
45 29 23 42 19 49 18 32 13 24 36 6 49 49 0 26 47 10 9 12 3 7 15 7 39 50 29 37 30 31 17 20 3 26 2 18 37 21 3 36 34 22 9 47 13 45 35 33 0 20 14 33 36 43 45 42 20 23 1 18 35 19 22 16 9 39 23 6 34 42 35 45 32 27 18 0 27 12 3 49 40 16 28 22 37 44 17 2 35 5 9 4 1 22 38 2 21 23 43 4
30 30 3 50 25 20 26 48 10 27 3 18 41 42 1 12 1 7 43 22 50 36 38 2 27 20 30 2 45 48 47 19 48 31 4 49 23 30 13 4 45 33 38 15 36 34 39 7 16 44 10 43 10 28 30 45 18 31 3 23 16 50 47 32 41 21 6 36 16 7 8 50 15 9 46 50 0 14 12 12 42 16 14 20 47 28 43 19 1 8 3 40 11 14 9 9 8 31 49 7
7 2 14 17 8 21 14 41 50 44 24 15 34 14 4 4 5 16 28 12 3 12 50 40 35 47 35 17 34 25 24 30 1 47 31 30 27 44 30 46 37 44 40 50 40 17 42 23 15 24 17 26 42 48 32 10 50 21 44 30 40 18 20 33 16 45 11 14 40 39 17 22 29 43 32 40 39 0 33 33 42 8 1 21 24 41 8 18 1 6 8 4 30 31 28 41 13 39 44 48
11 25 3 40 26 12 8 35 7 15 1 20 1 35 8 35 35 40 13 49 44 16 42 46 40 42 17 29 34 20 11 22 25 18 32 40 15 33 29 4 0 0 19 50 4 34 3 32 8 5 13 18 48 23 34 9 46 12 14 0 4 27 12 2 49 17 49 14 4 37 10 45 1 21 1 38 40 21 0 39 38 2 39 33 42 34 39 16 50 37 11 27 21 2 36 37 27 19 26 7
45 31 23 7 40 40 20 27 14 6 12 2 6 20 21 10 42 6 11 18 16 35 13 42 37 25 0 40 49 49 18 5 45 18 11 16 45 26 30 26 11 16 20 18 0 5 28 8 30 42 19 36 31 4 35 10 6 4 49 48 9 20 2 46 19 12 47 36 11 45 47 36 30 37 35 18 36 31 44 0 37 32 38 37 15 10 49 16 26 37 13 6 46 19 47 13 19 15 5 34
22 43 8 36 45 2 39 40 33 36 40 42 4 22 40 9 2 23 6 10 26 25 47 33 20 12 9 26 10 9 20 5 48 33 31 41 50 12 32 31 19 11 41 25 43 10 13 48 35 45 36 19 44 25 12 25 47 17 7 6 47 49 41 26 35 17 1 9 9 24 50 46 5 10 44 21 6 9 31 22 0 38 4 14 26 19 19 39 11 5 31 0 38 31 6 36 29 31 17 28
33 20 20 3 14 25 44 12 43 10 17 0 14 44 4 35 12 42 19 29 26 49 4 15 47 49 3 31 2 44 18 3 18 13 32 27 40 33 12 8 13 3 12 13 39 46 9 10 32 30 7 7 9 31 19 6 18 48 9 46 9 30 35 23 35 1 21 10 3 29 9 8 22 23 28 8 34 19 9 15 39 0 35 26 41 50 6 0 0 41 15 39 45 39 18 3 43 22 26 38
42 23 20 36 9 50 35 40 11 12 4 39 20 1 17 10 23 38 14 39 29 38 48 38 23 16 32 4 45 42 49 45 13 24 13 19 15 39 36 41 34 36 35 11 11 38 12 38 16 43 42 14 1 41 1 17 23 21 43 19 37 4 29 14 8 9 43 49 34 24 14 10 26 43 24 28 18 11 34 23 40 29 0 4 40 13 12 5 37 25 50 19 29 20 12 15 16 3 19 43
0 46 16 23 47 20 46 8 4 20 3 15 2 21 46 2 29 37 29 29 44 6 21 32 29 34 9 2 6 14 20 19 33 38 27 39 7 11 7 24 42 34 48 4 25 32 23 17 3 0 6 25 18 43 50 31 26 28 35 31 42 17 34 12 50 18 32 23 47 49 2 5 12 41 41 2 10 36 48 16 49 30 17 0 13 44 5 30 12 10 12 32 48 49 46 1 21 35 31 13
41 48 25 12 50 17 13 15 38 50 42 32 16 19 6 23 13 22 24 45 9 43 17 38 44 37 49 2 47 31 34 13 15 46 33 45 7 31 27 34 29 17 26 33 16 45 10 50 18 47 39 6 6 32 23 18 43 48 32 38 41 6 4 33 27 40 44 42 38 4 47 38 25 27 7 49 30 32 43 35 12 41 30 48 0 28 13 47 39 48 12 4 25 11 31 38 16 26 49 38
45 23 28 44 42 24 10 18 28 15 50 8 28 23 2 29 11 49 24 17 32 39 6 19 37 43 20 41 31 40 50 24 26 46 38 16 42 14 0 30 30 19 33 1 48 43 2 30 41 22 42 45 26 46 10 4 38 44 49 29 33 30 22 3 10 30 48 10 44 31 33 0 3 17 40 23 2 23 48 7 31 38 9 23 23 0 27 49 38 31 1 9 10 8 44 3 47 29 19 21
31 16 2 12 44 46 11 37 14 16 2 33 40 12 20 32 15 22 43 28 43 47 2 25 1 16 21 43 31 6 35 29 43 50 40 16 24 38 15 9 2 20 48 43 42 37 24 11 0 2 22 24 30 35 0 8 30 48 37 20 13 48 41 25 30 30 24 50 16 5 17 36 16 33 29 40 19 38 35 43 34 4 48 50 6 28 0 14 28 46 30 37 27 25 27 4 24 49 49 47
14 27 27 46 47 9 38 2 36 28 0 0 35 2 23 3 10 29 35 1 19 23 17 39 46 38 19 5 37 9 7 33 15 19 24 2 20 2 36 49 2 29 0 4 9 23 4 5 38 21 13 5 33 19 48 31 40 47 14 23 25 41 13 20 22 35 32 47 40 7 20 29 48 4 13 8 30 15 2 31 1 50 7 48 47 6 46 0 6 39 35 25 46 46 17 21 12 1 13 47
48 23 11 50 41 42 25 15 20 22 29 1 44 2 38 18 41 20 5 46 48 17 32 2 26 5 8 20 27 26 25 37 9 31 11 17 25 9 30 1 27 6 29 31 26 18 23 37 5 7 6 32 46 29 21 31 45 12 13 47 4 23 44 13 24 8 8 24 1 44 49 0 2 43 21 6 3 44 17 3 38 45 44 40 3 15 49 5 0 37 7 10 15 29 39 9 14 24 5 26
10 31 27 7 42 0 42 31 11 34 16 48 6 44 23 16 35 8 20 22 50 18 10 4 14 34 0 30 25 25 4 35 8 3 39 2 30 21 20 13 37 7 20 6 19 38 47 16 50 14 33 3 26 46 16 50 20 48 25 31 22 32 23 13 25 45 36 6 36 13 11 26 37 22 8 46 31 50 27 2 27 49 44 1 16 32 36 39 29 0 13 27 28 47 33 7 0 16 19 19
7 26 38 4 14 15 20 14 7 0 40 15 3 14 13 46 22 44 23 29 41 31 11 4 32 21 5 14 6 41 10 23 10 35 25 45 38 45 45 37 19 13 13 41 34 24 42 5 14 38 16 45 42 18 28 35 47 22 3 37 21 28 22 42 16 39 47 28 44 25 26 16 45 35 38 3 4 36 38 38 26 23 44 27 50 40 17 15 13 43 0 33 23 34 9 20 50 21 19 11
29 12 30 0 44 38 45 47 0 12 31 20 30 2 21 31 49 40 13 32 11 26 10 17 42 8 16 16 2 37 7 43 1 24 42 5 7 47 23 23 28 3 5 4 16 40 3 46 50 36 23 16 40 35 42 5 40 33 15 42 45 34 40 29 46 11 46 10 22 43 9 37 27 34 41 2 38 15 14 36 48 30 43 33 37 48 44 46 0 48 28 0 18 8 8 0 48 36 27 2
35 16 50 38 10 4 48 42 26 1 28 28 26 34 29 15 44 22 31 1 27 47 16 35 4 26 2 9 2 10 33 32 27 4 23 23 32 7 25 46 6 15 26 9 38 46 29 49 50 4 49 4 26 41 26 43 28 10 8 44 27 16 36 47 39 18 13 44 11 10 33 6 1 1 31 2 14 46 26 43 16 39 29 6 21 31 19 43 28 4 3 40 0 42 14 31 5 15 3 37
4 18 19 15 43 34 19 2 9 44 38 9 14 39 48 23 15 37 33 39 0 40 32 43 50 33 15 38 22 14 1 7 44 11 0 22 28 25 0 28 11 27 40 24 31 46 45 9 29 42 25 21 40 31 35 35 42 16 37 41 48 0 22 9 36 9 33 40 3 16 30 11 46 25 2 28 38 50 42 33 44 43 37 4 19 3 22 3 20 39 23 43 16 0 28 13 45 22 48 33
40 48 33 12 19 10 23 28 40 26 50 30 7 49 50 46 21 30 40 19 13 36 35 31 7 4 48 11 33 37 1 49 27 22 10 32 39 13 48 18 42 41 30 46 49 18 13 43 29 24 0 46 9 6 50 22 44 17 47 18 9 12 1 46 23 9 48 29 46 50 50 12 26 2 10 18 5 21 47 37 50 19 43 45 8 31 22 25 50 22 38 36 3 45 0 34 42 12 11 10
1 26 5 30 29 37 31 43 4 38 35 39 15 1 25 21 33 44 44 15 0 13 35 42 37 44 49 17 27 12 33 36 1 13 27 37 6 2 2 31 24 13 32 15 49 36 29 34 32 16 21 30 2 21 25 23 27 43 40 37 9 33 45 10 40 42 1 16 15 0 40 20 14 30 46 3 35 8 41 35 48 37 21 44 17 50 31 8 21 29 13 46 23 11 48 0 13 35 47 3
12 27 30 44 1 17 25 47 3 39 12 38 13 44 1 3 10 42 38 30 20 49 4 25 11 49 33 48 3 16 47 50 18 13 6 13 18 5 2 21 34 47 16 29 8 23 50 17 30 11 0 41 37 50 6 3 37 15 5 17 44 47 7 13 20 44 23 47 21 2 17 46 45 5 46 5 7 25 6 46 7 10 38 26 35 16 18 46 13 5 43 27 13 8 20 20 0 33 29 2
39 27 16 44 47 31 37 39 34 9 20 37 29 43 34 10 9 21 10 13 46 36 20 23 35 36 10 10 7 20 2 39 8 49 40 9 36 48 40 18 48 35 43 32 21 20 45 34 7 46 30 40 41 24 35 21 33 1 26 37 8 11 14 19 47 23 49 10 39 47 27 36 29 21 3 18 16 18 47 23 21 17 5 33 24 43 1 50 2 37 21 41 23 14 36 28 34 0 8 49
36 1 40 25 41 12 39 37 3 42 41 18 25 49 34 49 38 33 16 12 20 32 1 23 3 27 11 3 3 45 44 13 7 15 35 4 9 0 39 45 42 26 23 12 6 44 30 48 23 21 36 48 44 26 22 47 42 24 6 8 30 19 36 11 8 9 14 39 24 34 47 26 19 46 3 2 30 35 13 42 4 10 19 43 19 46 1 42 5 26 34 26 14 24 20 11 39 22 0 39
18 16 24 43 35 46 47 43 10 24 50 7 19 21 0 50 28 5 31 47 14 35 47 46 25 34 10 32 8 29 43 39 1 17 28 47 23 25 33 41 33 15 36 48 19 50 8 2 20 49 3 33 26 28 2 10 32 37 20 40 32 37 47 38 1 45 33 16 6 34 34 0 43 46 10 42 33 2 10 8 50 23 44 22 20 47 7 29 42 21 26 27 2 16 1 40 39 6 37 0
