450
5 0 911
17 1190 536
6 254 768
14 1151 902
3 83 768
5 959 678
20 1049 576
17 680 916
3 131 738
2 1026 623
9 946 531
16 373 691
20 685 632
3 1191 805
4 746 884
12 778 566
6 355 959
10 1209 779
5 1036 559
2 604 588
11 413 584
10 1068 989
6 521 773
5 1210 523
20 842 929
8 509 527
17 850 968
5 580 580
14 802 900
7 172 516
3 558 522
8 934 666
4 614 613
8 3 553
15 1042 513
18 1161 834
2 1049 531
11 153 958
15 151 680
15 903 922
17 828 589
9 211 738
4 172 904
10 382 922
13 617 966
13 100 541
17 23 594
16 1065 931
15 344 865
15 453 566
3 1050 942
5 653 681
4 1145 709
20 292 743
13 852 667
15 1124 692
16 279 806
3 389 720
9 398 899
10 799 716
18 608 532
9 405 578
12 386 982
10 987 980
20 1085 938
6 1151 799
17 1228 503
7 529 718
3 744 935
4 221 864
18 1192 682
14 375 945
5 603 656
19 183 554
19 1045 782
13 1203 589
2 1027 747
3 652 542
20 121 844
10 55 922
12 721 956
16 1057 692
14 1068 669
6 859 974
18 1023 927
12 894 587
7 557 598
4 473 839
17 840 943
11 477 521
10 465 966
8 652 779
12 158 928
3 522 748
8 11 657
18 1135 820
10 301 739
13 93 855
5 1018 859
11 492 869
19 1215 877
8 1109 622
13 683 863
11 1026 605
18 208 752
6 396 652
10 1204 897
20 172 943
19 1220 987
16 732 610
13 708 502
20 1237 978
14 1107 648
18 707 600
9 11 682
15 1169 886
16 1161 511
14 1136 975
14 1191 693
3 233 840
3 283 676
15 268 806
8 23 866
12 887 503
11 52 683
15 543 756
15 765 774
5 984 579
15 525 927
20 339 554
9 260 856
14 557 545
11 44 853
4 865 925
4 325 729
4 155 992
17 180 987
10 379 949
3 865 927
20 674 848
15 685 837
7 26 778
3 514 528
4 48 712
15 729 554
20 336 938
17 82 802
8 408 740
15 4 885
14 1205 592
20 411 971
4 31 732
18 892 661
15 1224 628
6 308 796
14 812 553
4 621 786
10 494 972
13 95 647
19 291 586
19 1052 899
12 125 932
9 770 545
4 360 852
2 651 859
7 1071 859
17 87 767
20 195 921
14 562 625
20 460 514
6 527 860
19 721 857
10 970 668
16 261 894
5 369 865
5 546 806
11 625 725
19 292 952
19 363 910
16 787 755
14 599 606
12 890 592
7 853 835
18 508 595
16 1145 683
7 837 672
6 779 982
2 1217 562
17 1205 668
10 924 847
19 720 960
4 474 1000
8 786 618
17 1185 557
10 76 873
5 1232 725
15 748 781
12 635 936
14 582 795
12 918 688
7 94 760
4 847 821
15 139 873
6 150 938
9 625 853
12 743 743
20 78 819
6 1117 554
13 72 891
14 54 938
11 315 970
19 514 847
8 853 587
2 366 936
9 702 600
11 138 830
11 760 855
12 40 612
14 597 606
10 812 886
14 1011 728
13 332 655
13 1233 868
15 174 860
2 300 747
17 1138 899
12 978 628
5 351 514
14 237 653
19 687 813
9 98 708
11 689 757
19 1232 738
5 1060 764
18 817 992
3 918 645
8 276 615
5 960 760
6 1054 783
8 1060 775
7 569 938
3 1122 685
8 35 633
6 923 908
11 535 570
14 1115 714
7 862 987
6 86 769
10 123 837
18 732 816
10 1119 869
5 1 675
17 1188 601
6 1228 575
6 413 570
12 629 731
16 911 674
17 884 938
5 830 983
9 1166 959
15 48 756
9 642 530
3 432 684
10 237 693
13 96 762
12 786 525
17 787 652
19 618 945
9 376 671
2 39 537
3 1138 799
19 45 842
20 797 557
9 1237 825
5 520 545
18 1072 543
6 917 952
19 348 669
2 1229 890
16 245 747
4 414 966
15 721 649
20 577 784
14 1028 823
10 28 922
12 620 659
20 270 902
8 1020 599
17 193 778
15 348 812
5 765 658
16 526 573
11 604 821
6 446 736
20 667 982
14 701 808
11 266 574
4 871 698
6 476 921
16 647 727
18 220 674
9 1017 645
2 941 578
10 661 603
11 287 852
11 559 530
11 778 586
4 139 968
2 657 771
11 101 761
7 416 873
17 472 815
20 697 806
12 462 797
8 252 750
3 1009 544
20 816 501
6 798 671
18 1091 923
10 652 771
3 122 947
11 1221 925
11 1104 656
15 974 955
7 1089 828
17 129 754
8 1041 542
4 1236 909
4 691 757
15 709 991
7 1099 871
18 201 979
15 167 641
11 887 599
16 471 973
17 173 902
13 796 590
19 886 824
17 930 893
15 777 675
6 81 657
19 1203 502
11 263 541
11 96 871
6 691 865
18 718 545
16 1029 715
2 1094 681
17 998 657
19 432 591
10 922 676
17 193 944
3 1044 514
13 1091 977
8 42 578
15 500 536
14 872 933
9 973 851
5 835 872
6 772 887
9 910 611
15 178 733
7 818 672
9 443 535
17 79 617
13 343 802
6 133 719
15 724 897
7 689 640
14 288 985
10 484 641
17 669 681
16 374 832
18 465 536
17 767 748
16 872 838
17 663 698
2 1079 953
4 37 948
3 1076 888
5 908 523
19 970 697
4 310 960
17 996 748
8 1232 590
19 1188 785
7 357 863
18 1036 680
4 357 720
19 880 672
11 897 827
15 363 927
6 218 703
13 487 679
10 778 799
13 952 737
13 510 849
9 1235 664
10 1130 815
2 636 734
12 948 610
15 244 604
14 239 680
3 754 866
13 56 569
8 1027 621
20 567 640
2 696 878
11 182 971
17 1160 940
17 1229 780
2 548 747
13 866 865
18 241 987
2 900 800
3 703 709
13 518 939
8 378 989
7 173 703
5 867 989
20 942 672
12 516 770
7 122 806
13 7 729
3 965 577
19 1182 920
2 892 993
17 968 686
20 686 592
9 819 641
20 663 783
11 314 820
7 1008 633
17 918 522
9 498 599
8 303 683
8 502 918
18 988 568
6 556 921
12 447 906
2 1097 963
7 413 809
12 365 505
16 74 693
5 876 679
3 348 672
3 525 831
17 133 648
19 631 833
2 1187 667
