300
13 0 857
13 785 928
2 365 914
17 30 711
13 61 712
18 654 573
15 574 735
20 410 731
20 302 505
7 567 814
7 757 983
5 331 500
15 764 976
12 407 820
13 456 740
20 296 584
6 650 506
9 792 779
5 272 903
18 385 704
18 120 908
3 137 582
4 148 629
11 697 506
11 299 913
19 259 749
4 468 714
18 190 659
10 155 704
20 654 909
13 485 778
2 77 887
4 323 688
4 397 851
8 777 753
14 560 618
11 815 982
3 77 635
20 414 907
7 691 899
3 512 665
17 539 713
16 151 537
3 253 857
10 208 886
8 29 529
14 99 514
9 222 843
15 520 784
8 547 674
10 736 808
6 632 523
18 90 981
12 573 602
16 263 861
15 759 533
9 697 902
13 805 540
20 603 778
14 602 669
6 322 731
4 477 875
2 816 734
10 595 661
15 284 993
8 825 516
3 392 510
10 413 868
20 317 855
13 419 908
5 573 601
18 636 540
4 131 723
13 637 922
2 636 745
7 240 757
8 159 563
13 151 800
18 181 564
7 478 970
19 366 830
13 332 774
20 221 997
14 805 520
4 539 561
17 466 962
17 758 630
18 365 862
14 52 783
2 580 841
11 162 717
8 217 536
7 679 592
16 680 534
2 719 850
19 716 849
4 286 816
8 790 695
6 763 687
3 336 936
5 457 778
3 235 592
17 746 693
16 635 747
11 727 675
13 549 973
19 325 661
14 169 646
16 316 561
14 616 618
12 81 922
18 23 853
20 572 515
14 222 982
11 40 771
18 755 534
6 602 868
8 52 624
16 554 794
12 643 836
12 681 591
11 572 724
6 224 782
18 621 645
8 107 888
11 75 641
20 32 746
5 76 838
2 152 820
8 104 615
7 586 635
13 633 702
8 156 654
10 225 504
20 607 989
12 809 961
10 750 707
8 665 597
13 736 872
20 576 862
9 712 907
12 421 628
12 556 505
5 623 667
10 649 638
10 612 825
15 109 720
11 264 597
19 684 627
12 314 782
8 785 890
8 441 953
8 74 599
8 506 963
4 660 518
5 161 548
2 763 569
5 531 928
6 603 508
5 207 922
14 512 787
3 595 633
5 638 792
5 482 568
18 531 621
8 538 909
10 719 874
13 155 884
11 595 549
15 484 506
4 531 668
12 87 985
3 464 857
5 39 809
15 652 872
13 482 622
12 74 646
16 202 950
12 350 921
5 310 943
15 477 704
5 440 991
8 268 903
13 107 528
5 736 822
8 404 998
6 553 709
6 529 677
8 476 656
4 246 974
15 726 692
20 584 653
9 544 959
8 114 898
15 174 959
17 496 728
7 50 893
2 667 522
12 604 682
15 156 967
8 141 699
6 233 730
18 168 573
5 797 775
17 102 818
6 453 691
2 793 625
5 11 830
10 576 711
4 449 844
18 402 742
10 532 638
10 111 966
6 680 697
14 682 556
15 678 816
16 665 907
9 557 527
8 582 773
13 372 913
8 365 707
19 401 749
12 765 519
17 571 700
3 251 872
3 426 777
3 256 827
20 621 906
3 462 870
4 703 863
4 143 640
12 66 840
10 233 765
9 531 557
8 585 937
3 793 957
4 471 609
15 688 739
17 128 921
17 522 752
4 134 626
14 509 614
7 717 670
14 364 781
19 784 878
5 419 762
19 711 800
7 590 583
9 712 614
16 152 501
20 492 569
9 674 718
12 584 511
14 254 599
6 529 529
8 639 598
11 684 997
17 22 862
17 761 888
7 578 746
10 263 892
16 762 778
20 307 508
20 707 959
5 337 867
3 654 995
2 389 637
15 526 780
19 299 871
17 76 507
2 453 911
20 256 661
13 491 855
2 201 792
15 776 813
6 468 640
15 225 718
12 51 930
3 44 827
18 227 603
12 141 644
7 592 645
16 398 703
17 756 727
5 808 586
19 305 951
17 575 609
19 361 519
14 659 520
5 345 703
9 409 979
11 582 657
12 599 556
3 821 665
8 264 872
6 161 874
3 271 754
11 692 603
3 388 881
11 633 797
