200
3 0 587
8 110 673
2 330 714
6 214 671
10 337 614
2 187 583
16 205 892
7 496 696
2 219 835
16 462 791
10 170 701
16 217 580
16 312 808
9 126 789
8 445 852
5 548 800
11 181 992
14 79 789
13 544 569
5 411 549
16 149 549
15 220 509
9 206 953
17 530 641
11 196 983
5 145 819
6 215 870
6 438 641
17 117 775
17 26 680
7 500 990
8 483 1000
14 215 953
17 31 852
5 341 547
20 42 686
9 451 854
19 23 568
12 297 913
5 231 996
6 387 640
19 333 777
9 82 914
3 188 983
20 512 966
13 237 766
7 19 754
17 244 642
16 390 715
20 153 602
11 95 798
11 234 690
8 79 913
5 459 507
8 514 832
12 15 614
10 264 966
19 30 750
13 515 907
4 246 665
10 147 522
18 311 575
13 420 687
18 391 867
2 419 913
6 395 783
18 543 918
8 461 809
11 364 842
4 246 778
2 368 939
16 291 878
12 287 885
5 54 669
11 472 819
13 449 771
2 417 637
10 421 554
13 196 760
10 158 603
5 494 665
9 355 985
2 351 744
18 286 943
19 255 823
15 404 789
8 207 683
17 312 913
17 343 669
9 521 809
3 66 843
8 160 723
18 101 753
16 481 947
4 477 583
11 29 829
14 522 778
3 195 680
2 100 606
2 401 719
11 155 535
3 112 843
10 457 761
6 467 952
6 100 955
16 79 535
2 416 865
16 198 542
7 351 972
2 375 827
15 31 791
10 75 646
9 102 571
16 513 578
20 41 571
18 121 955
18 67 620
8 292 807
6 345 865
2 138 584
5 283 892
16 134 974
16 394 963
3 215 724
5 439 896
2 476 512
4 208 653
8 480 516
18 120 754
5 333 582
15 188 933
17 287 947
3 385 504
5 75 836
9 407 548
18 206 887
9 408 615
7 449 838
15 327 839
4 362 875
16 276 567
9 164 667
13 489 572
15 161 707
7 11 564
14 116 727
18 462 513
2 147 871
3 376 551
3 89 685
18 364 682
16 421 882
3 361 893
3 70 614
9 301 577
17 432 734
6 278 776
15 383 748
3 508 545
7 226 559
6 343 547
14 421 924
14 476 826
2 466 942
6 517 586
20 406 593
17 477 734
13 58 600
17 268 963
5 120 694
7 441 818
16 20 866
6 276 835
15 297 910
5 451 811
3 259 670
18 97 633
14 30 872
6 298 588
20 281 949
14 549 633
19 544 626
7 62 587
3 393 877
19 516 598
14 273 755
16 57 761
6 334 589
13 229 786
12 263 761
15 300 875
18 310 890
20 191 780
16 321 901
9 101 559
16 509 918
17 476 703
15 302 733
19 522 686
13 8 663
