250
14 0 945
14 158 557
7 406 722
19 380 739
4 1 727
3 282 556
19 395 983
9 577 838
7 329 724
13 569 699
15 566 828
10 572 519
15 162 674
16 348 516
19 225 982
20 103 618
11 160 563
20 330 508
7 623 708
7 169 969
15 209 942
8 5 520
17 385 718
10 511 623
8 281 592
20 12 693
15 326 965
16 30 959
9 46 669
14 40 805
20 416 557
17 183 742
12 432 884
8 474 907
8 249 983
12 214 578
16 143 860
12 453 536
13 356 612
8 116 767
9 439 958
3 18 733
5 523 899
18 253 511
3 84 999
18 536 960
17 113 755
14 120 683
9 270 955
17 570 729
17 47 831
11 505 948
20 449 682
18 439 523
18 322 756
7 638 832
10 617 627
18 248 945
8 445 587
20 581 777
3 677 651
13 218 596
5 417 629
9 114 923
18 602 530
4 503 671
5 493 858
6 496 523
10 134 702
6 534 748
18 596 755
20 494 860
5 182 990
12 508 522
2 634 879
4 682 726
8 383 899
20 344 688
2 123 996
13 676 524
11 629 912
18 363 879
10 515 587
19 580 897
3 486 828
16 43 800
7 367 763
6 184 907
14 269 673
7 472 721
14 525 857
10 263 710
6 63 693
3 132 705
6 310 779
13 243 955
15 491 748
3 76 707
19 430 696
4 167 553
3 676 726
11 131 839
2 193 547
9 515 648
13 115 665
10 404 786
4 451 598
2 182 963
10 258 568
19 405 806
14 273 640
15 156 877
3 632 864
10 287 873
19 394 661
15 504 691
2 253 658
17 596 984
15 642 877
13 554 628
10 403 985
15 556 854
2 269 886
17 43 812
4 606 665
17 480 664
6 638 693
7 436 554
13 687 618
5 374 973
17 221 967
13 114 897
11 674 971
8 685 983
17 189 570
14 1 985
5 650 999
6 260 887
9 89 863
2 621 579
4 112 834
9 230 802
15 482 567
13 504 739
4 614 700
10 449 996
15 230 815
12 191 858
4 624 557
8 642 553
3 656 854
11 492 668
20 56 686
12 289 794
14 667 745
11 59 986
18 647 956
7 24 702
3 380 831
2 587 742
13 305 545
6 426 517
12 249 641
3 35 607
5 194 952
15 141 732
8 450 932
10 301 908
12 78 770
3 51 981
12 588 718
9 429 608
11 323 936
16 646 729
8 670 662
3 466 557
9 523 576
14 400 801
19 248 655
2 362 765
2 247 711
19 466 880
5 12 719
2 287 739
8 28 512
20 200 987
13 131 958
5 557 641
10 63 751
14 68 966
12 170 621
8 387 729
9 438 817
8 397 821
17 186 522
10 256 710
15 668 896
19 126 642
20 59 966
18 80 829
2 301 669
17 490 650
9 158 566
13 486 648
9 606 805
4 263 582
4 243 827
13 344 809
17 598 574
8 443 898
20 235 520
16 387 793
4 241 746
10 174 666
14 616 943
19 26 577
2 215 661
2 72 784
17 224 551
11 620 962
3 103 619
9 586 583
7 326 647
8 602 536
3 515 527
12 552 805
7 337 521
3 592 870
5 677 511
5 134 608
2 73 624
10 101 819
16 280 771
8 132 904
6 254 619
7 344 694
12 308 928
17 683 841
19 57 727
18 10 537
2 341 852
16 71 683
16 323 682
13 588 500
16 128 697
11 140 595
17 642 563
8 9 682
18 127 963
4 42 992
