100
6 0 816
16 94 837
16 42 829
7 11 744
14 180 978
13 73 779
15 81 519
18 1 858
5 6 727
19 163 582
5 259 525
4 202 908
16 89 742
10 194 946
3 195 886
8 228 524
12 100 601
9 108 978
11 82 627
8 138 580
7 37 548
6 234 519
8 69 571
13 223 608
13 258 828
15 56 546
8 154 562
14 64 628
16 56 534
19 114 852
10 24 984
14 201 875
7 234 705
5 220 518
7 179 776
2 44 718
14 35 742
6 23 730
20 226 675
7 213 856
8 10 732
7 79 768
2 246 599
9 54 810
16 45 796
14 150 938
6 48 628
19 75 713
3 71 574
9 75 923
18 87 606
11 183 924
20 194 711
12 53 539
18 248 976
12 165 806
19 59 637
13 241 705
17 144 934
14 116 633
3 178 930
5 117 863
11 17 548
15 7 597
10 115 616
9 259 524
15 57 699
18 45 988
17 64 638
20 240 501
10 26 638
6 244 907
3 179 655
20 261 519
12 244 979
7 104 513
3 252 921
10 24 785
5 259 650
3 131 618
9 15 706
11 268 504
18 268 834
8 54 540
20 94 612
13 20 652
12 119 829
16 237 829
2 5 871
5 58 820
17 114 511
8 187 936
18 164 544
5 61 920
8 153 799
3 53 680
14 156 665
5 156 844
14 224 956
6 98 727
