400
11 0 696
19 61 877
10 571 653
4 457 652
20 765 946
17 93 526
16 184 790
15 250 961
15 387 674
19 43 861
10 887 869
11 813 874
16 680 857
8 796 779
15 186 976
6 859 525
3 995 913
9 452 548
2 482 815
14 687 857
11 893 624
9 1083 689
15 431 676
9 825 671
5 387 750
5 85 608
4 618 940
12 289 942
4 966 915
4 835 682
15 245 926
20 698 676
19 726 959
2 650 948
3 325 552
3 415 947
5 1094 857
9 496 549
6 596 510
19 740 865
12 484 999
4 767 510
11 114 991
12 748 659
14 156 978
17 1010 765
2 367 980
9 438 944
5 95 955
15 663 933
11 666 941
14 840 631
10 336 671
17 45 937
7 742 737
11 351 655
19 735 540
12 1010 570
11 682 704
9 509 892
10 117 919
6 668 924
11 154 548
2 741 677
4 795 741
4 323 759
4 822 674
8 980 597
10 288 965
19 491 789
14 386 916
18 651 842
17 159 616
5 125 564
14 692 904
16 465 838
12 112 919
15 925 792
19 756 523
13 1026 986
20 945 823
16 961 920
2 894 566
19 813 985
6 951 632
11 782 882
17 363 897
14 181 670
2 632 934
2 129 984
3 259 954
14 37 622
4 602 756
5 226 752
3 545 510
3 762 891
11 365 782
12 459 693
4 823 579
13 520 949
3 203 500
9 710 956
9 601 943
17 1086 719
8 1082 662
9 639 675
18 5 973
20 556 824
17 664 752
8 524 954
11 308 779
20 1088 813
3 991 555
3 11 535
20 513 910
4 899 523
18 413 932
18 483 850
16 920 886
16 520 584
20 175 668
12 201 624
13 172 580
9 830 815
13 116 819
18 759 822
13 437 523
2 455 818
19 83 640
16 521 775
15 208 713
7 236 776
6 501 904
9 673 864
19 402 559
6 632 963
3 235 623
4 294 919
7 716 598
4 413 786
5 290 785
20 633 776
4 710 901
4 847 603
14 490 650
2 503 597
6 257 645
18 1071 719
19 841 824
7 862 681
9 235 747
17 923 897
8 1026 541
12 812 951
10 168 769
6 851 941
11 866 912
7 336 819
16 176 589
4 359 750
11 438 863
6 310 852
3 1067 936
11 336 937
11 875 564
11 385 619
4 778 715
15 889 940
6 69 698
18 373 950
3 920 590
15 259 895
10 411 605
17 631 916
8 318 825
20 701 688
9 977 635
3 994 817
14 297 638
6 840 940
18 858 754
19 744 924
3 209 905
2 283 806
14 365 582
4 634 917
4 114 963
2 706 950
9 341 985
13 490 850
2 646 587
12 536 761
6 262 530
11 965 847
11 1069 561
20 1083 987
16 205 995
8 444 654
18 13 989
13 38 971
10 191 547
17 97 889
17 1057 647
15 255 882
7 699 534
14 429 826
15 737 850
15 935 723
19 256 776
18 319 720
15 1076 693
4 476 570
11 731 705
5 798 812
16 844 575
5 45 554
15 85 995
15 111 758
19 816 839
18 526 894
10 860 969
8 66 630
12 520 574
16 1065 901
15 837 938
3 1033 982
6 751 788
16 801 610
13 869 996
19 809 753
19 118 727
9 14 913
2 508 647
12 185 588
4 825 817
18 735 619
9 245 618
18 90 600
16 728 765
2 884 625
10 336 781
5 318 988
14 58 782
4 405 610
17 456 793
20 985 602
17 93 608
18 1028 917
16 404 811
3 416 840
13 547 610
15 1048 570
8 703 597
11 147 862
2 880 802
9 995 834
20 573 649
19 582 514
8 56 586
6 814 966
12 482 912
19 802 983
8 836 887
10 896 772
19 575 614
15 115 515
19 860 773
8 508 718
3 39 564
2 604 704
15 142 632
8 713 993
5 657 839
14 537 966
15 767 949
18 984 858
17 716 905
4 122 976
14 733 995
2 275 671
19 195 632
6 570 585
4 546 939
7 0 666
15 381 693
10 535 958
9 785 727
12 514 888
14 867 759
2 201 847
2 130 892
17 362 902
16 315 800
20 441 557
19 419 830
13 405 692
11 584 570
3 664 572
3 556 507
20 136 627
14 300 604
8 216 798
7 1017 532
19 561 717
2 535 962
16 41 706
18 351 679
19 674 835
10 124 625
12 174 999
7 334 800
8 699 755
7 592 960
15 666 858
7 206 925
15 1099 796
12 552 871
20 374 803
10 583 718
19 794 758
2 268 526
13 789 757
6 128 614
2 386 887
19 435 988
6 196 841
5 348 683
5 54 983
2 414 610
8 729 678
14 324 887
5 118 588
18 85 731
11 361 725
18 1006 934
4 258 884
7 39 650
14 95 716
10 444 828
2 306 827
8 19 848
7 915 763
18 436 844
4 699 627
2 942 563
11 501 907
10 142 766
12 1051 661
10 28 646
6 231 541
16 545 833
16 339 516
17 203 555
20 122 798
20 993 716
16 702 742
15 332 840
11 622 567
19 917 740
18 261 847
5 764 761
7 315 836
14 765 755
3 296 979
18 144 772
11 972 666
13 114 697
16 384 607
16 905 606
13 783 592
2 800 519
12 145 557
4 974 563
2 37 820
20 1040 688
2 795 719
13 103 569
16 959 899
12 229 593
7 613 705
18 950 656
17 256 680
13 769 723
4 640 522
18 998 583
11 640 710
13 791 560
13 531 594
8 574 886
2 859 573
12 271 934
4 359 785
11 935 633
3 522 849
2 429 656
19 895 733
3 499 658
10 61 802
12 407 809
18 242 679
