350
13 0 990
7 607 852
14 861 784
12 178 772
13 120 653
10 593 680
7 831 896
20 194 540
17 593 577
6 364 590
17 382 691
16 893 793
9 604 516
8 390 572
11 119 996
13 677 982
14 507 594
3 343 625
17 79 773
18 90 628
17 131 557
16 292 925
6 355 632
18 707 612
15 402 994
19 462 622
14 705 794
11 954 518
7 601 762
6 384 580
11 54 893
14 8 728
12 880 699
13 779 580
4 307 976
14 305 880
8 325 847
7 551 718
6 143 712
9 505 739
3 204 545
14 549 902
8 614 550
18 872 937
13 369 905
9 462 509
2 837 610
15 438 780
3 816 906
15 638 543
14 678 924
10 154 645
3 924 935
11 546 910
18 302 952
17 109 678
4 121 768
13 635 832
20 43 899
4 494 610
4 386 807
18 707 682
15 839 585
10 356 795
11 133 869
17 538 584
15 912 758
19 158 598
17 612 693
2 789 532
13 903 967
7 50 970
4 244 603
6 900 933
2 939 907
14 272 813
13 728 733
17 24 938
17 79 659
20 459 945
12 153 892
5 921 810
19 238 820
12 350 996
7 668 512
9 929 791
3 349 806
3 359 726
2 694 677
20 153 976
14 684 739
8 148 784
12 657 515
6 779 783
2 61 859
5 362 533
20 390 965
7 785 717
3 118 932
12 500 563
7 610 656
19 650 997
11 42 983
10 906 692
17 196 665
4 374 706
6 572 749
2 410 797
11 250 658
3 807 776
4 65 962
15 220 771
10 445 918
4 505 771
9 776 969
7 386 639
17 830 550
17 272 818
2 836 612
17 193 967
10 876 545
2 584 673
19 360 615
6 788 941
2 852 801
18 79 996
10 751 618
10 843 544
4 58 926
17 336 648
6 902 967
19 194 566
7 145 518
12 960 974
20 148 995
16 762 857
3 237 554
15 332 914
11 439 842
17 882 529
10 829 863
5 376 877
16 573 897
5 842 660
20 945 918
7 231 840
5 319 713
17 393 654
6 205 705
12 26 947
5 71 904
17 17 939
11 958 971
6 480 890
12 887 777
5 576 602
12 741 671
16 60 881
3 796 842
14 937 767
16 637 511
20 754 690
5 33 853
20 99 693
19 522 678
7 837 552
18 75 966
13 106 551
19 199 857
8 705 893
5 756 704
11 620 798
16 695 835
11 117 947
9 382 979
20 340 609
8 559 511
13 867 703
11 650 609
3 905 987
19 612 654
17 43 704
8 557 898
2 424 710
12 19 707
18 682 666
13 160 935
14 829 865
5 69 708
14 238 589
3 768 663
16 19 862
16 821 812
4 573 522
15 722 831
16 46 612
12 848 849
17 185 654
20 137 586
8 733 760
9 108 520
15 802 933
7 256 632
17 67 737
9 915 788
10 485 955
14 372 597
14 828 940
19 961 833
12 122 950
7 374 613
3 9 925
12 146 866
18 882 874
15 251 547
20 731 815
16 635 871
17 909 914
10 366 832
20 113 780
3 623 528
16 949 648
15 482 696
14 303 764
5 212 849
19 920 924
16 773 700
15 385 663
19 398 669
6 381 989
5 453 750
7 78 916
10 449 779
10 902 797
6 520 708
8 867 640
9 82 995
2 960 605
10 238 915
6 364 517
16 337 941
10 9 680
14 778 870
5 540 832
13 107 894
15 805 947
8 119 533
10 109 511
11 552 688
16 811 539
4 6 860
11 563 743
14 269 566
13 563 508
16 929 574
2 201 955
6 510 564
6 654 684
3 102 595
6 105 789
11 82 949
20 395 579
19 8 637
12 182 671
9 340 642
12 141 566
13 275 861
7 692 689
18 99 980
3 286 934
12 764 851
12 44 834
12 667 637
8 402 737
15 886 810
20 289 949
8 597 686
3 57 911
4 913 718
5 101 826
5 437 634
18 623 624
13 810 570
18 403 862
6 168 887
6 364 685
6 793 912
19 863 637
9 878 981
9 896 894
10 792 657
16 3 934
10 146 608
11 737 530
19 117 709
16 606 826
10 949 761
4 563 940
11 907 556
6 506 799
2 674 965
4 527 686
13 366 608
3 952 514
8 701 840
17 229 608
7 435 779
18 723 604
16 291 925
16 527 568
15 212 652
14 550 570
14 472 876
14 869 734
14 158 889
13 605 928
4 106 932
17 365 748
4 944 716
12 659 922
17 851 938
9 417 819
14 273 983
10 631 895
7 773 527
17 124 650
7 347 527
17 227 661
5 403 955
13 18 844
16 376 683
9 429 556
7 669 583
19 878 962
9 437 756
17 536 889
12 422 684
4 860 671
3 877 904
5 508 694
11 182 833
11 656 736
16 832 881
11 80 505
11 170 811
4 547 950
19 75 691
14 702 925
9 56 918
9 228 888
