50
17 0 918
10 67 845
13 135 564
9 107 755
17 119 792
12 107 923
4 100 764
19 120 653
12 22 547
9 103 939
19 31 688
4 92 888
6 13 764
13 4 576
5 17 503
13 113 683
12 2 504
9 78 963
8 81 800
4 88 848
12 132 710
15 127 742
4 22 1000
4 77 904
12 40 935
15 110 834
2 50 924
9 28 775
12 22 911
10 2 997
15 40 614
5 33 583
8 12 871
16 36 793
10 7 550
20 79 929
16 91 570
6 4 631
10 45 692
8 128 914
19 13 625
20 61 672
5 78 517
15 6 823
5 38 765
19 126 524
17 103 994
15 110 937
18 89 540
19 39 831
