150
12 0 858
14 6 735
8 25 545
9 321 854
11 33 540
17 221 692
6 119 843
7 210 630
15 41 804
4 176 541
11 163 712
12 273 921
11 37 897
16 156 958
14 77 756
3 79 663
6 187 537
6 185 546
17 353 861
13 317 718
4 223 664
11 386 717
17 209 822
13 278 825
6 263 702
2 157 559
3 223 829
5 172 603
6 316 946
20 220 611
8 69 745
10 218 785
17 104 666
16 8 601
19 95 503
20 373 724
19 364 605
20 251 819
2 396 692
16 376 568
7 268 529
9 381 578
3 0 747
11 85 928
16 350 734
8 151 921
19 195 781
11 185 912
5 7 782
2 173 889
10 232 602
3 354 622
18 328 559
11 336 690
6 31 640
4 189 521
5 23 977
19 168 528
10 13 633
20 81 935
7 370 605
10 175 881
16 206 597
14 356 561
4 184 590
4 69 717
13 89 962
13 235 662
7 300 923
15 223 737
6 137 868
2 89 811
5 6 608
7 363 731
10 177 602
11 367 652
20 350 707
14 338 730
14 350 514
13 233 622
6 356 778
8 388 609
11 249 782
2 396 549
4 233 656
15 52 646
3 240 778
17 152 734
14 321 775
12 341 867
11 298 643
5 232 723
14 209 733
2 216 922
13 150 759
14 56 897
7 151 702
18 85 673
4 399 507
20 68 937
14 227 519
11 228 849
3 47 993
9 33 823
16 2 777
16 83 596
17 19 725
9 357 664
6 217 517
10 332 969
15 170 790
7 131 863
13 325 731
13 69 859
8 122 670
13 360 924
5 163 848
7 33 749
2 136 663
20 310 844
2 335 892
10 4 626
2 156 876
17 373 697
19 199 803
5 145 861
16 195 797
2 90 848
9 191 998
7 312 811
14 375 720
5 100 658
7 202 855
18 68 676
20 234 812
10 105 776
7 209 991
11 56 915
6 253 547
17 125 777
11 15 777
7 396 747
5 109 787
4 131 800
7 104 788
16 322 526
16 228 657
12 216 592
2 375 542
17 90 533
