500
16 0 784
18 768 652
20 783 933
16 981 907
10 181 591
14 1259 928
8 713 524
5 914 609
12 319 831
20 202 545
4 8 775
2 907 829
8 932 797
12 361 621
9 233 661
14 301 995
11 498 597
3 638 625
4 602 575
12 716 555
16 490 573
11 532 533
13 701 912
6 378 914
17 1175 662
5 492 993
8 556 996
13 1346 929
19 88 974
7 1309 614
13 704 704
13 1117 819
12 947 965
16 1340 777
7 1071 854
18 1358 692
4 91 686
2 450 644
6 331 630
16 950 549
17 482 865
7 1073 733
17 391 655
16 960 619
19 673 544
14 662 871
7 81 894
20 1167 909
19 854 641
16 994 918
10 895 532
18 912 940
10 873 769
3 832 609
17 897 801
13 750 691
10 593 510
12 1259 605
13 1042 710
3 1289 998
5 1069 506
13 520 991
19 625 604
10 1043 817
16 613 752
7 390 813
19 411 836
12 782 995
15 1036 666
3 240 621
20 520 642
13 482 764
10 750 883
2 181 802
3 599 638
2 145 527
2 297 886
2 589 671
7 310 774
14 660 665
4 1282 701
17 678 532
9 1346 847
9 735 561
10 993 604
14 539 857
11 457 705
17 500 502
16 1025 625
7 718 603
20 376 748
17 1041 573
19 515 636
2 822 744
2 1139 622
6 1261 935
4 1375 599
18 228 925
17 241 648
5 949 616
12 1324 526
12 452 725
15 1343 797
6 556 761
11 736 706
13 146 781
2 657 711
20 628 979
14 243 864
17 363 974
8 1107 664
3 1192 966
19 857 967
3 1045 727
18 1279 580
20 1306 927
19 1067 894
2 1225 528
12 261 966
13 1091 580
13 385 654
11 937 648
14 1160 760
2 812 546
3 369 953
17 717 734
15 1005 643
17 603 769
19 815 766
20 268 961
7 512 948
9 1365 857
13 950 809
2 786 743
10 1320 854
4 560 685
4 1044 600
3 401 794
13 719 871
17 459 738
3 1010 889
12 1314 748
8 1059 735
8 1330 562
18 1160 800
7 660 660
14 805 975
3 999 672
10 237 712
13 15 607
12 41 830
2 1161 542
9 1069 707
10 647 710
7 464 542
5 458 585
18 1258 785
17 109 689
19 1162 926
17 180 843
18 564 508
15 612 763
16 622 697
3 570 647
13 1184 714
6 588 846
12 631 854
16 165 991
4 252 859
14 934 867
10 1359 553
20 416 730
8 635 566
19 1307 919
3 1244 905
15 346 913
13 1110 888
17 1112 642
12 743 818
13 945 563
13 576 779
13 1138 793
7 187 576
13 1300 762
4 721 882
19 193 620
14 785 946
6 850 657
20 777 787
20 618 888
2 18 991
19 457 552
17 1162 716
5 363 894
17 67 692
20 1343 996
6 581 517
15 383 980
6 1210 754
9 570 807
4 295 802
9 1232 919
19 1191 842
3 1304 882
8 288 689
2 803 728
9 1226 680
11 919 636
17 326 911
20 1232 964
15 868 625
9 903 855
20 337 936
4 277 952
10 1165 773
3 557 916
13 167 695
8 713 702
15 373 797
4 560 878
3 28 993
6 623 786
3 1274 617
12 909 728
9 110 679
3 465 904
2 881 792
4 1292 677
12 511 754
17 718 758
18 1215 952
18 780 630
10 1326 722
12 759 569
3 1082 986
12 58 613
18 233 587
12 709 660
12 958 600
7 151 653
18 1144 682
19 1306 566
12 1011 812
2 355 762
13 58 863
18 1280 977
11 418 827
17 904 556
9 693 783
2 1228 895
6 823 614
13 29 861
9 25 662
13 522 812
16 291 703
13 427 797
17 687 539
4 1239 730
19 814 981
5 957 817
18 425 773
6 1339 978
10 1203 810
10 943 691
5 887 556
3 228 634
5 336 614
7 909 866
18 550 621
6 734 579
5 961 725
12 1293 600
12 256 934
8 1328 638
10 449 921
18 790 809
8 750 666
16 222 677
13 609 820
18 1365 527
9 674 736
17 752 958
18 1316 721
10 55 716
11 277 520
12 436 695
3 679 741
20 886 681
14 1311 995
2 927 669
11 115 858
14 859 960
11 1320 667
9 231 690
20 1124 752
15 1368 788
10 827 571
13 598 866
14 217 589
11 200 728
20 1164 668
17 1270 718
6 694 701
6 791 690
17 1256 705
14 391 512
16 1186 986
18 783 619
16 705 994
7 886 510
10 396 713
16 491 626
15 214 938
13 212 634
4 384 594
6 1029 541
13 587 809
7 206 802
18 153 889
9 184 967
10 1169 943
5 1115 778
13 74 556
4 1177 765
19 1255 889
9 876 796
15 428 736
20 127 963
7 1101 527
9 305 694
10 746 649
2 337 806
14 572 748
19 448 729
15 1186 894
15 638 681
13 679 702
13 1069 904
3 75 619
9 23 743
4 637 833
9 842 852
12 1285 582
4 1049 851
10 1246 884
7 55 563
18 975 509
2 129 939
5 1069 735
19 380 795
5 196 976
15 1088 743
2 1113 523
13 594 655
14 412 774
3 1233 574
11 1233 757
16 202 550
18 1337 800
7 1152 593
8 145 944
14 1058 602
3 1189 639
3 838 990
17 307 950
6 154 612
19 1274 824
18 1272 754
3 871 511
4 983 514
8 1023 704
18 289 545
18 1252 671
14 136 926
12 1004 563
20 1288 631
6 35 788
7 1163 894
19 558 744
10 676 839
3 629 683
5 637 642
5 512 729
17 839 593
7 1122 792
5 871 651
18 1086 654
9 850 815
3 162 560
15 21 619
15 783 959
6 988 572
7 1269 613
19 1257 971
17 711 956
7 846 778
19 317 906
10 1180 942
13 1164 845
4 1332 952
20 312 523
2 85 830
7 257 956
11 1024 698
10 1244 953
18 678 973
8 628 981
12 827 547
9 1290 589
16 359 942
9 1170 692
20 575 741
14 651 955
12 1191 891
6 633 824
4 755 987
19 311 819
12 1214 842
4 627 662
7 320 546
13 605 695
18 603 672
14 1368 829
19 804 914
4 924 908
3 758 868
15 61 719
8 714 503
14 215 774
12 697 707
13 1137 731
14 708 951
14 756 691
8 1259 796
19 1350 653
16 969 931
17 553 928
5 367 593
9 715 525
11 1083 846
6 1158 645
15 78 535
5 238 812
13 705 957
13 1055 675
2 1133 554
11 20 882
15 405 711
9 1095 654
17 556 998
19 657 790
14 51 845
11 978 549
8 1034 856
11 415 747
2 626 572
18 1197 621
13 864 529
17 917 777
17 1243 568
14 222 945
7 867 918
2 212 641
18 327 986
18 1131 608
14 444 639
16 1161 540
6 225 821
20 162 522
12 975 796
15 765 549
5 317 740
14 383 621
20 1040 954
13 1360 547
16 1071 604
11 1094 707
18 626 754
2 447 527
5 714 837
8 561 843
12 1225 526
15 559 614
5 1104 637
6 416 543
13 1374 576
4 935 583
12 1110 829
2 448 949
3 820 898
8 1065 718
3 1276 806
17 1309 946
6 561 746
14 1266 773
8 691 830
4 1036 514
3 605 675
6 1212 785
15 1010 741
