118938
10
200 116 185 102 302 56 94 297 159 35 4 52 78 317 329 23 272 135 162 134 140 216 220 77 61 86 106 14 136 120 50 68 263 224 6 304 169 74 195 341 336 125 121
3 303 343 251 27 262 276 273 342 48 249 152 163 174 173 243 100 191 104 167 236 177 258 277 39 158 164 332 99 313 16 237 337
63 79 109 335 344 178 289 291 316 204 318 81 247 110 215 105 278 115 31 330 233 112 217 76 95 269 282 32 59 309 307 15 301 91 5 154 296 181 2 132 300 166
235 142 203 280 197 22 226 305 13 194 73 11 234 327 238 130 295 290 260 111 123 182 47 42 325 284 108 37 242 36 338 107 199 345 201 186 41 324
211 146 98 165 205 254 209 208 58 18 279 267 265 275 53 308 319 28 150 57 143 180 193 26 306 244 128 190 231 126 219 328 85
29 221 149 21 148 103 60 46 62 310 274 222 347 326 9 331 348 240 155 294 256 287 65 80 212 19 228 253 299 71 183 138 38 51 315 30 281
271 119 147 17 230 285 129 10 7 93 171 151 184 293 320 264 127 213 241 20 133 259 239 268 283 72 314 114 261 202 101 160 246 49 70
225 67 168 170 83 69 44 157 34 227 187 137 229 24 323 12 207 124 118 131 64 172 75 206 176 311 218 43 321 255 33 312 333 55 288 139 298 25 346 257 82
223 340 90 334 252 349 192 161 270 292 339 188 156 113 84 250 179 92 88 189 232 153 266 248 45
175 322 122 89 245 96 350 198 286 141 87 66 144 54 1 196 97 117 210 40 145 214 8
