229100
12
426 234 95 459 80 259 152 18 414 352 389 487 187 307 326 88 236 300 203 365 252 316 191 114 173 12 341 4 144 366 325 481 273 486 248 353 298 296 401 34 24 188
79 314 322 328 83 289 474 220 232 158 198 44 348 391 330 38 192 269 21 133 39 479 216 128 331 324 355 470 329 127 206 193 257 299 274 87 297 436 70 275 291 450
105 376 398 98 317 61 210 183 427 215 222 77 243 16 253 357 305 491 204 319 8 31 337 310 477 85 412 235 333 439 488 334 409 60
276 97 212 422 383 390 174 458 250 15 67 373 350 82 74 370 420 207 496 454 47 369 89 434 35 245 284 287 277 397 9 384 65
169 244 241 393 36 286 66 164 442 63 358 283 387 25 498 122 363 473 347 116 10 23 359 380 279 460 194 151 374 293 120 137 484 343 201 321 500 155 57 456 135
28 403 478 179 189 131 75 132 312 251 159 394 256 27 149 372 385 94 268 247 7 177 255 455 371 266 111 29 295 437 96 170 119 351 166 72 107 197 451 396 106 178 62 379 453 342 26 413 445 104 126
490 182 239 172 254 46 113 338 112 14 115 421 76 483 360 272 180 153 147 146 58 129 200 448 311 55 466 395 91 417 196 402 51 140 327 40 32 400 482 280 306 54 270 125 214 213 485 19 392 335 405 438 443 404 361 157
332 225 471 260 285 440 186 497 37 271 425 489 265 2 415 386 69 136 118 336 261 433 110 86 429 431 184 428 176 447 263 411 452 368 345 1 320 11 495 121 281 492 464 494 81 134 33 349 48 123 246
190 449 49 143 3 165 344 84 230 382 362 294 377 59 71 99 399 430 205 423 52 233 162 73 117 424 472 354 103 139 100 223 185 142 171 441 278 175 93 154 465 181 68 446 138 339 160 5 228 108 499
199 462 292 375 202 231 493 101 224 218 315 163 53 195 229 432 406 475 444 167 209 258 457 90 156 242 217 161 290 480 388 309 410 467
109 323 301 407 168 288 124 264 6 45 221 282 378 476 150 302 238 340 102 435 42 364 56 50 13 43 381 30 346 22 469 227 237
219 262 64 148 318 308 356 468 303 20 208 461 419 313 211 408 240 463 141 304 416 267 145 249 226 92 78 130 17 418 367 41
