85238
9
126 71 136 160 159 116 198 151 79 74 37 184 176 12 121 56 185 128 244 192 211 179 52 158 208 169 75 241 1 55 114 190 156 15
11 3 38 168 154 115 222 5 93 53 106 183 164 194 20 68 245 155 18 209 95 7 129 119 197 161 247 87 30 50 60 17
163 66 147 29 181 170 86 140 152 146 14 44 63 224 26 157 111 103 195 118 189 10 225 138 62 59 203 24 67 137 4
45 199 132 141 2 166 97 229 99 177 153 228 127 134 231 167 69 202 76 65 123 142 105 249 61 200 250 96 72 78 82 89 131 174
201 64 125 40 235 213 145 130 27 242 207 101 102 47 80 112 23 49 42 171 144 117 191 41 148 233 94 172 6 98 25
238 205 173 57 232 58 237 120 92 210 110 246 239 204 236 187 51 9 218 104 21 175 46 216 73 223 180 48 221 36 226
85 122 77 196 81 33 206 227 22 108 215 84 234 212 135 165 182 162 43 16 143
70 83 150 178 100 248 13 35 90 133 240 31 219 8 243 193 188 39 139
88 107 34 54 91 149 217 19 186 32 230 28 214 109 124 220 113
