42919
8
185 99 152 123 95 136 8 61 50 12 57 77 49 156 70 148 83 88 194 72 134 119 168 76 180 200 98 127 175 131 143
5 4 129 157 22 94 137 84 184 80 113 163 10 124 29 31 102 87 122 78 195 18 192 128 147 172 3 107 183 58 112 24 17 125 160
60 138 106 43 188 35 75 39 48 56 74 69 105 20 28 150 120 167 55 32 146 33 82 64 130 116
97 165 173 154 25 159 52 45 1 90 86 121 34 41 81 37 42 179 142 117 162 118 68 140 91 7 111 176 89
114 44 71 23 145 63 51 19 15 110 187 108 197 132 67 181 190 199 109 2 144 21 6 171 178 62 198 191
36 182 11 166 170 16 115 14 59 133 135 196 38 9 104 96 13 79 141 126 177 40
149 153 65 46 151 169 93 30 100 27 54 53 161 155 101
186 164 92 73 139 47 103 85 189 158 193 174 26 66
