67141
9
207 210 277 2 107 265 21 50 34 49 245 175 214 136 231 170 209 9 234 83 42 106 102 52 178 133 164 54 258 262 181 56 33
270 235 82 220 131 293 300 266 203 243 80 122 222 291 45 103 62 59 299 36 61 177 267 105 44 271 35 48 199 129 202 263 217
139 93 229 180 260 264 248 155 241 23 167 115 154 211 137 134 278 288 255 176 283 223 58 188 236 240 88 273 162 151 110 18 11 60 113 145 244 252 147 4 225 99
166 259 189 183 152 92 98 125 257 239 274 159 46 14 215 161 24 57 227 100 96 141 40 26 16 12 153 81 94 289 226 116 86 276
85 13 272 78 171 84 251 285 135 72 111 89 294 182 25 261 142 71 28 192 191 200 17 230 233 22 70 190 208 127 29 179 185 20 51 232 132 32 31 150 286 238 193 186 148 39 47
296 212 280 64 120 97 242 43 290 55 268 168 76 130 204 269 140 292 123 143 275 27 219 256 79 101 196 249 156 173 158 282 1 144
65 149 117 221 197 87 37 169 253 112 91 77 119 163 298 237 68 284 184 187 228 160 172 75 250 104 246 157 218 30 124 38 19 279 128 114 8
295 53 95 3 205 224 216 121 198 10 213 247 165 254 90 194 41 118 146 108
66 7 67 287 195 15 73 281 206 201 6 138 74 63 126 174 69 5 109 297
