202691
11
103 402 232 83 413 185 88 407 260 430 325 424 208 42 327 244 261 153 145 362 323 321 270 218 22 274 449 363 116 222 53 29 192
399 414 183 379 289 120 305 203 418 317 32 193 180 252 6 263 397 39 155 87 275 235 130 369 94 142 215 52 349 220 141 398 162 406 68 115 319 262
13 96 45 296 368 209 111 427 318 358 216 17 217 385 280 182 92 19 310 179 373 82 37 11 221 187 346 375 99 376 26 2 417 191 387 408 328 51 109 292 56 151 338 446 163 60 404 8 294 195 47
196 197 108 44 58 377 16 97 229 367 240 137 138 267 84 159 276 189 35 63 409 437 351 38 46 78 290 154 186 105 370 353 431 315 242 124 311 90 226 246 210 299 288 371 366 178 95 297 135 411
110 249 282 365 344 293 158 104 257 336 320 177 304 241 15 55 14 160 119 343 122 444 426 309 334 147 372 301 428 85 41 72 69 139 443 435 171 303 129 123 224 245 136 23 332 390 291
234 238 212 33 102 66 125 360 40 236 219 67 335 342 207 314 239 121 237 392 100 9 285 24 298 403 423 161 227 198 438 175 113 214 176 27 1 391 432 174 206 28 62 394 118 70 223
247 253 77 200 59 283 21 107 300 420 355 277 333 259 202 329 133 170 61 114 341 190 93 422 381 106 48 324 168 18 251 166 148 447 380 281 12 86 134 313 340 415 173 165 388 266 436
172 439 188 112 357 230 101 34 81 356 36 361 248 295 405 54 184 316 157 76 181 30 79 225 284 345 150 425 89 143 450 10 412 433 75 384 91 80 268 50 169 401 347 5 25 442 205 273 378 231
71 146 132 73 312 326 128 254 441 434 286 400 396 330 258 213 74 302 448 389 272 233 194 255 419 350 243 117 7 386 354 308
64 359 445 374 140 43 382 144 393 306 410 395 322 98 211 271 31 331 339 152 383 3 127 364 278 429 440 4 126
352 250 348 265 164 269 201 228 131 287 337 416 156 256 307 167 49 149 65 57 421 204 279 20 264 199
