151749
10
101 253 234 304 191 147 349 311 43 214 129 373 378 65 352 114 296 131 335 137 79 188 23 49 222 244 245 104 250 320 119 187 171 367 241 208 149
383 357 166 295 393 138 70 262 351 211 254 18 290 190 25 28 162 95 5 340 299 192 308 336 87 210 82 267 314 375 17 54 169 193 94 74 133 151 385 150 36 45 347 170 362 303
399 268 160 21 110 316 143 284 275 323 266 302 2 387 329 360 173 376 240 338 391 1 348 276 251 69 14 374 227 255 256 219 178 35 67 356 85 179 185 198 339 247
116 177 80 99 16 184 369 331 135 118 97 233 386 315 100 88 205 156 11 76 252 282 279 389 294 134 346 59 153 366 343 68 345 321 84
400 12 56 6 197 72 200 71 51 155 75 194 243 50 291 310 7 90 269 195 174 37 98 126 145 263 146 217 228 301 189 186 226 286 297 285 257 107 96 249 8 62 61 261 202 164 201 390 365
341 91 278 167 274 330 364 326 30 300 229 394 293 235 354 120 319 63 168 78 39 24 175 260 312 246 182 121 106 58 332 337 15 392 359 277 112 353 372 111 318 48 64 103 38 221 309 322 230 142
398 29 128 216 86 397 370 53 317 157 225 124 396 212 161 93 26 384 328 368 148 292 52 199 40 377 258 34 4 102 264 242 324 236 46 77 305 32 136 57 237 13 44 81 204 327 280 66 363 333 379
334 115 271 163 313 144 307 105 27 141 9 381 154 165 350 181 220 31 342 215 288 152 272 60 382 20 371 122 224 287 55 395 358 259 380 273 33
3 239 183 248 159 92 108 207 361 139 355 123 83 298 306 206 41 130 176 213 127 238 281 231 289 388 117
47 196 209 283 113 158 270 140 19 325 232 125 132 180 22 42 73 218 89 344 109 172 223 265 203 10
