42873
8
148 95 99 194 88 168 49 180 98 50 200 61 119 185 152 127 136 184 175 131 76 8 83 134 12 143 123 77 70 72 156
157 125 113 124 147 163 160 3 107 112 128 22 80 29 137 31 192 4 58 94 195 122 78 5 24 66 18 172 84 129 102 120 10 87 17 183
82 188 33 69 167 48 39 43 20 56 106 138 28 74 55 42 116 105 146 130 150 75 7 35 32 60
37 176 68 52 154 140 142 97 34 162 91 165 89 173 121 111 166 117 159 179 41 86 25 81 90 118 1 45 190
109 51 62 191 181 44 19 110 114 23 71 132 108 2 178 171 199 63 21 67 198 6 15 187 145 197 144
16 59 9 96 141 115 11 126 177 38 135 14 182 40 36 170 196 79 104 133 153 13
158 151 30 169 100 53 149 46 85 54 27 57 193 155 65
186 92 103 73 189 174 139 101 47 26 64 164 161 93
