85235
9
176 121 55 12 37 160 151 169 71 159 241 190 74 184 192 128 211 114 244 158 185 136 115 75 116 1 179 52 156 56 126 15 79 208
95 87 245 53 154 247 3 68 129 155 194 7 119 30 197 18 209 11 164 38 20 17 93 106 222 168 50 161 60 183 198 5
66 67 29 14 62 152 111 195 146 44 157 86 103 143 181 138 189 24 170 153 139 147 163 224 203 118 10 4 63 26 59 140
65 199 69 23 99 127 89 177 142 229 72 231 76 200 174 166 82 249 97 250 45 105 2 132 167 123 141 96 78 134 182 131 6 61
125 40 104 101 47 144 213 239 172 145 98 130 27 171 94 207 102 201 42 235 242 64 112 191 41 80 117 233 49 148
92 173 36 238 205 175 9 237 223 46 51 120 57 236 212 110 232 73 180 21 210 218 246 216 58 48 221 25 228 204 226
206 215 43 162 22 85 234 100 165 84 108 227 16 81 135 77 90 196 33 187 202
70 31 240 13 248 178 188 137 113 219 8 83 225 220 243 122 150 109 39
217 19 34 32 149 54 124 193 186 91 28 230 35 88 107 214 133
