66884
9
164 265 102 42 21 214 50 106 210 178 234 52 9 136 49 133 83 181 175 277 262 34 33 170 2 107 258 231 245 209 56 54 207
122 177 235 243 220 155 266 105 44 271 45 299 270 293 203 80 199 61 202 129 267 180 103 82 300 62 263 35 217 48 222 36 291 59 131
225 60 145 288 188 58 134 115 211 139 283 16 88 223 23 93 151 137 4 147 248 5 273 244 167 236 264 252 260 176 229 99 154 11 289 113 110 162 241 240 18 278
166 189 141 215 96 57 46 98 24 12 230 161 86 183 239 40 116 94 125 135 274 81 232 127 227 100 153 285 276 257 148 159 152 259 92 26 226
51 142 186 275 286 249 78 32 191 269 28 72 261 70 296 208 13 238 22 200 1 111 193 39 140 190 294 43 179 272 144 20 47 171 89 17 251 150 143 25 256 85 84 192 29 71 233 182 185 132
282 168 268 280 219 290 160 38 64 55 196 221 87 295 212 97 130 204 123 173 292 158 157 76 79 120 101 14 114 156 27 242
37 298 75 124 65 246 250 77 218 237 112 197 30 119 68 128 53 187 104 91 169 149 163 8 19 253 284 279 184 228 117 172
121 73 194 118 198 95 224 146 255 3 10 201 108 213 254 31 165 41 63 297
138 195 66 7 6 15 126 287 74 216 174 69 205 109 281 67 247 206 90
