118680
10
68 317 135 220 329 162 140 216 120 341 169 200 61 14 272 77 52 134 86 94 159 297 195 336 35 116 56 4 78 185 224 121 263 102 125 106 50 23 6 136 302 74 304
104 251 277 262 48 158 27 343 173 167 164 3 177 99 16 342 237 191 303 174 332 313 243 276 163 273 236 249 39 100 258 152 337
217 178 59 79 115 31 112 307 63 296 95 282 309 215 132 301 289 81 2 316 32 105 5 15 204 330 269 344 233 109 76 91 154 318 278 335 146 181 110 247 300 166 291
295 13 58 130 324 42 37 194 142 73 280 325 234 238 36 235 22 328 197 308 338 242 260 284 107 226 201 290 138 327 123 199 345 305 41 182 108 203 111 47 18
143 211 46 193 244 9 265 254 150 299 186 240 190 85 209 180 348 183 57 306 279 294 231 98 26 165 208 219 53 205 62 347 126 28 128 148 319 267
212 71 281 155 331 184 72 274 326 80 65 60 149 256 275 221 315 228 21 253 127 160 29 19 30 103 38 310 11 51 287 213 222
259 133 311 17 246 119 49 101 268 93 171 321 312 70 147 271 293 334 129 314 202 114 172 20 151 176 230 283 124 264 241 285 10 320 44 25 261
131 323 229 67 83 34 298 346 118 207 225 75 170 157 255 12 69 257 24 84 33 288 252 43 64 137 339 227 218 187 232 168 55 333 82 250 139
340 239 349 206 292 153 270 210 88 7 179 40 188 223 113 144 248 161 92 198 192 90 266
145 322 1 122 89 245 214 350 189 97 96 156 54 8 66 45 87 286 141 196 117 175
