151568
10
43 208 352 65 234 250 114 320 241 349 343 147 101 129 23 253 171 222 119 131 367 378 214 187 104 245 304 49
190 262 210 188 82 94 299 335 373 87 5 137 99 17 162 393 45 311 149 244 347 308 36 166 336 193 191 169 25 79 351 375 254 170 296 383
133 54 255 360 211 387 18 227 69 143 247 150 70 266 385 252 74 316 329 160 268 14 302 362 267 138 21 192 340 314 67 323 240 198 110 151 1 95 357 284 295 2 28
233 369 177 178 80 134 366 256 118 219 173 315 76 348 179 290 374 16 399 389 294 338 97 88 386 276 35 275 185 346 356 11 339 100 391 153 251 135 116 376 85 282 84 184 331 321
301 285 155 195 189 286 197 7 400 174 107 310 202 145 96 50 194 291 8 117 75 279 243 61 228 156 261 126 72 146 37 51 90 249 257 59 226 186 217 164 68 365 56 345 6 201 390 297 98 200 303 71 263
168 269 182 91 341 63 12 181 120 58 103 121 364 322 300 337 55 318 293 38 167 235 229 30 359 312 221 332 326 111 78 64 330 175 24 273 354 372 260 112 106 274 277 278 62 15 319 394 246
199 212 52 57 398 377 77 81 280 34 363 148 384 136 29 237 305 324 264 216 39 142 379 327 328 157 128 397 225 370 13 66 368 309 102 26 292 53 44 204 124 258 317 161 242 93 32 46 4 48
272 9 86 20 27 382 163 154 395 392 231 396 307 144 236 224 334 342 313 333 152 122 105 230 40 358 31 220 127 33 353 380 271 288 298 115 259 287 60 215
196 92 205 289 248 371 176 388 130 239 207 238 325 350 306 139 206 265 355 3 108 361 141 381 165 183 281 83
223 344 125 42 283 89 158 270 123 159 232 132 203 22 113 218 47 213 172 73 10 41 19 109 140 180 209
