202301
11
413 244 325 218 208 261 53 274 192 42 29 327 145 88 270 260 363 22 103 323 153 430 449 362 232 130 321 222 185 402 116 83 407
68 305 142 52 317 289 115 120 424 418 263 155 446 275 99 349 379 183 399 6 398 32 193 215 235 94 369 406 87 319 203 414 220 141 39 180 162 397
182 56 404 310 47 11 163 209 2 408 60 17 37 292 296 96 111 328 216 280 387 338 8 373 92 179 19 376 187 385 368 13 346 318 427 195 375 26 45 294 191 262 358 217 417 51 109 82 221 73
366 137 95 46 351 189 249 367 315 371 38 297 16 299 246 197 240 210 159 151 242 411 409 226 105 104 108 90 288 44 35 437 84 178 58 267 370 124 431 135 377 311 276 353 138 186 78 154 290 196 97 63
426 245 55 443 72 224 304 110 85 344 332 320 67 282 372 291 365 428 309 69 41 171 293 301 158 119 147 444 160 139 336 303 390 343 15 334 122 14 435 207 177 257 23 129 136 241 123
176 335 342 239 391 206 1 125 423 238 436 223 236 212 198 9 102 219 403 66 314 27 40 175 174 128 161 285 227 118 234 24 237 28 121 298 100 415 360 214 394 70 33 113 392 62
12 253 284 247 170 447 266 173 166 21 148 59 384 93 168 259 134 77 277 190 225 355 329 313 420 380 388 381 248 422 114 281 202 324 300 18 165 107 48 341 333 340 133 400 61 106 283 86 200
34 273 401 425 302 150 194 143 268 356 30 80 36 79 188 76 439 205 50 308 347 231 169 361 89 295 54 251 255 354 112 172 5 378 101 405 345 81 442 433 316 157 25 412 181 357 10 230 450 91 75
117 386 213 71 419 229 326 254 146 312 132 432 330 7 434 4 184 389 438 396 272 233 350 441 271 144 448 286 410 382 74
383 264 252 393 445 43 359 421 339 211 64 127 258 140 152 440 374 243 98 57 364 126 307 429 31 278 395 256
416 250 199 348 131 149 265 269 204 156 65 201 49 352 167 337 287 3 279 228 20 331 322 164 306
