223229
12
18 314 88 95 4 248 234 486 236 191 114 188 365 298 80 487 426 325 326 173 307 353 252 459 316 414 24 300 391 187 144 198 389 401 341 352 273 296 259 12 203 366 152 481 34 330
331 355 274 328 291 128 235 305 206 275 470 474 322 269 127 220 216 348 317 357 21 38 98 70 44 436 232 297 192 193 87 337 79 479 39 289 77 376 450 83 257 105 210 324 158 299 329 183
243 422 16 454 319 89 67 370 491 8 334 215 333 384 82 207 496 427 65 276 397 383 60 212 222 253 350 97 284 61 47 477 369 277 390 15 434 412 458 409 9 398 133 287 439 204 488 85 310
194 151 396 286 241 373 201 10 321 23 347 66 178 155 343 25 245 57 456 473 293 63 358 164 174 35 244 484 393 363 116 122 137 74 283 120 279 460 442 135 500 250 420 169 380
478 62 72 29 159 403 7 197 75 437 27 111 295 445 256 342 106 371 379 351 189 132 149 251 255 394 107 451 385 247 374 131 96 28 498 455 104 372 312 381 387 268 36 413 94 266 359 453 179 31 166
280 119 153 466 177 338 51 443 483 91 129 140 46 311 335 58 214 76 182 263 270 170 113 402 26 157 180 360 112 200 115 196 438 126 14 361 254 400 485 448 421 482 213 392 125 147 327 272 172 404 239 490 32 395 19
54 225 205 260 332 81 86 136 1 55 176 281 368 405 186 37 431 464 386 110 417 447 306 118 246 146 411 349 184 495 497 425 71 2 11 134 261 271 440 52 167 285 489 121
185 399 73 415 494 3 59 123 160 68 5 294 452 320 336 143 265 117 278 433 446 345 175 429 339 99 100 139 48 471 432 154 84 449 377 93 428 430 33 492 108 69 230 354
457 138 444 406 161 223 181 233 375 90 410 229 195 199 472 499 217 142 190 344 224 465 292 228 162 156 441 165 49 231 493 424 382 101 103 209 171 475 202 423 163 362 315
407 435 237 480 290 462 218 302 476 124 323 53 301 242 109 388 467 288 282 40 309 30 227 102 6 56
468 463 92 308 408 20 41 150 378 238 226 22 318 50 17 416 258 304 168 148 13 145 264 43 346
461 78 262 240 303 219 211 313 364 469 64 367 249 419 418 340 42 208 221 130 45 356 267 141
