77215
37
175 33 258 164 9 181 49 214 265 263 276 281 223 107
52 54 133 209 178 21 170 231 208
207 293 291 106 271 62 180 42 262
177 277 50 34 129 131 66 300 220
83 2 103 210 243 113 202 222
58 105 80 299 102 235 203 48 199 240 122 36 143 139 176 61 44 136 56
270 35 226 234 60 23
229 155 217 211
260 244 82 137 147
4 241 236 245 5 283 190 134 151 59
11 162 167 273 248 99 88 267 289 252 166 288 110 154 115 278
161 93 96 98 264 183 251 232 173 74 140
24 18 45 86 225 71 125
239 92 259 127 116 197 230 135 159 26
227 152 215 57 17 22 121 100
13 39 32 94 182 274 238 196 257 272 187
51 25 285 77 78 171 261 193 189 249 233 275 296 212
153 81 27 85 12 72 84 179 191 16
185 150 130 294 268 256 186 120 266 132 188 200
20 216 47 46 28
70 269 101 144 254 89 286
43 168 64 123 204 290 292
97 141 19 55 160 76 219 169 1
38 163 218 145 158 184 242 192 75
114 117 221 172 157 68 149 109 237 79
91 37 87 253 284 250 282 148 111 65
8 128 112 119 165 206 104
124 280 156 95 298 228 246
279 31 194 30 40 213
29 201 295 146
14 3 63 108 73
118 255 10 198
41 247 205
53 90 195 142 126
6 297 287
7 224 138 174
15 69 67
