216880
20
343 320 349 241 245 367 325 23 55 101 248 222 250 104 119 214 131 281 208 92
147 187 65 129 132 114 378 244 335 234 43 191 82 171 49 205 25 253 373 188
352 271 304 296 94 79 41 87 254 190 42 393 353 311 17 347 299 170 383 210
149 180 303 169 99 133 137 19 351 45 375 336 36 18 308 290 166 138 5 74
70 306 193 357 110 329 181 262 316 340 385 162 295 252 255 153 14 151 227 198
28 267 314 247 211 240 150 21 54 362 2 284 192 366 219 95 143 100 338 268
256 265 302 160 323 69 266 399 360 178 275 117 1 251 387 67 315 35 11 173
80 276 374 356 339 369 118 184 391 113 348 185 233 177 179 51 16 376 158 85
331 134 84 346 88 355 76 321 135 156 97 159 389 294 176 197 282 345 286 207
68 116 372 400 47 155 273 217 202 301 392 189 386 139 203 59 200 7 249 228
209 257 146 230 279 8 285 196 145 90 126 6 174 297 75 226 71 270 50 186
194 164 56 107 310 62 61 172 261 98 291 72 269 10 278 243 274 365 123 318
201 332 341 195 263 106 12 390 112 371 246 37 125 312 319 260 364 235 64 168
96 330 337 175 238 394 182 300 165 121 298 120 229 381 58 326 91 322 63 359
142 221 223 277 22 103 289 354 30 167 293 199 370 231 24 29 77 15 52 328
111 127 309 78 130 13 157 280 397 380 38 384 48 377 39 237 32 368 128 57
206 305 204 183 292 34 73 46 136 220 140 40 124 396 398 218 212 216 317 102
361 225 81 333 258 272 327 288 324 148 93 4 161 44 242 26 232 109 213 313
53 379 363 86 141 144 66 264 60 31 115 307 33 20 154 358 122 334 215 27
236 89 382 344 350 395 259 108 163 224 152 283 388 342 105 9 83 3 239 287
