321349
43
327 116 103 270 208 414 263 407 145 120 449 219 321
413 53 88 442 183
222 83 153 325 274 367 262 162 260 363 87 424
32 22 349 232 397 275 6 358 163
39 261 244 317 369 130 82 195 356 29
141 185 56 406 430 373 376 60 142
115 319 26 78 332
68 203 379 192 42 221 45 309 90 215 292 220 402 387 47 431 305
182 289 217 437 186 446 314 188 323 189 439
417 19 297 399 368 187 17
95 99 51 280 63 209 346
13 92 306 154 193 427 66 404 107
46 370 366 196 210 218 191 2 329 96 180 110 135 313 226 109 94
315 328 408 411 318 285 288 84 151 168 105 138 418 111 351 338 320 236 11 216 388 177
108 242 365 409 371 398 58 97 276 158 353 224 137 133 178 240 159 206
104 311 444 44 124 23
41 241 372 113 72 139 197 361
245 100 290 282 9 129 303 69 293 38 246 355 249 136 55 443 415 267 181
343 122 391 304 423 171 426 28 334 342 237 301 24 16 173 394 435
403 8 393 147 377 296 121 125 385 299 281 165
335 119 291 362 93
1 344 175 212 33 61 14 12 392 101 259 257 235 160 86
70 375 200 341 266 161 438 102
85 106 225 428 176 253 67 35 201 73 89
422 298 36 324 166 77 227 174 300 48 268 336 134 383 238 359 340
198 59 381 380 378 447 450 71 412 202 420 357 123 79
114 283 21 316 333 247 205 15 248 150 62 384
433 230 405 50 286 295 80 400 7 294
5 345 284 34 54 190 118 419 401
347 213 91 354 148 10 25 251 350 170 326 157 448 258 214
172 302 30 76 74 229 310
272 117 254 81 441 277 37 322 207 436 223
390 146 112 264 312 234 40 98 57 386 360 167
27 434 389 179 140 429 20 273 52
308 132 169 396 18 184 239 255 127 155 331 143
330 271 374 3 416 152 425 128 445 126 65
233 75 432 194 250 339 228 211 243
440 279 149 410 364 31 256 269 252
4 421 199 49 231 348
382 352 204 395 307 278
64 43 164 144
337 156 265 131
287
