179993
8
293 181 56 9 33 21 164 175 170 265 178 52 107 258 174 133 234 245 231 42 54 281 49 34 266 102 136 207 277 83 177 209 66 214 262 217 50 126 210 106 220 129 2 222 44 103 105 243 45 61 80 235 299 263 271 36 62 35 131 203 300 48 122 199 206 82 270 109 291 202 267 59 260 155 211 23 244 283 4 229 5 58 139 110 147 180 69 287 188 255 236 145 176 154 134 240 115 151 137 252 162 288 241 11 264 248 60 273 88 278 167 223 225 16 226 93 99 18 113 24 98 159 96 289 94 86 239 46 125 257 166 152 153 227 12 276 127 189 116 230 135 232 171 185 72 251 261 190 22 32 294 233 51 182 25 150 200 272 132 186 238 70 142 269 17 140 47 286 208 43 144 296 168 173 143 256 196 219 130 292 242 268 64 221 114 157 197 119 77 169 117 149 172 91 37 
161 73 259 141 40 274 215 14 100 183 74 26 92 247 31 81 148 57 285 121 39 192 179 224 205 78 193 216 111 13 20 89 297 108 84 71 29 85 191 275 28 290 249 27 212 101 76 282 87 158 187 163 250 184 284 65 253 68 298 
198 213 1 120 138 15 201 254 195 295 156 280 204 123 55 194 97 160 38 75 8 112 30 228 
79 63 146 41 67 3 19 165 237 246 104 
7 218 279 128 124 
53 90 118 
95 10 
6 
