319271
8
329 3 116 35 6 189 303 117 220 152 302 27 104 86 159 125 78 102 121 77 224 7 343 169 239 216 336 61 175 48 317 248 120 94 134 136 99 52 68 14 50 304 272 185 145 195 263 164 237 56 177 162 341 200 140 16 23 89 100 4 158 297 1 106 138 135 313 196 74 350 243 337 273 277 332 262 342 322 236 191 249 258 276 173 251 186 174 153 91 146 266 154 269 181 316 188 167 307 247 63 39 95 141 215 291 204 122 292 217 163 81 300 132 109 2 178 335 5 301 296 279 344 115 233 31 105 209 166 234 76 330 309 110 79 112 280 59 289 37 278 318 282 47 15 260 42 201 325 123 73 130 32 284 338 290 182 107 327 305 203 226 324 238 108 235 22 328 41 36 13 308 111 254 128 197 194 58 244 190 18 98 57 208 205 126 143 53 165 211 294 219 183 9 326 193 299 155 348 51 29 80 38 71 19 221 253 274 184 147 213 283 127 264 70 20 101 202 10 129 241 314 93 311 176 321 218 172 25 34 225 157 207 83 323 12 255 
199 87 345 11 113 334 142 66 214 295 286 275 242 180 150 26 210 92 198 306 28 223 265 144 267 245 148 319 46 85 231 45 156 212 62 310 347 240 72 256 60 228 315 65 103 331 222 21 149 281 287 30 119 259 320 285 17 151 261 124 312 33 24 118 168 137 64 55 75 
349 340 160 88 270 293 268 246 54 114 271 133 49 230 171 40 44 339 229 346 69 227 333 170 257 131 
96 252 8 90 206 250 298 161 187 232 
43 67 139 82 288 
97 179 
192 
84 
