351199
189
343 320 349 241 245 367 325 23 55 101 248 222 250 104 119 214 131 281 208 92 147 187 65 129 132 114 378 244 335 234 43 191 82 171 49 205 25 253 373 188 352 271 304 296 94 79 41 87 254 190 42 393 353 311 17 347 299 170 383 210 149 180 303 169 99 133 137 19 351 45 375 336 36 18 308 290 166 138 5 74 70 306 193 357 110 329 181 262 316 340 385 162 295 252 255 153 14 151 227 198 28 267 314 247 211 240 150 21 54 362 2 284 192 95 143 268 302 160 323 69 266 360 1 251 387 67 35 173 276 374 356 339 369 184 391 348 185 177 179 376 85 134 346 88 76 321 135 97 389 294 282 116 386 59 228 257 146 279 145 126 6 297 50 186 164 56 107 310 261 72 243 365 201 195 263 12 390 37 96 394 300 120 229 326 322 221 354 167 24 111 78 38 48 39 368 128 292 46 225 81 324 148 93 161 242 26 53 363 66 264 122 215 
366 
219 
100 
338 
256 
265 
399 
178 
275 
117 
315 
11 
80 
118 
113 
233 
51 
16 
158 
331 
84 
355 
156 
159 
176 
197 
345 
286 
207 
68 
372 
400 
47 
155 
273 
217 
202 
301 
392 
189 
139 
203 
200 
7 
249 
209 
230 
8 
285 
196 
90 
174 
75 
226 
71 
270 
194 
62 
61 
172 
98 
291 
269 
10 
278 
274 
123 
318 
332 
341 
106 
112 
371 
246 
125 
312 
319 
260 
364 
235 
64 
168 
330 
337 
175 
238 
182 
165 
121 
298 
381 
58 
91 
63 
359 
142 
223 
277 
22 
103 
289 
30 
293 
199 
370 
231 
29 
77 
15 
52 
328 
127 
309 
130 
13 
157 
280 
397 
380 
384 
377 
237 
32 
57 
206 
305 
204 
183 
34 
73 
136 
220 
140 
40 
124 
396 
398 
218 
212 
216 
317 
102 
361 
333 
258 
272 
327 
288 
4 
44 
232 
109 
213 
313 
379 
86 
141 
144 
60 
31 
115 
307 
33 
20 
154 
358 
334 
27 
236 
89 
382 
344 
350 
395 
259 
108 
163 
224 
152 
283 
388 
342 
105 
9 
83 
3 
239 
287 
