35953
17
13 46 92 44 59 133 128 18 70 51 73 38 36
114 107 142 42 82 33 132 71 16 93 143 85
109 47 8 37 110 141 111 29 86 45 112 60 104 35
55 145 43 34 122 140 14 17 125 78 144 27
81 6 48 32 69 72 53 67 139 65 149 108
64 77 105 39 131 24 123 101 57 115 103
9 120 119 135 12 56 97 99 116 130 75 91 30 49
84 124 54 20 106 23 138 3 25 96 136
4 102 150 87 5 40 21 1 80 127 63
15 58 2 61 79 41 26 19 68 100 50 95
98 137 7 10 121 11 66
117 62 31 147 22 134
88 52 76 129 118
126 28 94 74
83 146 113
89 148
90
