53040
28
200 127 156 49 99 123 143 98
12 83 168 131 50 70
72 180 148
185 134 119 175 194 136
113 88 61 77 152 102
76 184 147 163 8 95
183 22 157 10
18 125 192 4 129
124 31 78 128 29 3 24 87 122 84 80 137
58 160 172 107 195 120 17 5
188 94 167 33 112 138 20 56 32
74 43 146 48 130 82 35 116
106 7 39 42 75 150 28 105 60 34
68 55 173 176 86 140 162 179 81 97 1 89 90
159 154 142 45 91 37 170 121 118 52
165 23 144 25 117 111 44 51
190 71 108 114 109 2 181 178 171 197 191
63 21 13 6 198 15 187 59 126 19 141 9 14
96 11 115 67 38 16 135 36 133 177 79 182
145 104 69 193 101 196 40 132
199 41 110 153 155 53 62
158 30 151 100 54 166 64
46 169 139 103 161 66
65 57 93 149 85
186 174 27
73 164 47
189 26
92
