97626
26
190 116 115 75 126 192 211 55 169 184
37 71 160 158 241 151 185 74 79 179 156 203
121 52 198 159 244 1 155 38 128 12 56 15 176
20 136 50 11 87 3 208 119 18 197 114
164 161 247 95 183 68 168 17 53 154 222
245 129 5 194 209 106 4 26 93 138 195 62 7 30
24 103 29 60 111 140 63 86 163 181 44 153
152 224 67 14 146 170 212 59 157 10
187 66 231 141 137 118 189 127 131 147 177 249 69
142 134 76 132 65 199 61 97 78 200 228 40 72 89 96
250 2 6 82 167 229 23 174 105 117
102 27 45 42 145 235 191 101
64 172 125 41 80 98 180 49 242 207 148
201 213 239 233 232 130 246 204 21 47 25 112
104 57 51 48 210 110 218 237 175 223 94 46 205 236
120 216 173 108 36 171 73 85 77 206 92 9
238 58 227 16 123 166 196 162 43 182 135 234
226 215 240 22 33 81 143 84 39 100 221
139 144 225 90 178 31 91 193 122
99 133 243 202 248 70 150 165
83 35 230 28 113 219
220 188 109 217 149
13 107 124 32 214
54 8 34
88 19
186
