82626
59
181 56 265
21 164 175 234 9
170 178 33 293 258
52 107 34 54 245
231 42 102 133
49 262 266 214 207
50 217 136 277
209 129 106 210 83 220
2 177
243 281 103 222
61 80 45
235 299 105
263 271 44 62
131 203 36
300 48 122 202
82 270 199 291 35
267 59 229 244 211
260 155 283 58 4
264 110 137 236
145 139 180 147 188
151 154 240 60
11 134 278 167 273 162 248 115 241
225 18 223 288 96
176 99 252 226 16 93 125 98
88 24 289 113
159 215 46 94 189 141
239 166 152 100 183 92
40 86 161 81 276 32 257
179 26 227 148 153 285 192 116
190 12 13 251 135 78 57 127 232 193
182 294 230 200 171 20 261 111 185
71 85 72 256 89 191
22 272 233 84 51 150
142 39 275 25 132
208 238 249 17 70 196 186
286 269 47 290 143 173 43 168 29 140
144 212 27 296 101 1
204 28 76 219 79 38 163
158 119 120 242 221 64 268 259 130
292 237 123 19 117 157
165 187 197 114 77 282 279
149 87 112 68 169 65 284 298
8 172 246 250 37 228 91
253 30 75 160 53
213 184 104 218 156 31
128 55 97 198 280
108 124 118 14 224
10 95 255 194 295
73 121 90 63 201
274 23 216 254
41 195 205 15
297 3 206
146 5 126
7 74 247
67 174
66 138
109 69
287
6
