142738
60
3 116 329 303
35 6 125 152 86
302 104 102 78 121 220
27 317 169 185 304
61 68 120 136 216 224
159 134 52 341 94
77 14 4 272 200 164
162 263 195 50 276 277 336 74
343 297 99 273 258 313 56 135
23 177 106 173 16
332 100 236 48
249 140 191 262 158 91 251
337 237 301 342 316 39 105 174 154
163 132 215 330 291 115 181
167 95 15 307 247 269
31 243 110 300 296 233 344 2
5 81 204 178 76 109
63 282 335 309 217
289 37 166 194 318 278
112 199
42 59 79 123 22
327 47 201 260 73 32
345 182 290 338 279 107 203
53 226 324 108 238 41 58 280 130 242
325 235 328
142 111 308 305 13
254 36 284 197 244 295
28 306 128 26 98
18 208 57 205 190 150 143 38 126
265 85 148 267 211 234
347 65 299 155 219 212 183 231 319 193
240 9 71 315 165 80
326 294 228
348 19 51 60 222 46 29
310 287 331 256
62 281 253 221 283 184 149 21
268 293 285 274 30 246
320 168 119 10 202 93 147 129 151 213
70 127 180 259
264 20 223 103
44 172 17 261 72 271 241 124 170 321
157 314 186 311 24 137 298 101 312 84 218 114
33 118 225 176 171 34 257 69 207 83
323 75 49 131 67 25 64 255 227
187 43 232 12 346 55
333 340 179 88 250 209 11
252 239 153 82 229 139
146 339 230 138 1 275
160 188 286 206 133 92
161 90 189 45 196
40 87 266 334 292
210 192 270 113 288
7 145 141 245
89 156 322
198 54 248 349
144 97 214
122 96
175 8
117 350
66
