156941
87
320 349 378 129 241 131
245 367 343
23 335 383
250 104
147 187
114 43
188 352 214 49 191 36 55 101
271 208 171 253 82
296 393 234 119 336 311 304 244
373 87 205
347 18 193 70 267 303 25
210 149 299 94 17
133 137 45 254 308
375 222 79 166 351 95 74 150 227 190
5 170
340 268 357 262
385 162 14 329 160
295 316 284 169
247 211 151 138 255 314
240 177 323 54 28 69
2 362 21 192
135 143 185 110 302 198
338 1 360 97 279
399 99 266
251 387 67 282
35 219 179 178
356 339 376 11 80
369 276 374 134
184 391 389 107
348 65 16 252
85 84 76 315
331 173 290 6 88
346 118 51 153 146 294
321 164 366 116 155 117 72 197 261
156 100 275 61 386
200 257 228 186
68 297 39 286 310 50 7 90
301 285 145 249 243 167
337 75 400 233 56 71
202 345 126 59
274 120 98 174 201
37 62 269 189
332 365 390 175 181
194 263 326 291 195 354
112 226 217
246 242 277 58 96 256 364 15
168 394 221 330
12 300 24 278 312 111 235
182 121 353
322 63 91
318 359 46 128 78 225 8 229
260 30 324 38 258 64 293
397 103 106 199 81
161 309 384 319 328 122 237 368
280 292 26 305 370 29
264 32 396 124 157 34
136 57 148 93 317 142 363
212 398 86
341 53 379 102 382 215 115 4 342 44 259 66
77 381 27 333 307 204
236 60 31 152
216 287 327 377 52
40 371 358 395 380 48
20 33 224 141 9
13 334 105 127 163
388 272 230 313
239 207 130 3
350 144 361
231 206 183 392
372 176 306
281 165
288 248 283 83
273 154 232
109 108 180 159
209 19 325 298
213 289 41 92
220 265 22
355 123 218 344
139 238 203
10 140 42
73 223
113 196
158 172
89 47
132
125
270
