279471
41
327 116 103 407 218 153 145 83 260 130 270 449 274 317 437 261 325
42 321 399 94 413 424 430 323 195 192 29 53 222 162
208 88 244 193 185 232
87 402 363 275 414 319 115
180 220 142 349 406 155 6 289 369 235 418 252 262
387 209 373 368 263 241 215 203 183 32 51 318 217 280 37
26 376 163 296 68 292 446 109 47 305 39 346
191 19 187 96 179 120 141 92 397 56 221 408 375 328 385 82
362 398 41 310 417 13 95 216 135 427 338 111 370 99 178
22 358 182 294 60 189 2 196 38 431 224 404
52 46 8 366 44 377 11
154 285 297 288 367 105 229 138 84 108 290 299 210
249 97 379 242 226 129 240 137 45 198 353 372 409 70 365
276 23 311 315 33 124 35 58 113 128
63 411 246 110 159 343
320 267 186 371 426 392 304 90 344 122 104 78 291 435 197 298 212 160 77 72
336 151 351 69 444 158 55 394 301 334 309 219 15 136 177 119
423 335 443 139 282 16 206 171 147 257 403 174 214 102 342 360
245 332 293 134 85 207 422 173 239 62 118 14 347 436 166
281 391 170 24 190 106 66 234 303 202 100 93
238 61 125 121 28 176 341 447 253 236 48 266 314
428 168 161 227 40 123 36 420 107 21 283 400 157
324 27 1 150 268 357 251 114 248 34
165 259 133 247 200 9 384 10 433 230 169 333 30
329 316 302 355 388 354 386 225 143 401
313 76 380 80 381 181 54 81 450 231 284 12
237 442 254 295 378 300 412 277 5 194 361 205
59 345 175 89 405 213 172 86 272 101 356 439 184
112 419 223 74 25 18 7 393 273 350 308 312 448 432
425 148 75 91 438 50 146 73 390 127 389 67
79 396 144 374 279 271 3 152 441 322 340 17
415 307 445 326 250 434 286 132 4 243
211 359 395 258 330 410 382 306 287 339
278 416 20 126 71 140 364 337
188 64 383 117 421 440 264
233 201 352 255 228 199 98 57
256 348 149 167 331 156
429 65 31
43 131 269 265
164 204
49
