327181
56
133 144 326 486 244 220 259 234 366
236 203 426 273 34 241 24 95 299 307 334 191
341 481 12 459 300 348 289 401 187 245 21 487 325 57
314 206 252 39 173 198 291
18 88 353 329 298 152 352 355 120 178
389 296 87 376 193 450 79 80 479 470 414 317
151 47 365 70 31 188 391 498 269
330 216 488 248 322 158 192 328 253 82 331 61 474
127 305 319 38 67 44
316 4 16 210 324 128 235 337 183 232 279 77 83 122 257 491 207 383
357 422 310 274 222 105 369 384 74
295 427 458 370 390 398 89 212 284 251 66 420 373 97
412 8 276 85 454 15 397 350
119 65 204 174 35 275
287 409 155 250 23 201 347 445
114 358 442 10 333 286 434 215 116 396
439 147 243 403 194 342 451 197 477 169 473 460
25 436 137 9 393 453 164 297 7 255 496 135 96
413 293 379 484 98 189 104 363 179 387 266 186 371
456 343 106 312 380
111 374 28 29 46 256 351
27 94 247 268 394
277 500 177 335 385 59 415 372
75 455 159 478 490 14 466 107
483 170 134 112 115 338 421 76 283 495
36 433 200 214 62 360 113 321 485 166 32
313 448 213 280 306 437 19 254 239
196 60 157 153 361 146 51 52 140 489
443 400 424 172 392 411 272 417 125 161 26
180 131 182 129 327 395 84 402 285 69
449 386 71 2 263 482 336 55 430 447 271
281 311 438 425 176 368 410 136 404 261
110 246 91 471 121 54 48 81 405 229 431 332 160 86 181
345 33 452 265 464 225 429 143 406 339
100 123 185 294 99 11 205 175 73
154 492 399 184 499 233 223
190 37 68 320 278 1 237 382 117
344 377 3 260 5 230 108 375 446 465 138 142 118 90 49 423 354
444 228 462 132 93 290 163 231 195 162 441 378
494 50 362 315 139 165 167 63
440 30 202 364 497 224 493 302 416 467
72 209 199 53 217 156 171 101 145 323 264
349 309 428 149 468 124 42
292 58 381 476 432 103 102 270 109
457 359 472 408 221 346 475 13 418
304 22 463 130 318 6 340 480 282
227 242 17 267 43 226 388 258
461 141 78 435 288 56 41
249 40 308 20 126
367 238 168 419 218 303
301 45 469
356 262 407 150
92 208
148 64
240 211
219
